eletrode_1,eletrode_2,eletrode_3,eletrode_4,eletrode_5
0.0004835052241105586,1.4173222552926745e-05,-0.00022670236648991704,0.000457770423963666,0.0005914693465456368
0.000340615602908656,5.428917211247608e-05,-0.000262920482782647,0.00046063098125159735,0.0006219950737431644
0.00034296311787329614,0.00010011036647483706,-0.000454741413705051,0.00026935592177323997,0.0002611944801174104
0.00020001540542580187,-1.4435400771617425e-05,-0.0004482106596697122,0.00020094780484214425,0.00018927434575743973
0.0002123153826687485,-9.323640551883729e-05,-0.0005033716442994773,0.00012116612197132781,-7.054895831970498e-05
0.0005527499597519637,-7.154304057621629e-06,-0.0005316327442415059,0.00012837267422582954,-0.00010928742995020002
0.00048769681598059833,-5.786443125543883e-06,-0.00034343177685514087,0.00034543307265266776,0.00019768426136579362
0.00018368127348367125,-0.00012274384789634496,-0.00037525483639910817,0.0002319420309504494,0.00016866570513229817
0.00020074209896847608,-7.480897329514846e-05,-0.0005139379645697774,0.00011043557606171817,-6.130877591203898e-05
0.0002829886798281222,3.2120500691235065e-05,-0.0005205160705372691,0.00011292067938484253,-6.65070692775771e-05
0.0005877138464711608,0.00010617621592245996,-0.0002231256221421063,0.0004956715274602175,0.0002652383409440517
0.0005878901574760674,0.0001471241703256965,-0.00012023176532238723,0.0006770282634533943,0.0007718992419540883
0.00035005225799977785,6.425620813388376e-05,-0.00038129996391944587,0.00040933492709882563,0.0005513809155672789
0.00038496294291689987,-4.539799556368962e-05,-0.0003614242887124419,0.0003340170078445226,0.00037504380452446634
0.00032535154605284333,2.574386599007994e-05,-0.00038097985088825226,0.00031140694045461714,0.00035537569783627987
0.00041588753811083723,0.00016588933067396283,-0.0004278653068467975,0.00036264589289203286,0.00041697351844049985
0.000350736576365307,0.00016439401952084154,-0.00043776878737844527,0.0003556657466106117,0.0004798604059033097
0.00023614094243384898,5.050820982432924e-05,-0.0005378946661949158,0.0001883800869109109,0.00022932050342205912
0.00035370263503864413,6.74988841637969e-05,-0.0005085981101728977,0.00024957209825515747,0.00028145289979875093
0.0002766026300378144,0.00010493404988665134,-0.0005334038287401199,0.0002447504084557295,0.00027673694421537215
0.00013013332500122488,-3.9889106119517244e-05,-0.0005042965058237313,0.00015845612506382167,0.0001416849700035527
0.00016663134738337249,-0.00010948265116894618,-0.0004871534474659711,0.00012101371976314111,-4.741243901662529e-05
0.00020276418945286423,-7.208575698314235e-05,-0.000477017107186839,0.00015911164518911391,-0.00010058466432383284
0.0001889455888886005,-7.40307368687354e-05,-0.00042101228609681135,0.0001747994392644614,-9.86679006018676e-05
0.00018749103765003383,-9.10596500034444e-05,-0.00040561484638601536,0.00019060900376643986,-1.791378963389434e-05
0.00013580502127297225,-0.00013440189650282264,-0.0003904789919033647,0.0001734064280753955,8.858778892317787e-05
0.00035862403456121683,-0.0001134967606049031,-0.0003921838069800288,0.00024340221716556695,0.00016856394358910618
0.0006807112949900329,0.0001233945949934423,-0.0005621635937131941,0.00029087942675687367,-0.0002472173364367336
0.0006342937122099103,0.00012143607455072924,-0.00029710185481235385,0.0005582587327808142,0.00042500728159211576
0.0004342512402217835,8.604385948274285e-05,-0.0003770036564674229,0.00044533758773468435,0.0004043087828904391
0.00041547711589373654,0.00014722220657859,-0.00042847960139624764,0.00038340134778991336,0.000420102383941412
0.00019460414478089658,-2.0533458155114207e-05,-0.00045575658441521233,0.00025813328102231026,0.00027703188243322074
0.0002138720010407269,-8.21129433461465e-05,-0.0005569094209931791,7.109963917173445e-05,-0.00014560633280780166
0.0005630154046230017,9.354903158964588e-05,-0.00043609741260297596,0.0003788541653193533,0.0002170962397940457
0.0005170885124243796,0.00024305396073032168,-0.0003818656550720334,0.0005454044439829887,0.0005314746522344649
0.0003320752002764493,0.00019015310681425038,-0.0005074373912066221,0.00038015106110833596,0.00040642404928803444
0.00019868406525347382,1.1964036730205407e-06,-0.0005041926633566618,0.00021862935682293028,0.00029828725382685667
0.0003683771356008947,-4.266274117981084e-05,-0.0005271442350931466,0.00013992974709253758,-6.640695210080594e-05
0.00028891791589558125,-5.819433499709704e-05,-0.0004230773192830384,0.00023104919819161293,1.6310201317537576e-05
0.0002004681882681325,-6.323736306512728e-05,-0.000385241350159049,0.0001963984686881304,4.86161798107787e-06
0.0003853730158880353,-1.4157500118017193e-05,-0.0005325413658283651,0.0001237844844581559,-6.930634845048188e-05
0.00036108974018134177,-5.940824485151097e-05,-0.00041064782999455934,0.00023578773834742608,0.0001176762962131761
0.0004947869456373155,0.0002583648893050849,-0.0004297507402952761,0.0005550585337914526,0.0005989098572172225
0.0004360434832051397,0.0003159587213303894,-0.00043213643948547537,0.0005688574747182429,0.0006174913141876459
0.0001913086889544502,2.319363829883514e-06,-0.0005127027980051935,0.000221165842958726,0.00023971636255737397
0.0005162847810424863,-6.377263343892992e-05,-0.0005421822424978019,3.115594881819561e-05,-9.720126399770379e-05
0.0005771528813056648,9.128903911914676e-05,-0.0002671732800081372,0.0005189763614907862,0.0005764821544289589
0.0003467877686489373,8.890694152796641e-05,-0.0002934055810328573,0.0005045050056651236,0.0005806099507026374
0.00035833645961247385,-1.0500266398594247e-05,-0.0005447510629892348,0.00014526084123644978,0.00012130178220104426
0.0004730220534838736,0.00016227219020947814,-0.00046569257392548025,0.00040445118793286383,0.0003011644002981484
0.000372888200217858,0.00016191390750464052,-0.0004018697363790125,0.0004491764993872493,0.00040615934995003045
0.0001792528637452051,-4.012683348264545e-05,-0.00046686938730999833,0.0002238041051896289,0.00022053378052078187
0.0001941216760315001,-0.00010464374645380305,-0.0005247932858765125,8.651689131511374e-05,-5.5569405958522104e-05
0.00023235997650772333,-3.2088450097944594e-05,-0.0005916884983889759,6.1005463066976524e-05,-0.000194578169612214
0.00018322974210605025,-6.646416295552626e-05,-0.000522356538567692,9.033712558448316e-05,-5.639113442157395e-05
0.00012945910566486418,-0.00011464574345154688,-0.00042708797263912857,0.00019729021005332467,0.000165397665114142
0.0004589277668856084,6.979956378927453e-05,-0.0004250026831869036,0.0002445839636493474,0.0002328810951439664
0.0005452726036310196,3.778989412239753e-05,-0.00040570856072008615,0.00028855030541308224,-1.1080473086622078e-05
0.0004037644830532372,-2.279616819578223e-05,-0.00035819612094201153,0.0003111047553829849,0.00010646288137650116
0.00029780642944388086,-7.178974101407222e-06,-0.0004011029086541385,0.00014168486814014614,8.190017251763493e-05
0.0003299831878393888,0.00028131800354458386,-0.0007002968923188746,0.00017588521586731076,-0.00014148754416964948
0.0006637405604124068,0.0001745601475704461,-7.195048237917946e-05,0.000461976247606799,0.0004936576588079333
0.0006395771051757038,-2.5348537747049704e-05,-8.104780135909095e-05,0.0004943753592669964,0.0005878568044863641
0.00033824300044216216,-8.391873416258022e-05,-0.00034810981014743453,0.00029092293698340654,0.0003601435746531933
0.0004899154882878065,-8.279781468445435e-05,-0.0005471890326589347,5.412847167463042e-05,-3.131148696411401e-05
0.0006555652944371103,0.000209443925996311,-0.00034386632614769036,0.0005500340485014021,0.0005463563720695673
0.0004572100006043911,0.0001549164007883519,-0.0003409885393921286,0.0005423720576800406,0.0005609655636362731
0.000381618709070608,3.5187247704016045e-05,-0.0005919676041230558,0.00013418348680716008,3.0686504032928497e-05
0.00038376555312424904,1.4981581443862524e-05,-0.0004708556807599962,0.0002119658311130479,0.00012951885582879186
0.0003723599074874073,2.7548219804884862e-05,-0.0003917632275260985,0.00031048074015416205,0.00029765875660814345
0.00036724153324030334,2.4017790565267205e-05,-0.00048700533807277685,0.00022898198221810162,0.00018521075253374875
0.00029917235951870685,3.437682607909664e-06,-0.00045232046977616847,0.00024833666975609964,0.00019465433433651924
0.0003837565891444683,1.9309807612444274e-05,-0.0004926053225062789,0.00011517130769789222,3.564394864952192e-05
0.0005107303149998188,3.5964298149337985e-05,-0.0003428137570153922,0.0004202118143439293,0.00040965521475300193
0.0004120747616980225,7.004402868915349e-05,-0.00032852316508069634,0.00043867365457117563,0.00045083023724146193
0.00035166993620805437,1.5074302609718869e-05,-0.0005559648270718753,0.00015734815679024905,0.00015824896399863064
0.00029462145175784826,-3.37728088197764e-05,-0.00041737849824130535,0.0002270013210363686,8.243008051067592e-05
0.00024054375535342842,-9.171864803647622e-05,-0.00042516223038546736,0.00017487951845396307,3.388652112334967e-05
0.00019338709535077212,-7.847749657230452e-05,-0.0005217894213274121,9.011313522933052e-05,-7.592996553285047e-05
0.00018984064809046686,-9.156774467555806e-05,-0.0004343846812844277,0.00014258292503654957,9.562256309436634e-05
0.00021994757116772237,-4.2672723793657497e-05,-0.00038066963315941393,0.0002638367877807468,0.00030198675813153386
0.0004613349447026849,3.3985223126364865e-05,-0.00040029370575211937,0.000251584715442732,0.00028624534024856985
0.0008262886549346149,6.988592213019729e-05,-0.00032280434970743954,0.00046919652959331865,0.00012086131755495444
0.0007541177328675985,0.00012629236152861267,-0.0002500112750567496,0.0005767567199654878,0.0004204859142191708
0.0003571723063942045,1.573720874148421e-05,-0.0003865136532112956,0.0003199339262209833,0.0003159285115543753
0.00020299364405218515,-0.00014173601812217382,-0.00047358046867884696,7.130564335966483e-05,2.458956987538841e-05
0.00033113337121903896,3.868808562401682e-05,-0.00044116054777987307,0.0002547982148826123,0.00024793599732220173
0.0007084001554176211,8.660348248668015e-05,-0.0005142611335031688,0.0001914832682814449,0.00016211096954066306
0.0006470881635323168,0.00013559330545831472,-0.000321836763760075,0.00046605142415501183,0.0003623128577601165
0.0002817531058099121,4.2628755181794986e-05,-0.0003698758082464337,0.0003600957861635834,0.00029720639577135444
0.00018789578462019563,-0.00013503921218216422,-0.0004716425610240549,8.751876157475635e-05,3.5133169149048626e-05
0.0001430345437256619,-0.0001398429594701156,-0.0003291413013357669,0.0002192379324696958,0.00026607164181768894
0.0005136850522831082,0.000207175180548802,-0.00028403595206327736,0.00033312811865471303,0.00038864774978719646
0.0006220990908332169,0.00019154461915604767,-0.0004326758498791605,0.00033242042991332715,1.4543566067004575e-05
0.0004638456739485264,2.7151822905580048e-06,-0.0003356162051204592,0.0003428705094847828,0.0001566169667057693
0.0002569344942457974,-8.379943756153807e-05,-0.0003959070309065282,0.00020087655866518617,0.00013100220530759543
0.00023701836471445856,-5.019597665523179e-05,-0.0004121256351936609,0.00019695424998644742,0.00024002719146665186
0.00021363591076806188,-0.00013061417848803103,-0.00031836886773817236,0.00023047276772558692,0.00032047089189291
0.00023505369608756157,-0.00013236583617981523,-0.0002742086071521044,0.00031209454755298793,0.0003693510370794684
0.00031257135560736066,-3.2800551707623526e-05,-0.0002694523718673736,0.000390567845897749,0.0003993852296844125
0.0003182744258083403,1.9342114683240645e-05,-0.00023912655888125298,0.000452159671112895,0.00047553700278513134
0.0003586099192034453,-1.4335611012938898e-05,-0.0003837002150248736,0.00029660019208677113,0.00029583487776108086
0.00037757743848487735,-2.450378087814897e-05,-0.00043002594611607487,0.0002351854491280392,0.00019118443015031522
0.0003718333027791232,-2.9861432267352942e-05,-0.00043221566011197865,0.00023968901950865987,0.00017676848801784217
0.00036295028985477984,-3.3979391446337104e-05,-0.00042976372060365975,0.00022745833848603067,0.00014743856445420533
0.000368058739695698,-1.3886431588616688e-05,-0.00044957397039979696,0.00021461908181663603,0.00012874027015641332
0.0003944200288970024,-1.2379715371935166e-05,-0.00019579904619604352,0.00040724329301156093,0.0004984962288290262
0.0005173934623599051,0.00030830854666419327,-0.00039680223562754685,0.00032791774719953537,0.0004130461311433464
0.0006804590229876338,0.00027862360002472997,-0.0009445007890462876,-0.000227520358748734,-0.0008659655577503145
0.0007374604465439916,0.00010916834435192867,-0.00043274299241602415,0.00040973647264763713,3.804685184150003e-05
0.0005945893935859202,0.00011268589878454804,-0.0003807733592111617,0.000445680198026821,0.0002648183435667306
0.0003866037877742201,2.8972084692213684e-05,-0.00044144666753709316,0.000287460075924173,0.00022436487779486924
0.00027804760611616075,-4.0401122532784946e-05,-0.000421638076659292,0.00018933760293293744,0.00013558115460909906
0.00019017525482922792,-0.00010250196646666153,-0.0003116381703875959,0.0002878286177292466,0.00032969476887956267
0.0006389573682099581,3.3221753255929805e-05,-0.000324235181324184,0.0003473272663541138,0.00038926195702515537
0.0007080521900206803,6.658117490587756e-05,-0.00046554286382161086,0.0003039392177015543,9.163841605186462e-05
0.0005163986934348942,6.198672053869815e-05,-0.0004344132903497666,0.000330171431414783,0.00018801096302922812
0.0004426611994858831,0.00010469122207723558,-0.0004577527579385787,0.00019532865553628653,0.0001160516039817594
0.0005769418785348536,9.259813668904826e-05,-0.0003351159393787384,0.0004737933340948075,0.00038689965731464326
0.0005326668615452945,0.00010980255319736898,-0.00029110576724633574,0.0005149964126758277,0.0004940197104588151
0.00030854210490360856,7.590582754346542e-06,-0.0004261517897248268,0.00031256774673238397,0.0003387150063645094
0.0002405218547210097,-5.2348579629324377e-05,-0.0005079733091406523,0.0001074540996341966,2.5143413949990645e-05
0.00023718367447145283,-6.547435623360798e-05,-0.00046017960994504387,0.00015297275967895985,3.7635036278516054e-05
0.00022975578031037003,-0.00010685721645131707,-0.00040139537304639816,0.00017682189354673028,0.00016574241453781724
0.00017104946891777217,-9.74240610958077e-05,-0.0003453937824815512,0.00021889864001423118,0.00026899098884314304
0.00017292314441874623,-0.00010291773651260884,-0.0003362424322403968,0.0002354038588237017,0.00028936570743098855
0.00022285045997705308,-0.00010205821308773011,-0.0003442581801209599,0.00023322903143707666,0.0002804531541187316
0.00020091763872187582,-0.00010881230264203624,-0.0003573641006369144,0.00023892443277873102,0.00023005175171419975
0.0004453348810784519,0.00029645801987499,-0.00035941784153692424,0.0005224647466093302,0.0005459172534756362
0.0010817415313795211,0.00024388657766394323,-0.0006010831566527486,0.00038217092514969414,0.00035855398164130753
0.0010753555689007044,9.4437797088176e-05,-0.0005280267796479166,0.000285260408418253,-6.040050720912405e-05
0.0006414999952539803,0.00014991438365541399,-0.0005420385277830063,0.0002821664384100586,4.1963012336054824e-05
0.0004382073238957673,0.00015704374527558684,-0.00046059279702603817,0.00033271207939833397,0.00014756419113837185
0.00031752165523357684,2.1865900635020807e-05,-0.0004640704719349742,0.00024137336004059762,0.00014234216359909624
0.0002040702529484406,-9.175467130262403e-05,-0.0003651427396107465,0.0002254769788123667,0.00021671057038474828
0.00012943724868819118,-0.00010489198757568374,-0.00029271357925608754,0.0002490718325134367,0.0002971431822516024
0.0001220788835780695,-0.000131275097373873,-0.00030097638955339784,0.00024517683777958155,0.0003034435212612152
0.00022136203187983486,4.158049341640435e-05,-0.00034658468212001026,0.0003830845525953919,0.0003832683141808957
0.00028913459391333163,-2.208921796409413e-05,-0.00039164870395325124,0.00031139678321778774,0.0003338610113132745
0.00030367332510650163,-5.3034073062008254e-05,-0.0004494889581110328,0.00019305360910948369,0.0001347151555819437
0.00033664196962490683,-2.051054616458714e-05,-0.0004642846470233053,0.00020708153897430748,0.0001427931129001081
0.00034493161365389824,-4.347106369095855e-05,-0.0004816973232664168,0.00017724154167808592,9.279904043069108e-05
0.00040388948400504887,0.00014124769950285554,-0.0004307318304199725,0.0003988313546869904,0.0003578035393729806
0.0006695869960822165,0.00010410865070298314,-0.0004572947800625116,0.0003771531628444791,0.0003466049674898386
0.0007451417041011156,-5.8359408285468824e-05,-0.0007203163113445044,-5.3857595048611984e-05,-0.0003943554766010493
0.0006548297824338077,-6.894847501826007e-07,-0.0005392341408878566,0.0001845782971940935,-1.4023723451828118e-05
0.00047590417671017354,0.00015458730922546238,-0.0005699188332073389,0.0002090042980853468,-5.3033963922644026e-06
0.0005217012367211282,0.0001223042927449569,-0.00038946268614381546,0.0004321576561778784,0.00024835625663399696
0.0004342301399447024,6.201789801707491e-05,-0.00035439306520856917,0.0004284385940991342,0.0003324131539557129
0.0002364833926549181,-1.5386398445116356e-05,-0.00038673760718666017,0.0002888641902245581,0.00026750745018944144
0.00015046680346131322,-7.506115071009845e-05,-0.00034953097929246724,0.000291275413474068,0.00032704236218705773
0.0004605954163707793,5.185702775634127e-06,-0.00034248590236529713,0.00034842686727643013,0.0003761621774174273
0.0005568630294874309,-1.0559402653598227e-05,-0.0006228320416994393,9.948394290404394e-05,-6.164974911371246e-05
0.0006237238412722945,8.396969496970996e-05,-0.0006159929325804113,0.00021812610793858767,-5.756335212936392e-06
0.0005591879598796368,0.00011167069169459863,-0.0004988769069314003,0.0003030242514796555,0.00015756521315779537
0.00033783697290346026,3.5271394153824076e-05,-0.0004836296429857612,0.00023273426631931216,0.0001225505402544513
0.0002275034785270691,-7.181455293903127e-05,-0.0004776041023433209,0.00013558237696997819,6.479005241999403e-05
0.0002205627242801711,-4.9788392061600455e-05,-0.00039692746941000223,0.00023455408518202603,0.00019757171685341743
0.000240042238146998,4.247198376106098e-05,-0.0002771294093690813,0.00048700161278247833,0.000508078490383923
0.0007305564358830452,0.00020976687665097413,-0.0003063659241888672,0.0005010073655284941,0.000528763746842742
0.0008276565349660814,0.0001168196031358093,-0.0004314712423365563,0.00044055454782210285,0.00015345377323683349
0.0006200963398441672,0.00013594764459412545,-0.00039223895873874426,0.00046346191084012384,0.00025615812046453357
0.00027840808616019785,-5.243919804343022e-05,-0.00044562018592841923,0.0002370556467212737,0.00016828534717205912
0.00021145425853319463,-9.574901196174324e-05,-0.0004391715629026294,0.0001234429219039157,9.542133921058847e-05
0.00017470667080488056,-0.00011161882866872476,-0.00034750477061606944,0.0002152920642402023,0.00024995827698148787
0.00019673776114359498,-4.4442647777032114e-05,-0.0003253058239351958,0.0003196305187884718,0.00033049145713448524
0.0002697328745853156,2.526619573472999e-05,-0.00034019685699604446,0.00035030068829655647,0.0003625541867222637
0.00032912928145378833,4.408372478792444e-05,-0.0002873194462154061,0.0004287973861210048,0.0004352431860752404
0.0003871788794640452,-3.040144292754121e-05,-0.00031168115674518054,0.00034431749372743065,0.00036129140062257653
0.00047116103814914817,3.889931394951418e-05,-0.0007259343983605504,-4.196051668259315e-05,-6.711575406370685e-05
0.00046097586164250964,2.6933488697977733e-05,-0.0005714466678909957,0.00012353333295322957,-4.2889067117357627e-05
0.0003491658717393875,-4.0645489207236096e-05,-0.0003764195134863258,0.00023978715762495997,0.00019072144641540945
0.0003240231890231371,-6.196901085786521e-05,-0.0002943550061900169,0.0003214303287677467,0.00029141583945602184
0.0003101234324276448,-6.507630314445123e-05,-0.0002781221701297909,0.0003366305318195373,0.00030978472204878926
0.00033924964372999966,-5.7919347455026575e-05,-0.00033841715776361525,0.0002972381771542132,0.0002665102947503329
0.000364549458026886,-3.0121726013021547e-05,-0.000388054846553132,0.0002522571594454348,0.00019443339260760692
0.0003740995598491281,-2.9427501431200647e-05,-0.00042876868974417453,0.00022244457795750352,0.00013794048572890458
0.00038040999788790936,-4.5583274186355986e-05,-0.0004664401349145919,0.00018605339573696256,0.00011102708231192082
0.0003800934937316924,-5.416588101070374e-05,-0.0004860268381889909,0.00018348557932768014,7.523412932641804e-05
0.0004005099181085825,-5.502943167812191e-06,-0.00048087499453686183,0.00021434349764604121,0.00011621950397966431
0.0004149469605181366,5.572214286075904e-05,-0.000452872016467154,0.00026068612351082265,0.00018231927242595702
0.0004208027385175228,3.440530053921975e-05,-0.00047807453665882354,0.00023272338148672134,0.00012934842379763722
0.0003927773796021937,2.6545440050540492e-05,-0.0004964298568665981,0.00019424386846367267,8.868633449310437e-05
0.0004127623105887324,-2.9499871743610132e-05,-0.0004591068718582392,0.0001919457281474024,8.821843948680907e-05
0.0004229239129927009,4.521660684986273e-06,-0.0005252627306617796,0.00017716779257170856,8.91003364813514e-05
0.0004279716813471168,-1.7390193534083664e-06,-0.0005406415439210832,0.00016111622971948234,2.5431683752685785e-05
0.00041680716094560916,7.610230568388942e-06,-0.0005161607405170798,0.00017537787789478898,5.251050242804922e-05
0.0004320369043853134,4.331598404405668e-07,-0.0004479472700040788,0.00021415657829493284,9.32913535507396e-05
0.00047097029164433474,6.675636541331187e-05,-0.0005147752235643567,0.00022936688037589195,0.00011712504783645271
0.0004109681176487357,3.086187643930316e-05,-0.0005290257395245135,0.0002016176877077669,8.021327812457457e-05
0.00041353554115630686,1.6559886717004698e-05,-0.0005019758827984333,0.0001908070989884436,7.760768494335935e-05
0.00040353878284804523,3.014931280631572e-06,-0.0005210485542193055,0.00016345761832781136,4.053329394082539e-05
0.00044776790309697384,1.929338850459317e-06,-0.0005462339613586664,0.00017390523862559348,4.306788832764141e-05
0.0004033433215226978,4.278652340872213e-06,-0.0005336020258255303,0.0001834613794926554,6.43964231130667e-05
0.0004934167955070733,0.00025045478832907975,-0.00020837772171944383,0.0007362261530943215,0.0007475729798898102
0.0004639860708266497,0.00021028728224337098,-0.0002950160996988416,0.0006364232976920903,0.00069029739825055
0.0003536465228535235,-7.227548485388979e-05,-0.0005560341523960234,5.587166015175171e-05,-9.515508168078669e-07
0.0003031999222002924,-6.2987397541292e-05,-0.00048601278103888035,0.0001419747422914952,4.7439043555641554e-05
0.00033620276371948416,-4.065093889948912e-05,-0.0004402563208714128,0.00017747127276379618,8.137085387716071e-05
0.00032494819606654346,-8.523200085619466e-05,-0.00043607479892671114,0.00018403698049951345,9.378702088724822e-05
0.00034312999923713505,-6.581192428711802e-05,-0.0004651463241316378,0.00015429049381054938,4.861385605181568e-05
0.000390195578802377,-4.696943506132811e-05,-0.0005278337048366666,0.0001317290443694219,-3.3789528970373794e-06
0.0003732200129888952,-3.108910459559411e-05,-0.0005211314419284463,0.0001280060678254813,6.957362529647072e-06
0.0003780086408369243,-2.461054464220069e-05,-0.0005328546394594014,0.00013565432163886726,1.6107989722513597e-05
0.0003891593660227954,-3.165080852340907e-05,-0.0005048820748925209,0.00013030726404394954,2.7615189537755214e-05
0.00040515433647669846,-5.393189894675743e-06,-0.0005239302408881485,0.00015753084153402594,6.58203816783498e-06
0.000419093033997342,-2.2465945221483707e-05,-0.0005185932386666536,0.000141739277751185,1.847689782152884e-05
0.0004179900861345232,-2.110042805725243e-05,-0.0005376864573918283,0.0001423422800144181,2.168329774576705e-05
0.0003934564883820713,-2.360068356210832e-05,-0.0005373039748519659,0.0001343609910691157,1.6641310139675625e-05
0.0003849331696983427,-2.4813540221657604e-05,-0.0005308262188918889,0.0001597217924427241,3.9254075090866536e-05
0.0003853748494293541,2.860890890588053e-05,-0.00016583997057750818,0.0005716122104786336,0.0005706804222427309
0.00043112377170473337,0.00018303967954125253,-0.000142245800816454,0.0006284995470196009,0.0006324462010525168
0.00041622674325481057,0.00014051602920517325,-0.0005482058622874321,0.0003274282498750836,0.0002612959069665521
0.0003552554408088326,3.852015288430266e-05,-0.0005310736014507711,0.00014389396528713402,9.148432582151143e-05
0.00035363825736567383,4.2128558561671525e-06,-0.0005754948360845448,7.472322613466531e-05,1.933428029587958e-05
0.0003335641813464463,6.187618510011816e-06,-0.0005578831769526005,0.00010677741374820472,4.765866833622567e-06
0.00031274568755179644,-5.804251122754067e-05,-0.0004368887166492641,0.0001825147628551349,9.446805779589341e-05
0.0003147981478832662,-6.056168058421462e-05,-0.0003932832041755319,0.000219096036744304,0.0001175899524241686
0.00032193394144997,-6.128111999714747e-05,-0.00039416863000951713,0.00023619334388058638,0.00013522843073587865
0.00033131285454146564,-1.9128416170133278e-05,-0.00040627401904203,0.00024279393255710602,0.00014863116666674614
0.00032474499312229455,-5.299959957483225e-05,-0.00047229308984242385,0.00019191947649233043,7.695808017160743e-05
0.00037847005296498537,-2.631389179441612e-05,-0.0004930642899125813,0.00016031433187890798,5.4325853852787986e-05
0.00036747154081240296,-3.229423236916773e-05,-0.0005028898594900966,0.0001548577711218968,5.1521197747206315e-05
0.00035861763171851635,-6.0971793573116884e-05,-0.0005057362141087651,0.0001450451236451045,2.560862776590511e-05
0.0003870130749419332,-2.552571822889149e-05,-0.0005021809483878313,0.00015602815255988392,3.958461456932128e-05
0.0003848810738418251,5.1898390665883205e-05,-0.0004554566112346947,0.0002995059476234019,0.00019529346900526437
0.000408726540626958,9.940900781657548e-05,-0.00045751527068205183,0.0003374848165549338,0.0002500919799786061
0.00037824164610356087,6.817164103267713e-05,-0.00047940696822479367,0.0002611096133477986,0.00019027933012694118
0.00043799486593343323,2.111791036440991e-05,-0.0005214156117290257,0.00019795961270574483,0.00014028004079591486
0.00037046961369924247,1.5579507817164995e-05,-0.0005712404963560402,0.0001057051122188568,-2.5003329938044768e-05
0.00035724829649552703,-3.4401731682009995e-05,-0.0004433770955074578,0.00019752740627154708,9.114406566368416e-05
0.0003364169388078153,-5.656538269249722e-05,-0.000425337057095021,0.00023877681815065444,0.00010769459913717584
0.00032853306038305163,-3.987206946476362e-05,-0.000439012423157692,0.000217498978599906,9.563119238009676e-05
0.0003470418450888247,1.2908974895253778e-05,-0.00029018768691457813,0.00041092184255830944,0.00035749940434470773
0.00047989125596359367,0.00016278847760986537,-0.0002825245901476592,0.000424814410507679,0.00036167306825518614
0.00048221144243143493,0.00013270879571791738,-0.0008530166815035045,-0.00010737906268332155,-0.00031788047635927796
0.00043138128239661455,2.262073212477844e-05,-0.0005392173188738525,0.0001439813495380804,-2.9147871828172356e-05
0.00029015244217589503,-2.6352463464718312e-05,-0.0004099500947631896,0.00027313947794027627,0.00012440927093848586
0.0003206413530278951,-6.762308476027101e-05,-0.000346404587617144,0.0002967879408970475,0.00018364925927016884
0.0003344303695484996,-6.187268445501104e-05,-0.00034402686287648976,0.000298919650958851,0.0001922645315062255
0.00035009498242288833,-5.70725642319303e-05,-0.0003884840116370469,0.0002620916930027306,0.00015110071399249136
0.00035496303462423384,-3.797225872403942e-05,-0.00043705967254936695,0.00022785535838920626,0.00011463194095995276
0.0003908325743395835,-4.0675986383575946e-05,-0.0004721716686617583,0.00019093962328042838,7.663650467293337e-05
0.00037640490336343646,-5.556187898037024e-05,-0.00048780077486298984,0.000188840480404906,6.865315663162619e-05
0.0003998916072305292,-2.504950862203259e-05,-0.0004884576774202287,0.00018222960352431985,6.856810068711638e-05
0.0004095171461813152,-2.4682163711986504e-05,-0.0005100667476654053,0.00016710087948013097,5.876760405953975e-05
0.0004054270393680781,-4.482845724851359e-06,-0.0005245900829322637,0.00017419279902242124,3.8499907532241195e-05
0.00038264095201157033,-1.0044153896160424e-05,-0.0005479778046719731,0.00016929450794123113,1.2507871360867286e-05
0.0003818191180471331,-1.8701099179452285e-05,-0.0005283579812385142,0.00014348153490573168,1.7806967662181705e-05
0.0004008749092463404,3.3907686884049326e-05,-0.00048792851157486433,0.0001815758005250245,4.9332749767927446e-05
0.0003788945032283664,7.986377568158787e-06,-0.0005039731040596962,0.00018546030332799998,6.996613228693603e-05
0.0003921592724509537,-2.373459722093685e-07,-0.0004500183276832104,0.00021220576309133318,0.00010183105041505768
0.0004109959991183132,-1.0270475286233703e-05,-0.0004845300863962621,0.00022488267859444022,0.00012148850510129705
0.0004453955334611237,9.299652447225526e-05,-0.00029129302129149437,0.0005013960180804132,0.0004380345926620066
0.0005070160259492695,0.00029941386310383683,-0.0002791067527141422,0.0006252953317016362,0.0005817734636366367
0.0005554182571358979,0.00032253659446723765,-0.0006276791682466866,0.00039845384890213614,0.00038662352017126983
0.0005226777866482736,2.6626066755852665e-05,-0.0007802257314324379,-9.362348646391184e-05,-0.00027365933055989444
0.00036230290425010026,-3.453453609836288e-05,-0.0005171868833713233,0.00011263450141996145,-4.135807830607519e-05
0.00021061408915556967,-9.670163854025304e-05,-0.00039612746331840754,0.0002479788963682949,0.00014357421605382117
0.0002621471940074116,3.1733148375678866e-07,-0.00038865319220349187,0.00025390397058799863,0.0001563607802381739
0.0002846432325895876,-1.0057393410534132e-05,-0.00041242997394874687,0.0002877702936530113,0.00013447111996356398
0.00029449944850057364,-2.941512684628833e-05,-0.000379795441403985,0.00029153851210139686,0.00017765941447578368
0.0003179972409270704,-5.729836630052887e-05,-0.00035664075403474266,0.00029068955336697405,0.0002002950059249997
0.0003389148332644254,-6.306915020104498e-05,-0.00035087738069705665,0.00026564570725895464,0.00020120086264796555
0.000376704556401819,-4.442445424501784e-05,-0.000409268424846232,0.00023744087957311427,0.00014150280912872404
0.0003757858648896217,-7.830905087757857e-05,-0.00045932183274999255,0.00020907551515847445,8.76648409757763e-05
0.000418793351855129,-1.2571167644637171e-05,-0.0004791434621438384,0.00020843975653406235,8.57766717672348e-05
0.00042513301013968885,1.658674045756925e-05,-0.000498079345561564,0.00021513270621653646,0.00011131388600915672
0.00040577363688498735,1.600257928657811e-05,-0.0005109200719743967,0.00020377436885610226,8.851980237523094e-05
0.0004312702512834221,6.481842774519464e-06,-0.0005127059994265436,0.00018159380124416202,7.820003520464525e-05
0.0003893694374710322,-1.8618640751810744e-05,-0.0005080650444142519,0.0001832086854847148,6.009039498167113e-05
0.000379456439986825,7.812713192834053e-06,-0.0004768079379573464,0.0001943106180988252,6.570127152372152e-05
0.00040426792111247783,5.865244929736946e-06,-0.00047696701949462295,0.00020059611415490508,7.283234299393372e-05
0.00043572011054493487,1.671643076406326e-06,-0.0005485130823217332,0.00017798427143134174,6.169308471726254e-05
0.0004024388908874244,0.00015172573330346498,-0.0003380971029400825,0.0005523228319361807,0.0004924455424770713
0.000605973822530359,0.00022143129899632183,-0.00034145868266932666,0.0005646558129228653,0.0005517724202945828
0.0006371742347255349,-1.4190331967256495e-06,-0.0008184460457414389,-0.00014300647308118641,-0.0002462659904267639
0.0004856736049987376,-3.423079397180118e-05,-0.0006221596850082277,2.7948224669671614e-05,-8.108624024316669e-05
0.0004782725300174207,3.557338641257957e-05,-0.0008218432776629925,-9.704735566629096e-05,-0.00025779602583497757
0.000427357037551701,5.1350616558920585e-05,-0.0004287107440177351,0.00023423845414072275,9.260095248464496e-05
0.0002369059802731499,-9.648702689446508e-05,-0.0002466146543156356,0.00035349506651982665,0.0003165662055835128
0.00025532679865136737,-8.119906851788983e-05,-0.0002407960273558274,0.0003777476376853883,0.00033409634488634765
0.00027213332941755647,-0.00011089397594332695,-0.00021230570564512163,0.0003944207855965942,0.0003815793024841696
0.0004293870879337192,7.252612704178318e-05,-0.00020550120098050684,0.0004139490774832666,0.00040766329038888216
0.0005190386436879635,0.00014790016575716436,-0.0007873731665313244,1.7933798517333344e-05,-0.00028219516389071936
0.0004534678882919252,5.010484892409295e-05,-0.0004310969088692218,0.00022962460934650156,0.00013547600246965882
0.00036872594500891853,-8.983617590274662e-05,-0.0003292986075393856,0.0002849558950401842,0.000260217027971521
0.0003344735305290669,-0.00011090179759776221,-0.00022471424017567188,0.00033885316224768763,0.00032499129883944983
0.00035670705256052315,-7.353803084697574e-05,-0.00027192808920517564,0.000318677572067827,0.00029779403121210635
0.00041812000563368196,-7.280751742655411e-05,-0.00030797073850408196,0.0003037168935406953,0.0002763978554867208
0.0004067855479661375,-5.837892967974767e-05,-0.0003703214752022177,0.00024600655888207257,0.00019508021068759265
0.00040500779869034886,-5.716023952118121e-05,-0.0004032701253890991,0.0002250656689284369,0.00017385580576956272
0.0004202279087621719,-3.9454225770896294e-05,-0.00046497856965288514,0.0001986950810533017,0.00011875030759256333
0.00041105743730440736,-3.825203384622e-05,-0.00046834291424602265,0.0001894771994557232,9.38714510994032e-05
0.0004325835907366127,-1.0711530194384976e-05,-0.0004969853907823564,0.00017933861818164587,8.2919214037247e-05
0.00041861075442284346,-1.7135467714979313e-05,-0.0004942078958265483,0.00017180855502374468,8.191358210751787e-05
0.00043166536488570273,1.3408483937382698e-05,-0.0005112715298309922,0.0001700742868706584,6.0199836298124865e-05
0.0003728892479557544,-3.972809281549417e-05,-0.000474367116112262,0.0001780513994162902,9.265093103749678e-05
0.00040095931035466487,-2.0180639694444835e-05,-0.0004930685972794889,0.00020296650473028421,9.899485303321852e-05
0.00042898257379420096,-4.50696734333178e-06,-0.00032335397554561496,0.0003600814088713377,0.000320890685543418
0.0004582674300763756,0.00012047911877743898,-4.2847153963521116e-05,0.0006839968846179545,0.0007425171206705272
0.0005444914568215609,0.00017016057972796259,-0.0005171705270186067,0.00031187557033263147,0.00034678130759857595
0.0004807974037248642,0.00010851708793779836,-0.0007037854520604013,4.938594793202356e-05,-7.959202048368752e-05
0.00035192724317312235,1.4744587133463938e-05,-0.0004622317792382091,0.00019571566372178492,0.00010538414790062234
0.00033418848761357367,-5.949164187768474e-05,-0.0003466459165792912,0.00028083924553357065,0.00021504590404219925
0.0003647239354904741,-2.730478081502952e-05,-0.0003384156443644315,0.00028861407190561295,0.00022498471662402158
0.0003354210057295859,-4.081406586919911e-05,-0.00038228952325880533,0.0002590450458228588,0.00017414058675058186
0.0003762635169550777,-1.7473432308179323e-05,-0.0004449370608199388,0.0002049860049737617,0.0001088713324861601
0.00039430113974958664,-9.861129001365043e-06,-0.00027730048168450594,0.0004203308490104973,0.0004069828428328037
0.0004157507210038602,-2.556706203904469e-05,-0.0002878652012441308,0.0004142287652939558,0.0003943172632716596
0.0003899461589753628,-9.406991011928767e-06,-0.0005810846341773868,8.850784797687082e-05,-1.4506460502161646e-05
0.00040185850230045617,-2.854762169590685e-05,-0.0004955542972311378,0.00016256918024737388,5.7294957514386624e-05
0.0004246530588716269,-3.231213122489862e-05,-0.0004608331655617803,0.00019817403517663482,0.00010008999379351736
0.0003797170938923955,-2.947994107671548e-05,-0.00046420664875768125,0.0001902517833514139,8.614468242740259e-05
0.0003925171331502497,-4.6511122491210706e-05,-0.0004765369521919638,0.00018216662283521146,7.534172618761659e-05
0.00046969522372819483,-3.0080544092925262e-05,-0.00049912731628865,0.0001627550518605858,5.86972601013258e-05
0.00043228414142504334,-2.923514875874389e-05,-0.0005289535620249809,0.0001535297051304951,3.5099095839541405e-05
0.00040977782919071615,-4.6206321712816134e-05,-0.0004930978175252676,0.00015042698942124844,3.4049975511152304e-05
0.000461944960989058,1.4752697552466998e-06,-0.0005494210054166615,0.00014950860349927098,3.9095535612432286e-05
0.0004669583286158741,-2.482927629898768e-05,-0.00055409234482795,0.00014187755004968494,3.287891740910709e-05
0.00045157797285355633,1.4326420568977484e-05,-0.00048048156895674765,0.00022873390116728837,9.994229185394944e-05
0.0004260095593053848,-2.505405245756265e-05,-0.0004768088401760906,0.00022930554405320438,9.427479380974546e-05
0.00039092992665246134,-2.951994974864647e-05,-0.00042163775651715696,0.00021354401542339474,0.00016012907144613564
0.0003797704703174532,-7.080432260408998e-05,-0.00013695069355890158,0.00044170313049107785,0.00047377235023304815
0.0004187561571598053,-5.000648889108561e-05,-0.00020168683840893212,0.000393866968806833,0.0004356515128165484
0.0004344087792560458,0.00016464102372992784,-0.0003882847959175706,0.0003940042806789279,0.0003117646847385913
0.0004732687375508249,0.0001772239338606596,-0.0004915436147712171,0.0003719608066603541,0.0003042006574105472
0.0004253649094607681,0.00013867228699382395,-0.0007063038647174835,4.245586387696676e-05,-2.018168743234128e-05
0.0003875130496453494,7.23220146028325e-05,-0.0007138442597351968,3.665329495561309e-05,-4.467267717700452e-05
0.0003553148126229644,3.0073812013142742e-05,-0.0005020497483201325,0.0002122049918398261,8.301544585265218e-05
0.0003168498224113136,-9.753108315635473e-06,-0.00039652522536925966,0.00025691711925901467,0.00015138763410504907
0.00038518785731866956,7.553531759185717e-05,-0.0003749881580006331,0.00031026793294586236,0.000258076615864411
0.000491138081997633,0.00013570499140769243,-0.00051360169891268,0.0002569710195530206,0.00021689666027668864
0.0004835503350477666,0.00010264253069180997,-0.000746152363717556,-6.983348157518776e-06,-0.00028188421856611967
0.0003792968927882612,4.657679710362571e-06,-0.0005191851523704827,0.00017607277550268918,3.849983841064386e-06
0.0003941350732930005,6.218707858351989e-05,-0.0006355749210342765,0.00010738056153059006,-0.00010370248492108658
0.0004128001746721565,3.87223408324644e-05,-0.00041908142156898975,0.00023393654555547982,5.896727088838816e-05
0.0003483857726678252,-7.175980863394216e-05,-0.0003285356215201318,0.00031536290771327913,0.00019399730081204325
0.00028102440410293644,-7.860834011808038e-05,-0.00022258688113652167,0.0003883232129737735,0.00034244879498146474
0.000344950269209221,-5.8761637774296105e-05,-0.0002476016816217453,0.00038591184420511127,0.00033921957947313786
0.00037807045737281436,-5.42516281711869e-05,-0.0003168157418258488,0.00030812996556051075,0.0002464035351295024
0.0003577068855520338,-4.3431824451545253e-05,-0.0002759913040790707,0.000371568719856441,0.0003247314889449626
0.000419613643316552,6.838105764472857e-05,-0.00021279184147715569,0.0004672598734032362,0.00042947512702085083
0.0005369707942008972,0.00015076610725373032,-0.0009786942973732948,-0.00010416209261165932,-0.0003267618012614548
0.00048822167445905507,9.707655408419667e-05,-0.0005348336999304593,0.00018845504382625225,3.836251562461257e-05
0.00036289441050030286,-1.768627271303558e-06,-0.0002934409712906927,0.00031131779542192817,0.0002743523509707302
0.00030336499912664294,-0.00012822859571315348,-0.0001993481273530051,0.0003791406052187085,0.0003745699359569698
0.0003221382212359458,-8.6452993855346e-05,-0.000198319525225088,0.00038276184932328766,0.00037474249256774783
0.00035222817678004503,-6.636135367443785e-05,-0.00021716236369684336,0.00038616760866716493,0.0003604351950343698
0.00038086733547970647,-3.532330083544366e-05,-0.0002958457334898412,0.0003146188682876528,0.00027978973230347043
0.0003942311159335077,-5.51593075215351e-05,-0.0002857641957234591,0.0003275024937465787,0.0002800453221425414
0.00034197571221739054,-0.00014540422125719488,-0.0001781498867785558,0.00036998087307438254,0.000379508885089308
0.00037610187428072095,-4.605144567904063e-05,-0.0003316460642963648,0.0002281775523442775,0.00022843526676297188
0.0003960449539590627,-2.9421895305858925e-05,-0.00048222913756035274,0.00020079426758456973,0.00010405089415144177
0.0004250409256201237,3.516476499498822e-05,-0.0004698189441114664,0.00023629447969142348,0.0001405441580573097
0.0004260428249835968,3.018023926415481e-05,-0.0005298538599163294,0.00019735911337193104,8.662172331241891e-05
0.0004235383530613035,-7.271417416632175e-06,-0.0005088374600745739,0.00018902175361290571,7.717283006059006e-05
0.0004031055432278663,-4.6176091927918606e-06,-0.00043467580690048635,0.00027469146880321205,0.00015006499597802758
0.00047156176879070705,6.300019595073536e-05,-0.00033346255077049136,0.0004242294526193291,0.00043547581299208105
0.0004897709004580975,0.0001884137454908341,-0.0009340624674223363,-0.00014409606228582558,-0.00014937107334844768
0.0004230794147588313,0.00013595866039395332,-0.0006035272381268443,0.00013298410340212286,-2.1274832761264406e-05
0.00033792920294217765,-1.5864627130213197e-05,-0.00037868763320147986,0.00025622197426855564,0.00017463490075897425
0.00031148336711339647,-5.3796611609868705e-05,-0.00035390106495469814,0.00028867085347883403,0.00020553931244648996
0.0003775538061745465,8.877367508830503e-05,-0.0003323136188555509,0.000410528271459043,0.0003861913282889873
0.00041683789459057147,0.0001767878566170111,-0.0005439221276901662,0.0002883523120544851,0.0002153433451894671
0.0004508001438807696,0.00021026103058829904,-0.0006773790228180588,6.0732621932402246e-05,-0.00021405894949566573
0.0003697844222187996,4.029740739497356e-05,-0.00038665218744426966,0.00028021479374729097,0.00010871901031350717
0.00031486718216910964,-7.306969200726599e-05,-0.000311146373860538,0.00030738834175281227,0.00021142225887160748
0.000359080353518948,-5.196281563257799e-05,-0.000307677430100739,0.000305917055811733,0.00020700004824902865
0.0003919486771337688,-1.825965227908455e-05,-0.0003754166245926172,0.00026592813082970684,0.00014917063526809216
0.00036380457459017634,-5.1178165449528024e-05,-0.00043739660759456456,0.0002155190450139344,0.00012436581891961396
0.00038996175862848764,-1.7866730559035204e-05,-0.00047288939822465187,0.00020937839872203767,8.878328662831335e-05
0.0004168507584836334,-9.542233783577105e-06,-0.00045617623254656786,0.0002298563777003437,0.0001091418380383402
0.00043051023385487497,5.377472007239703e-06,-0.0005002424004487693,0.00020853853493463248,7.54769644117914e-05
0.000409295316785574,-1.2007263649138624e-05,-0.0004958598292432724,0.000173059685039334,6.312946061370893e-05
0.00038409652188420296,-2.17697106563719e-05,-0.0004985819687135519,0.00017622877203393728,6.190175918163732e-05
0.00039363894029520447,-6.575375664397143e-06,-0.0005059413379058242,0.00017793674487620592,6.365069566527382e-05
0.0004093220341019333,-2.5187115170410834e-05,-0.0005222754552960397,0.0001492267765570432,3.2254461984848604e-05
0.0004102902603335679,2.242630216642283e-05,-0.0005498612881638111,0.00015026589971967041,2.4554386982345026e-05
0.0004305211768951267,1.2917262210976332e-05,-0.000534562102984637,0.00015907513443380594,2.854039848898537e-05
0.0003887697821483016,-8.20053719507996e-06,-0.0005339100607670844,0.0001531231828266755,1.6179848898900673e-05
0.0004265299066901207,2.0449046132853255e-05,-0.0002624974877107888,0.00045684014912694687,0.00042216639849357307
0.0004022330977022648,3.202343577868305e-05,-0.00011594017996685578,0.0005961550050415099,0.0005924983997829257
0.00038731665699742734,-2.164928082493134e-05,-0.0003480314917396754,0.0003453913959674537,0.0003237825585529208
0.00038427457911893725,-3.8534177292604e-05,-0.00043421465670689935,0.00022426345094572753,0.00015707105922047052
0.00038367006345652044,7.664095028303565e-05,-0.0003752591146621853,0.0003647203266154975,0.0003264355182182044
0.0004698608827311546,0.00016823879559524355,-0.0007057433831505477,0.0001266255567315966,8.472329500364141e-05
0.00041039264760911465,0.00011906975851161404,-0.000623600441031158,0.00012741853424813598,-0.0001000197880784981
0.00032004030072130263,1.9257540770922787e-05,-0.0003361321578267962,0.00032401582575403154,0.00021550274686887858
0.0002779017668217421,-3.3526892366353416e-05,-0.0002543810987845063,0.0003826898755505681,0.00029670281219296163
0.0002714992151595652,-6.745428254362196e-05,-0.00026747657102532685,0.00035128960735164583,0.0002776442561298609
0.00032297137659043074,-5.26403819094412e-05,-0.00033765783882699907,0.0002838312648236752,0.00017911162285599858
0.0003439655993133784,-2.4580534955020997e-05,-0.00042491784552112216,0.00022577229538001117,9.043563477462158e-05
0.0003535288269631565,-4.282165537006222e-05,-0.000482555478811264,0.0001864524238044396,5.7917750382330275e-05
0.00035807868698611856,5.7372206356376416e-05,-0.0003569863911252469,0.00039678841130807996,0.00032575606019236153
0.00040160890785045916,0.00011145677854074165,-0.00037471196264959866,0.0003959231253247708,0.00031730232876725495
0.00042063539149239665,6.407409091480076e-05,-0.0007457329193130137,7.261455152729468e-07,-0.00019057489407714456
0.0003841420111712068,2.0520279576885517e-05,-0.0004695902462117374,0.00022659362002741543,9.031167428474872e-05
0.0003383775183465332,-4.9028592911781736e-05,-0.00036651996197178965,0.0002729107509367168,0.00018826857558451596
0.00035288406070321804,-4.1988059820141637e-05,-0.00036828074371442204,0.0002733489091042429,0.00017588256741873917
0.00040217285277321935,-1.8935939806397076e-05,-0.00041788216913118964,0.0002582291781436652,0.0001691487559583038
0.00040152200381271536,-4.600471584126353e-06,-0.00045214602141641086,0.00021572531841229647,0.00010908470721915364
0.0003948401426896453,-9.09082154976204e-06,-0.00048692969721741974,0.0001736926787998527,7.223334250738844e-05
0.0004200412367936224,4.206261655781418e-05,-0.0005078731337562203,0.00017818929336499423,8.290214464068413e-05
0.00039965467294678087,7.356854894169373e-07,-0.0005173275130800903,0.00017766347446013242,8.030205935938284e-05
0.000416165916249156,1.730491203488782e-05,-0.0005256452714093031,0.00015440456627402457,5.530806447495706e-05
0.0004057922924403101,-2.504313852114137e-05,-0.0005326533573679626,0.00013451886479742825,3.638005364337005e-05
0.0004149435553699732,-4.900851990896625e-07,-0.0005228268564678729,0.00014383692177943885,4.3291736801620566e-05
0.0004173541674390435,8.782846634858288e-06,-0.0005284223007038237,0.0001403505448251963,4.4365155190462247e-05
0.000391345180105418,8.579577297496144e-06,-0.00047546124551445246,0.00022079334303271025,0.00015804106078576297
0.0004044142260681838,1.5473859093617648e-05,-0.0003876422415487468,0.0003094224957749248,0.0002470079634804278
0.00038885610410943633,5.820533715450437e-06,-0.00043512586853466933,0.00026495190104469657,0.00019238014647271484
0.00041518814396113157,-4.279840140952729e-06,-0.0005062117124907672,0.0001771050301613286,9.317934018326923e-05
0.00037710060132667417,-1.4508860658679627e-05,-0.0005210526287555696,0.0001574349298607558,6.973488052608445e-05
0.00041250218055211013,-1.7060052414308305e-05,-0.0005293693975545466,0.00015651232388336211,6.695845513604581e-05
0.00039218240999616677,-1.9711573258973655e-05,-0.000524239265359938,0.00015362985141109675,4.731985609396361e-05
0.0004058576887473464,8.828816362438373e-07,-0.000536780571565032,0.0001601806579856202,5.7113265938824036e-05
0.0003911491658072919,-7.679845111852046e-06,-0.0004968242137692869,0.00019775248074438423,0.00010721599392127246
0.00038335434510372585,-1.4021713468537199e-05,-0.00036026581074111164,0.00030614272691309447,0.0002397773350821808
0.0003690226003527641,-4.141027238802053e-05,-0.00040219293441623455,0.00026038367650471633,0.0002027792506851256
0.00039485280285589397,-1.9888902897946537e-05,-0.00046917243162170047,0.00019053292635362595,0.0001226493768626824
0.00040087930392473936,6.215837856871076e-06,-0.00031789505737833684,0.0003752883931156248,0.00035455723991617566
0.0003579698968678713,-8.681150575284846e-06,-0.0004001377383247018,0.00029585970332846045,0.0002832229947671294
0.00036891244235448534,2.7530541046871804e-07,-0.0004985668347217144,0.0001984063273994252,0.00013398881128523501
0.00038184053846634924,-1.3259031220513863e-05,-0.0005056652007624507,0.00018067171913571656,0.0001047192490659654
0.00038618448888883,-1.833566057030112e-05,-0.0005054515204392374,0.00015037070261314509,6.572204438271001e-05
0.0003818651603069157,-5.203348791837925e-06,-0.0005330319399945439,0.00014254469715524462,4.857902968069538e-05
0.00039801999810151756,-2.0433863028301854e-05,-0.0005397477652877568,0.00015598080062773081,4.99525194754824e-05
0.00037719542160630237,-9.792056516744195e-06,-0.0005365462857298553,0.00014616004773415625,4.693894152296707e-05
0.00036811883910559123,0.0003291221219114959,-0.0005595001857727767,0.00013631176261696962,1.8566417566034946e-05
0.0005032496992498636,0.0002857604122254997,-0.0006919910083524883,-2.0931334802298807e-05,-6.517654401250185e-05
0.00044516421621665364,-4.4568379962584004e-05,-0.00043659115908667445,0.0002466663718223572,0.00016409768431913108
0.00040794871165417135,1.0531255611567758e-05,-0.00041543092811480165,0.0003224929969292134,0.00017212487000506369
0.0003704701957758516,-9.602221689419821e-05,-0.00022272473142948,0.000355500727891922,0.00032392085995525116
0.00040266296127811074,-3.641530202003196e-05,-0.0005102534196339548,0.00014620136062148958,7.999327499419451e-05
0.000396972056478262,-2.157388735213317e-05,-0.0005187021452002226,0.00016258073446806518,7.030193955870345e-05
0.0004248352779541165,2.0007913917652328e-05,-0.0005432517500594258,0.00015449999773409218,5.062879790784791e-05
0.00038621641579084104,-2.1448024199344214e-05,-0.0005211668321862817,0.00015222429647110403,3.989881224697456e-05
0.0003854316601064056,-1.4798039956076535e-05,-0.0005342328804545106,0.0001549388689454645,4.3925338104600094e-05
0.000424656318500638,2.967307864309987e-06,-0.0005199725856073201,0.00017836544429883358,6.726170977344736e-05
0.00041210843482986087,7.623392548339325e-07,-0.0005283482605591416,0.00016451848205178976,6.259273504838347e-05
0.0004340756568126381,-1.470390316171688e-06,-0.0005369099671952425,0.00015949891530908644,5.446547220344655e-05
0.00040876024286262686,-9.517152648186313e-06,-0.0005426991847343743,0.00015918634016998112,5.406330456025898e-05
0.00040423567406833166,-1.6335839973180555e-05,-0.0005338487681001425,0.0001612589112482965,5.818887439090759e-05
0.0003937459841836244,1.2989045899303164e-05,-0.0005456285434775053,0.00017101645062211898,5.288299871608615e-05
0.00038678111741319304,-9.4859578894102e-06,-0.0005444313865154982,0.0001639744295971468,4.851309859077446e-05
0.00040477479342371225,3.8470562913062173e-07,-0.0005182265304028988,0.0001594178902450949,7.806103531038389e-05
0.0003955495776608585,-3.268468844908057e-06,-0.0005324610392563045,0.000165922348969616,6.891630619065836e-05
0.0004262703005224466,7.505921985284657e-06,-0.000524483562912792,0.00019709266780409962,8.982118015410379e-05
0.00038844480877742166,1.3810727068630511e-05,-0.0004942481755279005,0.0002141216682503,8.565669122617692e-05
0.00040041626198217273,1.6038482499425303e-05,-0.0005103576695546508,0.0001933236053446308,7.381875184364617e-05
0.0003790115006268024,1.5254277968779205e-05,-0.0005169326323084533,0.0001890353305498138,6.477022543549539e-05
0.0003809826448559761,-1.8022971062237045e-06,-0.0005220032180659473,0.00018244137754663822,6.41745500615798e-05
0.0003748317831195891,1.2816829439543652e-05,-0.0005162326851859689,0.00020075507927685976,8.889846503734589e-05
0.00038622351712547237,-4.3114787331433035e-06,-0.0005160680157132447,0.0001850655389716849,6.28018460702151e-05
0.00036228867247700686,2.25191388381063e-06,-0.0005259817698970437,0.00018659533816389742,6.300978566287085e-05
0.00037920789327472454,9.898483767756261e-06,-0.0005236639990471302,0.0001862063800217584,8.138113480526954e-05
0.00041264286846853787,-4.858209649682976e-06,-0.0005212656105868518,0.00019237595552112907,9.68841413850896e-05
0.0004238616384100169,3.7759848055429763e-05,-0.0005067767342552543,0.00019777609850279987,0.00010398266749689355
0.0003746706061065197,-4.015294962300686e-06,-0.0005255855503492056,0.00018914016254711896,7.7154538303148e-05
0.00036698364419862633,-1.3654054100697977e-06,-0.0005038811359554528,0.0001937879860633984,9.24232735997066e-05
0.0003857761912513524,1.3342467354959807e-05,-0.0005015039350837469,0.00020247240900062025,9.329784370493145e-05
0.0003669050056487322,-2.724549176491564e-06,-0.0004908061237074435,0.00020417287305463103,9.330850298283622e-05
0.00037415249971672887,-1.2338863598415628e-05,-0.0005205449415370822,0.00017872841272037476,7.643432763870806e-05
0.00040444376645609736,2.7020712423109217e-06,-0.0004944922984577714,0.00020629008940886703,0.00010638736421242356
0.00037589800194837153,3.6916990211466323e-06,-0.0004997681244276464,0.00020355767628643664,9.576221782481298e-05
0.0003779763937927783,-7.802883033036778e-07,-0.0004539331130217762,0.00022000442550051957,0.00010170456516789272
0.0004137782379984856,-1.945983512996463e-06,-0.0005073672509752214,0.00018780131358653307,7.86054297350347e-05
0.0006020734435878693,2.923782994912472e-05,-0.00049962307093665,0.00025751456269063056,0.00018790841568261385
0.0005918365786783397,2.798128844005987e-05,-0.0004942542873322964,0.0002614926488604397,0.0002016237413045019
0.00045993473031558096,1.358385543426266e-05,-0.0004996674833819269,0.00019390962552279237,0.00013236841186881065
0.000475702399853617,-2.1526550426642643e-06,-0.0006387137109413742,6.907017814228311e-05,-3.069535523536615e-06
0.000422849872848019,-4.18904674006626e-05,-0.00045208868687041104,0.0002132586669176817,0.0001336455752607435
0.00033952356898225844,-3.1819585274206474e-05,-0.0004464563680812717,0.00024239234335254878,0.0001614959182916209
0.00033821625402197236,-8.482323210046161e-06,-0.00043669363367371267,0.0002356234472244978,0.0001492297888034955
0.0003496987919788808,1.2940186024934521e-06,-0.0004389360547065735,0.00024594226852059364,0.0001608263119123876
0.0003447316121309996,-3.310942338430323e-05,-0.0004488131962716579,0.00022406695643439892,0.0001330527593381703
0.0003661855880636722,-1.3838424820278306e-05,-0.0004769182996824384,0.0002041263651335612,0.00012458574201446027
0.00036866666050627833,-2.3088463422027413e-05,-0.000446305115474388,0.00021843083959538492,0.00018744065891951323
0.0003596183087211102,-2.518026303732768e-05,-0.0004901756765320896,0.00021236500469967726,0.00013440482143778354
0.0003438613493926823,-1.5398489267681725e-05,-0.0004956964403390883,0.00019197782967239616,9.802525164559484e-05
0.00033556108246557415,-9.923591278493404e-06,-0.0005015108617953956,0.0001905978424474597,7.947596168378368e-05
0.0003347316815052181,6.018964086251799e-06,-0.0005055287620052695,0.00021843929425813258,9.153066639555618e-05
0.0003844433522317559,-1.931777842401061e-05,-0.0005134917446412146,0.0001983796246349812,0.00010947198461508377
0.00037204212276265036,-2.7213050998398106e-05,-0.00048819999210536485,0.0002045467990683392,0.00012832024367526174
0.0003641577204689384,-5.135938772582449e-05,-0.0005020449170842767,0.00017088305321522054,0.00010135486081708224
0.0003579201584216207,-2.9836648536729626e-05,-0.0004981277161277831,0.00018750419258140028,0.00010030900739366187
0.00036784177063964313,-5.010247150494251e-06,-0.0005093066138215363,0.00018749985611066222,0.00010773415851872414
0.000375417061150074,3.4332442737650126e-05,-0.0005097682005725801,0.00024803882115520537,0.00010640478285495192
0.0003607840626500547,-1.2155438525951467e-05,-0.0004904691013507545,0.0002097735705319792,0.00011310572881484404
0.00033688143594190484,8.645708476251457e-06,-0.0004793480911757797,0.00020415257313288748,0.0001195399308926426
0.0003571249253582209,4.862454716203501e-06,-0.00048676331061869865,0.00019916809105779976,0.00012529031664598733
0.00033921009162440896,-2.61876321019372e-05,-0.00048132287338376045,0.00019316475663799795,0.00011155747779412195
0.00035454417229630053,1.0813317885549623e-06,-0.00048085089656524366,0.00023340314510278404,0.00010669114999473096
0.0003380140697117895,6.777869657526025e-06,-0.00048499260446988046,0.00021538893633987757,0.00011693089618347582
0.0003617719921749085,-1.5130751307879107e-05,-0.0004941868246532977,0.0002067101304419339,0.00012266017438378182
0.0003558045136742294,-3.9939710404723876e-05,-0.0005069855251349509,0.00015805612201802433,0.00011271447874605657
0.0003550918190740049,-2.80583553831093e-05,-0.00048559519927948713,0.00020003263489343226,0.00012492283713072538
0.0003398479893803596,-1.2076431630703155e-05,-0.0004788602236658335,0.00019647290173452348,0.00013473647413775325
0.000322428357321769,-1.8707551134866666e-05,-0.00048496929230168467,0.00019204356067348272,0.00010189053136855364
0.0003258866199757904,-1.2455911928554995e-05,-0.0004974415060132742,0.00020443952234927562,0.00010352675599278882
0.00031586171826347714,-4.2543757444946095e-05,-0.0004985498962923883,0.00017342439969070256,9.02723622857593e-05
0.00032587058376520867,-1.7990327251027338e-05,-0.0004875884624198079,0.00019131859880872068,9.453498205402866e-05
0.0003181451465934515,4.7770572564331815e-05,-0.0004928972339257598,0.0002514471998438239,0.0001118996151490137
0.00029461437952704733,-3.9614944398636e-05,-0.0004748226492665708,0.00020753697026520967,9.967815276468173e-05
0.00029541755793616176,2.6521824111114256e-05,-0.0004942535306327045,0.00023211330699268726,9.609584230929612e-05
0.0002533591177780181,2.759097333182581e-05,-0.0005010786699131131,0.00023287435760721562,9.354843496112152e-05
0.00028639138326980174,4.958934005117044e-05,-0.0004912415752187371,0.00023657875135540962,0.0001165463254437782
0.00029352839919738466,3.20603180625767e-06,-0.00047262609587050974,0.00021697369811590758,0.00011535375233506785
0.0002879093226511032,-2.618774124130141e-05,-0.0004915171884931624,0.0001914027670864016,7.374625420197846e-05
0.00031175205367617315,2.543984692238155e-06,-0.0004856347222812474,0.00021746376296505327,0.0001142679029726423
0.00031021769973449414,8.798646376817489e-06,-0.000503891846165061,0.00020608337945304808,0.00010058841871796176
0.00030363787664100533,-9.542754014546516e-06,-0.0004956580814905465,0.00020536764350254086,7.775814447086303e-05
0.0003144110960420221,4.240695488988422e-06,-0.0004920433275401592,0.00023241297458298507,9.578016761224716e-05
0.0002948461042251438,2.1585730792139653e-05,-0.00048406803398393095,0.00023940457322169093,9.686282282928004e-05
0.000302032771287486,-4.3631071093841464e-06,-0.0004851524136029184,0.00020719172607641667,9.157682507066056e-05
0.00030605579377152026,1.2509812222560868e-05,-0.0004937764024361968,0.0001929646241478622,9.053412213688716e-05
0.00028803476016037166,3.836271844193106e-06,-0.00050089176511392,0.00019887780945282432,8.903004345484078e-05
0.00030023939325474197,-2.475715064065298e-06,-0.0004883104120381175,0.0002132289373548701,0.0001007224855129607
0.00030071285436861217,1.0818113878485747e-05,-0.0004981289966963232,0.00021887522598262882,0.00010446480155223979
0.00031271981424652035,2.655342177604325e-05,-0.0005048219463787973,0.0002256829320685938,7.562134851468727e-05
0.00032445706892758613,2.6379093469586223e-05,-0.0004922225489281118,0.00022207990696188065,8.269328100141138e-05
0.00029743390041403467,5.207697086007102e-06,-0.0005017938674427568,0.00020792048599105328,7.603352423757315e-05
0.0002798218629322946,-1.1374685527698606e-05,-0.0004957155324518682,0.00020559666154440487,9.440579742658885e-05
0.00029066891875118017,1.21715111163212e-05,-0.0004982224199920894,0.0002096366515615955,8.948401227826253e-05
0.00030625413637608284,1.0262567229801787e-05,-0.0004761654417961836,0.0002192863612435758,0.0001056547262123786
0.00030582401086576283,-3.1348558877652972e-06,-0.00050123076653108,0.00022486603120341894,8.977672405308113e-05
0.0003146689268760383,1.6499827324878424e-05,-0.0005022218101657927,0.0002165748010156676,9.660098294261844e-05
0.0003029225044883788,6.221989315235987e-05,-0.0004631864139810205,0.00023877782223280517,0.00011881647515110672
0.00030025831074453885,0.00014601467410102487,-0.0003998284228146076,0.00044424785301089287,0.0001975292107090354
0.00022293723304755986,4.913380689686164e-05,0.0004150565946474672,0.0002925643057096749,0.0002949128102045506
-0.00011793487647082657,-0.0002074165531666949,0.0003661826485767961,0.00046956029837019736,0.00028079020557925105
0.00033904958399944013,4.291323421057314e-05,0.00018315706984139982,0.0006171420682221651,0.0005074566579423845
0.00031965930247679353,0.00020560467964969573,-0.0002624038315843791,0.00038949999725446105,0.0004580759559758008
0.00029964378336444497,0.00022242935665417465,-0.00045761742512695486,0.0003311919863335788,0.00017149272025562826
0.0003559037286322564,0.0001235238742083311,-0.0003658806963358074,0.00031827049679122865,0.00026422622613608837
0.00032370068947784597,7.022912905085832e-05,-0.0004608648014254868,0.0002758301270660013,0.0001476904290029779
0.00035865130485035484,0.00011541075946297495,-0.0005319990450516343,0.0002659010060597211,0.00014699914027005434
0.00031885571661405265,8.633196557639168e-05,-0.000572144752368331,0.00022117767366580665,7.917742186691612e-05
0.0002921725681517273,5.1981067372253165e-05,-0.0005512072239071131,0.0002187054487876594,9.524856432108209e-05
0.0002763840893749148,5.500802581082098e-05,-0.0005371969891712071,0.00021770305465906856,7.536770135629922e-05
0.00028338402626104653,5.800978033221327e-05,-0.0005141152068972588,0.0002379362704232335,9.347849118057638e-05
0.0002445112622808665,5.980616697343066e-05,-0.0005033088382333517,0.00024119147565215826,0.00011534648365341128
0.00023204422905109825,1.894540218927432e-05,-0.0005019110394641757,0.0002181936142733321,0.00011056160292355344
0.00021603927598334852,4.1852817957988016e-05,-0.0005065985606051981,0.00025262089911848307,9.53297858359292e-05
0.0002247344673378393,4.997115320293233e-05,-0.00045291936839930713,0.00027580300229601557,0.00013564441178459674
0.00019772557425312695,4.9970367399509996e-05,-0.00048668790259398515,0.0002568203781265765,9.888336353469641e-05
0.00018853369692806154,6.197958282427862e-05,-0.00048255588626489043,0.00026934154448099434,0.00010121076047653332
0.00019136451010126618,3.669912985060364e-05,-0.0004742037563119084,0.00024699425557628274,9.580110054230316e-05
0.00018982942856382576,4.0122347854776315e-05,-0.00046870758524164563,0.00023308572417590767,9.49933601077646e-05
0.00019669123867060992,7.203566929092631e-05,-0.0005134830134920776,0.0002375398617004976,7.813475531293079e-05
0.00020781732746399942,6.310333992587402e-05,-0.0005085556185804306,0.0002439194067846984,8.681881445227191e-05
0.00021028390619903803,3.357304376550019e-05,-0.0004999907687306403,0.00023311856784857807,8.808822894934565e-05
0.00023528267047367987,2.90728439722443e-05,-0.0005010888562537731,0.00022709500626660883,7.906837709015235e-05
0.00022348877973854547,7.202857545962616e-07,-0.0005118807894177735,0.00020791763381566847,7.257592369569467e-05
0.0002312375581823289,2.0172998119960542e-05,-0.0004872657882515341,0.00022511744464281944,9.252942982129753e-05
0.00021229189587756991,-5.277327545627487e-06,-0.0004998659715056419,0.0002159881696570665,8.093113865470514e-05
0.0002244127681478858,2.6326266379328445e-05,-0.0005045633879490198,0.0002168351784348488,7.313144305953756e-05
0.00017674698028713465,5.034569039708003e-05,-0.0005052876658737659,0.00023754111316520718,7.576453936053441e-05
0.00020662481256295,4.2281477362848825e-05,-0.0004952851450070739,0.00023868663993198422,8.506446465617046e-05
0.0002314923331141472,3.9829919842304655e-05,-0.00048792391316965217,0.0002488955797161907,9.852842049440368e-05
0.000216283806366846,3.4883742046076804e-05,-0.0005007847212255001,0.00023461299133487046,9.20075035537593e-05
0.00022974367311690005,4.4607066229218624e-05,-0.0005096323438920081,0.00023958673409651962,7.634094799868762e-05
0.00022109698329586538,7.080494106048718e-05,-0.0004972447641193867,0.0002481862320564687,8.504248398821801e-05
0.00017947550804819912,3.039413604710717e-05,-0.00048583318130113184,0.0002447287261020392,8.263265772256999e-05
0.0001901887881103903,4.5574292016681284e-05,-0.0005011643515899777,0.0002303229848621413,7.858435856178403e-05
0.000204002222744748,3.441252192715183e-05,-0.0004922442603856325,0.0002406669082120061,9.28859008126892e-05
0.00018302109674550596,3.862181620206684e-05,-0.0004925018874928355,0.0002328653790755197,8.793449524091557e-05
0.00018641642236616465,3.3503718441352255e-05,-0.0005015484057366848,0.00023290100216399878,8.372525917366147e-05
0.00019484743825159967,4.7083303797990084e-05,-0.0005179405561648308,0.00023849877470638603,8.131098002195358e-05
0.00019873435667250305,6.918304279679434e-05,-0.0004921521176584065,0.00026039357180707157,8.621053711976856e-05
0.0001901848299894482,4.403384809847921e-05,-0.0004963817191310227,0.00023710608365945518,9.872324153548108e-05
0.00019414200505707413,3.880127042066306e-05,-0.00048571688239462674,0.0002434345951769501,0.00010173175542149693
0.00019475359295029196,2.491426857886836e-05,-0.0004977143253199756,0.0002255567378597334,8.054415957303718e-05
0.00022440888278651983,3.370028207427822e-05,-0.0005069164326414466,0.00022828210785519326,7.039126649033278e-05
0.00020094825595151636,2.9855029424652454e-05,-0.0002851119206752628,0.0002671049442142248,0.0001894768647616729
0.00011528070172062144,-0.00013615247735287994,-0.0002941625716630369,0.00021605149959214034,0.00016106769908219576
0.0002567914198152721,1.0194738933932967e-05,-0.00040387516492046416,0.00019272697682026774,5.57169332751073e-05
0.00023108549066819248,-5.8344849094282836e-05,-0.00025038144667632883,0.0002271813282277435,0.00012881550355814397
0.00027692836010828614,4.173214256297797e-05,-0.00045075104571878915,0.0002522660652175545,0.00018540280871093276
0.00026478787185624236,5.838826837134548e-05,-0.00050708232447505,0.00025121975340880454,0.00013512402074411511
0.00022335044923238456,7.131553866202012e-05,-0.0005254403804428875,0.00023682008031755689,9.251869050785899e-05
0.00021214183652773502,8.488354797009379e-05,-0.000531428842805326,0.00025123893283307547,9.833645162871109e-05
0.00019329661154188216,0.00012105025234632195,-0.0005147808697074653,0.00029837526381015783,8.007983706193045e-05
0.00019077694742009044,9.721067181089893e-05,-0.0005222165491431953,0.00025272899074479943,7.271920185303316e-05
0.0001874268928077072,0.00012552899715956298,-0.0005097512039355934,0.00026869418798014516,8.377037738682701e-05
0.0001822176855057478,5.375686305342242e-05,-0.0005075459484942256,0.00023540391703136265,6.382063293131068e-05
0.0001963816030183807,4.0257309592561796e-05,-0.0005073683569207789,0.000239610206335783,8.300477202283219e-05
0.00020666631462518128,6.250089791137725e-05,-0.0005280401674099267,0.00021986996580380944,5.759080886491574e-05
0.00018523566541261968,4.871770943282172e-05,-0.0005167062045074999,0.00022091502614784986,5.3052855946589255e-05
0.00020246962958481165,4.072322553838603e-05,-0.0005047885933890939,0.0002231578982900828,9.104542550630867e-05
0.00019491316925268618,3.6364497645990916e-05,-0.0004884216468781234,0.00021274415485095238,6.976160511840135e-05
0.0001912396255647764,2.3370026610791683e-05,-0.000496514665428549,0.00022313157387543467,7.270440983120352e-05
0.00020986057643312958,5.6462853535776965e-05,-0.0004918878548778594,0.0002340007631573826,8.602663729107007e-05
0.00018791358161251992,3.6683930375147604e-05,-0.0004913553711958231,0.00021476919937413183,6.173228757688776e-05
0.0001906308170873672,3.105176801909693e-05,-0.0005115889362059535,0.0002283444773638621,7.344404002651572e-05
0.00019818023429252207,4.9027265049517155e-05,-0.0004990359302610159,0.00023419508943334225,9.184302325593308e-05
0.00018909687059931454,4.133322727284394e-05,-0.0004974209005013108,0.00023534768843092027,7.997367356438191e-05
0.0002052036434179172,4.609909228747711e-05,-0.0004821554757654667,0.00024918015697039664,7.537858618889004e-05
0.00020400801440700889,4.8615802370477475e-05,-0.0004996692878194153,0.0002382824168307707,8.036666258703917e-05
0.0002220250898972154,7.330447260756046e-05,-0.0005046860314905643,0.00025573294260539114,7.55590881453827e-05
0.00020693645637948063,4.762678872793913e-05,-0.0004927077679894866,0.00023769246763549745,8.850318408804014e-05
0.00019143446115776896,2.133323869202286e-05,-0.000498376612085849,0.00023299023450817916,8.276356675196439e-05
0.0001986901042982936,2.758875234576408e-05,-0.0005009343731217086,0.0002253550628665835,8.429086301475763e-05
0.00019784401229117063,3.6093366361455985e-05,-0.0005066721932962537,0.0002290835545863956,6.87611463945359e-05
0.00019001920009031886,2.7406216759118248e-05,-0.0005024470156058669,0.00022027909290045497,6.911661330377683e-05
0.00019369649817235768,3.819330959231593e-05,-0.0004961732774972916,0.00023276358842849726,6.936594581929967e-05
0.0001900770148495212,1.7778655092115514e-05,-0.0004985608975403012,0.00023125568986870346,7.228291360661386e-05
0.00022504311345983297,6.467838829848915e-05,-0.0004962850944139063,0.0002593116660136729,8.673456613905728e-05
0.00017848156858235598,1.4357967302203177e-05,-0.0004999708035029472,0.0002149441570509225,7.031397399259731e-05
0.000200650654733181,3.5805303923552856e-05,-0.000494220235850662,0.0002234730054624379,7.745112816337496e-05
0.00018934224499389532,1.670902747719083e-05,-0.000492351537104696,0.000225536321522668,8.123880252242087e-05
0.0001871853601187468,3.0371915272553448e-05,-0.0004964221152476965,0.00022620287199970332,7.351611566264182e-05
0.0001866225793492049,2.2783551685279235e-05,-0.000496310880407691,0.00023153728398028758,8.445183630101383e-05
0.0001905319222714752,1.8633301806403327e-05,-0.0004999892553314567,0.00021755503257736564,7.59592730901204e-05
0.00016610907914582643,1.4215711416909473e-05,-0.0005052940687164664,0.00021522592578548935,6.696720083709806e-05
0.0001810163230402395,4.3257758079562336e-05,-0.0005101034184917809,0.00022032436390873042,6.311462493613362e-05
0.00019488073303364217,4.2031722841784365e-05,-0.0005024820566177368,0.000236637846683152,7.656636444153264e-05
0.00018530528177507224,2.6557399905868813e-05,-0.0004954887554049492,0.00022149192227516323,6.883515743538736e-05
0.00017529634351376444,3.0800711101619534e-05,-0.0005127603653818369,0.00023063302796799692,7.253859075717628e-05
0.00018553686095401642,4.522255039773882e-05,-0.0004915649187751113,0.00024091245722956958,8.460281242150813e-05
0.00017288938397541642,1.7840204236563295e-05,-0.0005055850488133729,0.00021374813513830304,7.322149758692831e-05
0.00017769928672350946,2.954836236312985e-05,-0.0005105809541419148,0.00021871399076189849,6.237961497390643e-05
0.00019213969062548133,3.5506542189978056e-05,-0.0004981875536032021,0.00023394073650706557,9.291822061641143e-05
0.00018555355200078336,1.8776181605062447e-05,-0.0004973132745362818,0.0002212543186033145,8.63946697791107e-05
0.00018840632401406765,1.540770063002128e-05,-0.0004956602351740003,0.00020996462262701246,6.142115307739004e-05
0.00019855645950883627,2.7792391847469844e-05,-0.0005068969912827015,0.00022344569151755425,6.175362068461254e-05
0.00018116089631803334,2.722160024859477e-05,-0.0005024993442930281,0.00023157674877438692,7.528170681325719e-05
0.0001845128426793963,3.834583549178205e-05,-0.0005189082585275173,0.00021241551439743492,5.999559289193712e-05
0.00017603798187337816,1.8557415387476794e-05,-0.0004970033769495785,0.00022120443463791162,8.032313780859113e-05
0.00018633436411619184,2.449637395329773e-05,-0.0004873575526289642,0.000229514655075036,8.785854151938109e-05
0.0001839571923483163,2.1686844775103964e-05,-0.0004961118102073669,0.00021736037160735577,7.608160376548767e-05
0.00018696323968470094,3.7060632166685537e-05,-0.0005141839501447977,0.00022429089585784825,7.386793731711805e-05
0.000184679840458557,5.4241485486272716e-05,-0.0004977876087650657,0.00023144234728533775,8.416368655161932e-05
0.00019169978622812775,4.577081926981919e-05,-0.00050577730871737,0.00022791493393015122,0.00010301653674105182
0.00019132767920382318,2.9753558919765052e-05,-0.0004986553103663027,0.00023558409884572032,9.200442582368852e-05
0.00018009696213994175,2.321901956747752e-05,-0.0005008290754631162,0.00022405780327972027,7.372349500656128e-05
0.00018696804181672635,3.7630496080964804e-05,-0.0005119681591168046,0.00022389681544154877,7.615918730152771e-05
0.00017640870646573603,3.738085797522217e-05,-0.0005052369670011103,0.00022206194989848882,7.234961958602072e-05
0.0001837795716710389,1.2783823876816315e-05,-0.0005049572209827602,0.00021722733799833804,6.841112917754799e-05
0.00018006868776865306,3.3482658182037994e-05,-0.0005062572308816017,0.000223946786718443,6.572419806616381e-05
0.0001828939566621557,4.150211680098437e-05,-0.0005067788297310472,0.00022693409118801358,7.611467299284413e-05
0.00020518063683994117,5.983730443404056e-05,-0.000496750231832266,0.0002368666901020333,8.009065641090274e-05
0.0001997026847675443,5.472468546940945e-05,-0.0004941505612805487,0.0002510506601538509,9.078329458134247e-05
0.00017942335398402062,4.500925570027903e-05,-0.0005039294483140111,0.00023923434491734952,7.518581696785986e-05
0.00018994003767147658,1.9527642507455312e-05,-0.0005022531840950251,0.00022413546685129404,7.776493293931708e-05
0.00016483748913742602,2.608061731734779e-05,-0.0005112731014378369,0.0002190608938690275,6.48096829536371e-05
0.00017283497436437756,2.210029742855113e-05,-0.0004976963391527535,0.00022673996863886714,6.953623233130202e-05
0.00018651688878890127,5.320624404703267e-05,-0.0005042239790782332,0.00023191879154182968,7.886528328526765e-05
0.00018696760525926948,4.496808105614036e-05,-0.00049744633724913,0.0002480665280018002,8.677020377945155e-05
0.00018272417946718636,3.5825323720928275e-05,-0.0005080665578134358,0.00021909493079874662,6.837698310846463e-05
0.00016994522593449798,3.4339314879616716e-05,-0.0005059397080913186,0.0002198074362240732,6.057147038518451e-05
0.00019474353757686916,5.156023325980641e-05,-0.0005080942646600307,0.00021467755141202358,6.854270031908527e-05
0.00017581494466867298,2.951576789200772e-05,-0.0005024066776968539,0.0002247493393952027,6.850029603810981e-05
0.0001785399072105065,3.905307312379591e-05,-0.000515561958309263,0.0002246212970931083,5.757947656093165e-05
0.0001998307852772996,3.894982728525065e-05,-0.0005003242986276746,0.00022586746490560475,8.289025572594255e-05
0.00020753209537360814,5.020244134357199e-05,-0.0004975961637683213,0.00023071907344274223,8.685806824360043e-05
0.00018820636614691466,6.144686631159857e-05,-0.0005004193517379463,0.0002509920159354806,7.982528768479824e-05
0.00019775993132498115,3.296708018751815e-05,-0.0005163116729818286,0.00021650821145158258,5.9516904002521194e-05
0.00019050276023335758,5.014956695958972e-05,-0.0005002933321520686,0.00023298228916246444,7.516932964790611e-05
0.00016925105592235923,3.007926898135338e-05,-0.0005086166202090682,0.0002231824473710731,7.442521746270359e-05
0.00019206406432203948,2.917482197517529e-05,-0.0005042059929110111,0.00022591314336750654,8.311540295835583e-05
0.00017401660443283615,2.0665389456553385e-05,-0.00048818747745826835,0.00022723572328686714,8.853273175191134e-05
0.00019111100118607285,4.067363624926657e-05,-0.000503415591083467,0.00022467589587904516,8.261376933660358e-05
0.0001871379936346784,2.677722113730852e-05,-0.0004909010604023933,0.00022430245007853955,8.018440712476149e-05
0.0001922297524288297,4.231364800943993e-05,-0.0005020371172577144,0.0002414972695987672,8.263721247203648e-05
0.0001947473647305742,4.595139034790918e-05,-0.0005212184623815119,0.000223334034672007,7.290556095540524e-05
0.00017938282690010965,3.70501984434668e-05,-0.0005019849049858749,0.0002237307780887932,6.697961362078786e-05
0.00016829006199259308,1.5331010217778385e-05,-0.0005091580096632242,0.00021751123131252825,6.253732863115147e-05
0.00017745739023666832,2.6388837795821022e-05,-0.0004985289415344597,0.00022450086544267836,8.080976112978533e-05
0.00018179434118792412,2.717307324928697e-05,-0.0005081900744698942,0.00022213876945897934,7.527215348090976e-05
0.00018559486488811672,3.647735502454452e-05,-0.0005069504259154202,0.00023029495787341148,7.250800990732387e-05
0.00017341751663479954,3.9842987462179735e-05,-0.0005083589348942041,0.00023196701658889649,6.42300146864727e-05
0.00018768227891996503,5.244498970569112e-05,-0.0004910450079478323,0.0002369862486375496,8.154844545060769e-05
0.0001806825603125617,3.3601416362216696e-05,-0.0005042823613621293,0.000234950115554966,8.462508412776515e-05
0.00019057192548643798,3.929626836907119e-05,-0.0005131539073772728,0.0002269207761855796,8.109332702588291e-05
0.00017858555656857789,2.8520847990876064e-05,-0.000514620915055275,0.00022160346270538867,6.428862252505496e-05
0.00019454689754638818,4.6763547288719565e-05,-0.0005038507515564562,0.00023817771580070254,9.24014748306945e-05
0.00017836922779679296,4.536074629868381e-05,-0.0005122529109939934,0.00022980575158726427,6.277217471506447e-05
0.000186508332262747,2.999526623170823e-05,-0.0005044098361395298,0.00023043398687150332,8.397443889407441e-05
0.00019021755724679681,3.115658546448685e-05,-0.0004901152569800615,0.00023571442579850557,8.502305718138814e-05
0.0001863791112555191,2.4104008844005875e-05,-0.00048160494770854717,0.00021969775843899694,7.796863792464137e-05
0.00018803213606588545,3.474780896794982e-05,-0.0005207976792007685,0.000215420252061449,6.802775897085667e-05
0.00019340720609761772,4.827744487556629e-05,-0.0004894536687061192,0.0002333229931537062,8.092237840173766e-05
0.00019642466213554144,3.967453449149616e-05,-0.0005022209952585398,0.00022463330242317167,7.721920701442286e-05
0.0001852390996646136,2.5407145585631948e-05,-0.0004879607877228409,0.00020575481175910681,6.233222666196525e-05
0.0002071744529530406,4.4264204916544265e-05,-0.000515985069796443,0.00022436946164816615,6.902757013449444e-05
0.00018026989710051566,3.020963595190551e-05,-0.0005080088740214705,0.0002207691431976855,6.949798989808187e-05
0.00019708494073711336,4.569979864754714e-05,-0.00047552713658660656,0.00022978152264840898,7.774511323077604e-05
0.00020550684712361542,4.73582731501665e-05,-0.0004870636039413512,0.0002363827807130292,7.81193157308735e-05
0.00017488848243374375,3.1647276045987376e-05,-0.0004949632566422224,0.00024216141900978985,8.075399091467261e-05
0.0001906737015815452,3.858213312923908e-05,-0.000511415651999414,0.0002268834941787645,7.36426081857644e-05
0.00019539272761903703,4.383269333629869e-05,-0.0005199778242968024,0.00022824200277682396,8.126616739900783e-05
0.00019302159489598125,3.556616502464749e-05,-0.00047441921196877956,0.0002253828424727544,7.627509330632165e-05
0.00016679827240295708,1.1709721547958908e-05,-0.0004987678839825094,0.0002179127332055941,6.336016667773947e-05
0.00017828297859523445,3.7141806387808174e-05,-0.0005168413044884801,0.0002197200228692964,6.198712071636692e-05
0.00017331240815110502,3.0626670195488266e-05,-0.0004957462078891696,0.00023059663362801075,9.199886699207127e-05
0.00018522217578720301,4.926969631924294e-05,-0.0005120054120197891,0.00023315398721024394,8.26459436211735e-05
0.0001849594846135005,3.278887379565276e-05,-0.0004992851172573863,0.000233859260333702,8.026612340472639e-05
0.00016813202819321305,2.866929389711004e-05,-0.0005084179574623704,0.00023185806639958173,7.113674655556679e-05
0.00017900603415910157,2.606488305900712e-05,-0.0005069198086857796,0.0002133521920768544,5.7095727242995054e-05
0.00019863527268171308,4.320745210861787e-05,-0.0004962077946402133,0.00023024831898510453,8.773720765020698e-05
0.00017294948338530958,3.8785590732004493e-05,-0.00048239377792924637,0.0002280654007336125,7.537495548604056e-05
0.0001895868917927146,3.921409006579779e-05,-0.0004960178630426526,0.000222806294914335,8.139700366882607e-05
0.00018259159696754068,3.713855403475464e-05,-0.0005103625007905066,0.00023634643002878877,6.994084105826914e-05
0.0002116620598826557,5.009664528188296e-05,-0.0005131225334480405,0.0002489975595381111,8.682048792252317e-05
0.00018764035485219208,3.892755921697244e-05,-0.0005074877990409732,0.0002338162594242021,6.846806354587898e-05
0.00018060090951621527,4.528127101366408e-05,-0.0004969476140104233,0.00023857019550632685,8.066668669926004e-05
0.00018059676222037524,3.481303428998217e-05,-0.0005072767962701619,0.00023038011568132788,6.80821540299803e-05
0.0001953070313902572,5.229789530858398e-05,-0.0004965077969245614,0.0002636783756315708,8.512005297234282e-05
0.0001790342212188989,3.9853533962741494e-05,-0.0005125538446009159,0.0002289469266543165,6.153324648039415e-05
0.00017102794663514942,2.464889439579565e-05,-0.0004910498391836882,0.00024250350543297827,9.74011782091111e-05
0.00017584620218258348,3.219526479369961e-05,-0.0004963635583408177,0.00024624980869703,8.438907389063388e-05
0.00017095934890676293,4.299298234400339e-05,-0.0004628701426554472,0.0002840868546627462,0.00013335231051314622
0.0001820054021663964,2.9925662602181543e-05,-0.00045625510392710567,0.0002781242073979229,0.00012475569383241236
0.00017273877165280282,4.882777648163028e-05,-0.00047450594138354063,0.00027308365679346025,0.00010668864706531168
0.00016063216025941074,2.1946114429738373e-05,-0.00045846070861443877,0.00025814390392042696,0.00011526930029503998
0.00015196915774140507,1.9097127733402885e-05,-0.0004495749308262019,0.0002470062463544309,0.00010221712727798148
0.00018215012096334251,3.4014967241091654e-05,-0.00047832247219048435,0.0002377869968768209,9.637968469178304e-05
0.0001902398216770962,3.114838182227686e-05,-0.0005080195260234177,0.00023665216576773676,8.805998368188739e-05
0.00017830586875788867,3.424113674554974e-05,-0.0005190694937482476,0.0002178825525334105,4.784378688782454e-05
0.0001733466051518917,3.99672644562088e-05,-0.0004703474405687303,0.00022192278993315995,9.373384091304615e-05
0.00018473732052370903,5.183947359910235e-05,-0.000497799483127892,0.00021789570746477693,6.557394226547329e-05
0.0001817083393689245,2.571795630501583e-05,-0.0005151865188963711,0.000211013262742199,5.363880336517468e-05
0.00017766682140063494,4.89833255414851e-05,-0.0004973577451892197,0.00025136550539173186,6.953064439585432e-05
0.00017770493286661804,3.939750604331493e-05,-0.0005180443986319004,0.0002163351164199412,7.704066229052842e-05
0.00017137583927251399,4.4482017983682454e-05,-0.0005065214354544878,0.00022826986969448623,6.506195495603606e-05
0.0003758184320759028,7.539690705016255e-05,-0.0005168787902221084,0.00023591904027853158,0.00010272183862980457
0.0001611878105904907,2.466401019773912e-05,-0.0005148782511241733,0.00020606248290278015,5.264460560283624e-05
0.0001853512367233634,4.776110654347576e-05,-0.0005180403823032974,0.000214727406273596,6.971479160711169e-05
0.0001850534608820453,5.139554195920937e-05,-0.0005140334251336753,0.000214104016777128,5.638508082483895e-05
0.00017438565555494281,4.1008690459420905e-05,-0.0004918391932733357,0.0002151662192773074,7.560174708487466e-05
4.815035572391935e-05,-9.382735879626124e-05,-0.00027381014660932124,0.00017656035197433084,6.209909042809159e-05
0.0001746970519889146,-1.2699926628556568e-05,-0.00035825552185997367,0.00019635733042377976,7.527797424700111e-05
0.00030753013561479753,0.00014565265155397356,-0.0005242810002528131,0.00022138045460451397,8.590469951741396e-05
0.0002981650468427688,0.00012923625763505695,-0.0005590249784290791,0.00022320020070765165,6.0524707805598155e-05
0.00022898131283000112,9.527377551421523e-05,-0.0005316726746968925,0.00022485118824988604,6.718987424392253e-05
0.00018826831365004185,3.9138882129918784e-05,-0.0005018069641664624,0.00021881597058381885,8.648511720821261e-05
0.00017819082131609318,3.954094063374214e-05,-0.0005068819737061858,0.00021930293587502087,7.925881800474599e-05
0.00017089181346818805,3.958137313020416e-05,-0.0005116368993185461,0.00022416956198867408,6.943729385966435e-05
0.00020499574020504951,6.282782851485536e-05,-0.0005232930416241288,0.00023239153961185366,7.444591756211594e-05
0.00016105888062156737,2.883485103666317e-05,-0.0005133958766236901,0.00021350540919229388,7.95580490375869e-05
0.0001746438501868397,3.281118915765546e-05,-0.000504404422827065,0.00022098819317761806,8.608873758930713e-05
0.00017770980775821954,5.446479917736724e-05,-0.0005123652517795564,0.00023913179757073522,7.716431719018146e-05
0.00016594451153650883,4.706790423369966e-05,-0.0005139382556080818,0.00023971035261638463,8.011269528651609e-05
0.00017486492288298905,3.5491291782818735e-05,-0.0005017754738219082,0.00022661317780148243,9.506320202490316e-05
0.00017340527847409248,3.3553635148564354e-05,-0.0004889122792519629,0.00022927760437596592,9.460887667955832e-05
0.00017906539142131805,3.3814620110206306e-05,-0.0004979858640581369,0.00023476430214941504,7.78374305809848e-05
0.00018918770365417004,2.8275306249270216e-05,-0.0005156019469723105,0.00021426077000796798,6.123186176409945e-05
0.00018773120245896283,4.023256769869477e-05,-0.00047636541421525186,0.000221710026380606,7.569002627860755e-05
0.00023977085947990415,1.8943081158795394e-05,-0.0004972083261236547,0.00021664540690835563,7.779723819112405e-05
0.0002349184505874291,-7.645780897291843e-06,-0.00019766305922530591,0.0002650640089996159,0.0001816820877138525
0.00023651977244298905,1.7685271814116273e-05,-0.00014483179256785658,0.0002565603645052761,0.00016787776257842782
0.00026278878794983035,0.00011705411452567205,-0.0006008992786519228,0.00022843165788799527,7.441826892318204e-05
0.0002272888814331964,8.109185728244482e-05,-0.000556502491235733,0.00022540282225236294,8.285473450087011e-05
0.00022686104057356715,3.3820011594798416e-05,-0.000516097410582006,0.00020912206673529,6.496070272987707e-05
0.0001680101559031755,-3.191649739164859e-05,-0.00040738642564974725,0.0002570908400230109,0.00011157624248880892
0.0003439343126956373,3.089345773332752e-05,-0.0005107680335640907,0.0001660348934819922,7.096001354511827e-05
0.00035579613177105784,3.699705848703161e-05,-0.00047575967619195586,0.0002474435314070433,0.00016654290084261447
0.00022903821081854403,5.628911094390787e-05,-0.0004461210337467492,0.00029274282860569656,0.00019702619465533644
0.000156771537149325,3.24011234624777e-05,-0.00045956540270708496,0.00024492212105542416,0.00011430397717049343
0.0001462260261178017,-4.40110670751892e-06,-0.0004365117929410189,0.0002434986381558701,0.00010025145456893371
0.0001423661014996469,6.617123290197924e-06,-0.00044560813694261004,0.0002392377791693434,0.00010348376963520424
0.00015829321637284008,1.7818039850681092e-05,-0.0004925438552163541,0.00022315172827802598,8.567066834075376e-05
0.00017196752014569938,3.121096597169526e-05,-0.0005132593214511871,0.00021727927378378808,6.833484076196328e-05
0.00017788558034226298,5.6637229135958485e-05,-0.0005046513979323208,0.00023918306396808475,7.44485150789842e-05
0.00017754394502844661,5.7420707889832556e-05,-0.0005068170139566064,0.0002308324765181169,9.025956387631595e-05
0.000185132390470244,6.0079491959186264e-05,-0.0005101852584630251,0.0002308703406015411,9.143024362856522e-05
0.00019518793851602825,5.621997115667909e-05,-0.0005126766627654433,0.00022898662427905947,8.881751273293048e-05
0.000200417431187816,5.23325834365096e-05,-0.0005074915825389327,0.0002444493293296546,0.000108982807432767
0.00020315891015343368,4.3020205339416855e-05,-0.000508741126395762,0.00023763738863635806,0.00010893600847339258
0.00019577630155254155,4.405271465657279e-05,-0.0005040570977143943,0.0002350172435399145,0.00010799316805787385
0.00019378279102966192,3.983361602877267e-05,-0.00048813060857355595,0.00023312712437473243,9.628053521737456e-05
0.0001616181252757087,1.662838076299522e-05,-0.0004887940594926476,0.00023773772409185767,8.970552880782634e-05
0.0001941082737175748,3.2854753953870386e-05,-0.00046423578169196844,0.00023342129134107384,9.545678040012716e-05
0.00019107633852399888,3.8902682717889554e-05,-0.0004922073567286134,0.00023184894234873354,8.55106263770722e-05
0.0001813328271964565,3.8060570659581565e-05,-0.0005069831968285143,0.00023036729544401166,8.407622226513922e-05
0.0001779844023985788,3.315739013487473e-05,-0.0005018599913455546,0.0002125831815646961,8.192746463464573e-05
0.0002081480051856488,5.156855695531704e-05,-0.0004995926865376532,0.0002249200770165771,6.48062559776008e-05
0.00021059192658867687,6.37062985333614e-05,-0.0004955648328177631,0.000217919543501921,8.488990715704858e-05
0.0002223107876488939,4.579829692374915e-05,-0.0004697710392065347,0.0002702994388528168,0.00013357942225411534
0.000195898610400036,2.739880983426701e-05,-0.0004440816992428153,0.00027504449826665217,0.00014742949861101806
0.00018901382281910628,4.457392424228601e-05,-0.0003784586151596159,0.0003297951770946384,0.00022033715504221615
0.00017290955292992294,1.1698466551024469e-06,-0.00030873727519065136,0.00038977188523858796,0.0002859605883713812
0.00016885228978935632,3.701076138895587e-06,-0.00030243981746025383,0.0003941674949601293,0.00029429301503114397
0.00018295888730790463,1.3159739864931908e-05,-0.0003501256578601897,0.00033922426518984134,0.0002644305059220642
0.00018612998246680945,4.2596755520207814e-05,-0.0004350319795776159,0.0002701018820516765,0.00016056846652645618
0.0001993877813220024,3.200032006134279e-05,-0.00041810737457126384,0.0002859338710550219,0.00017902934632729742
0.0001800074242055416,-1.4501829355140215e-06,-0.000259123626165092,0.00040122494101524353,0.00034874904667958617
0.00017001427477225659,-4.613426426658407e-05,-0.00022793815878685567,0.0004061350191477686,0.000389943685149774
0.00017988319450523704,-4.4436179450713105e-05,-0.00023414214956574145,0.00041735792183317244,0.00040247329161502415
0.00016539546777494252,-2.7915233658859503e-05,-0.0002878956729546189,0.000365119514754042,0.00033161573810502887
0.0001597471127752215,-9.004566891235301e-06,-0.0003804938169196248,0.00026140836416743696,0.00021497982379514724
0.0001865342928795144,4.432344940141775e-05,-0.00048337498446926485,0.00020988582400605083,0.00011082035052822903
0.00019980051729362455,5.8278888900531456e-05,-0.0005482210544869304,0.00017969775944948196,2.050266630249098e-05
0.00017816775653045624,3.0789251468377188e-06,-0.0003252032329328358,0.0003195346216671169,0.0002468376769684255
0.00018003134755417705,-6.169129483168945e-05,-0.0003259357181377709,0.00031081051565706735,0.00027667233371175826
0.0001831588888308033,-7.379705493804067e-05,-0.00034329856862314045,0.0002844984410330653,0.00026105102733708924
0.00016310528735630214,-4.3010953959310434e-05,-0.00036320334766060114,0.00024918006965890527,0.00021933701646048576
0.00018327530415263027,7.166064733610257e-06,-0.00045235498691909015,0.0002274041617056355,0.00012727199646178633
0.00018791502225212756,1.5850771887926385e-05,-0.0004935214528813958,0.0001844749349402264,5.123791197547689e-05
0.0001824889041017741,2.2238644305616614e-05,-0.0005381507216952741,0.00016293897351715714,-4.581939265335676e-06
0.0001847936946433037,4.133605762035586e-05,-0.0005621821037493646,0.0001644355361349881,-1.795244315871969e-05
0.00017979730910155922,5.585279359365813e-05,-0.0005788929993286729,0.00016600689559709283,-1.7380631106789224e-05
0.00019738251285161823,7.00298260198906e-05,-0.000572801218368113,0.00018145317153539506,-1.2384037290757988e-05
0.00018695696780923754,4.303257810533978e-05,-0.0005730289849452673,0.0001657671673456207,-1.2936099665239453e-05
0.0001990288874367252,6.557668530149385e-05,-0.0005577593110501766,0.00018411122437100857,-7.439394266839372e-06
0.00018868935876525936,3.932395702577196e-05,-0.0005640399758704008,0.00017101461708080024,-6.451070021284978e-06
0.00018403293506708002,5.80576088395901e-05,-0.0005826696287840606,0.00017006549751386044,-7.079880560922902e-06
0.00018173539137933403,7.399905007332563e-05,-0.0005871215835213661,0.00017407909035682678,-2.485624281689525e-05
0.00018637327593751246,6.664486136287451e-05,-0.0005916632944718003,0.00016822062025312334,-2.899948231060989e-05
0.0002138732525054365,8.691324910614641e-05,-0.0006328347371891142,0.00015505027840845287,-3.084725540247746e-05
0.00019152549793943765,7.571181049570441e-05,-0.0006025402108207345,0.00017628722707740965,-1.6531505025341175e-05
0.00019899915787391365,7.437830208800733e-05,-0.0006050760857760906,0.00017555480008013544,-1.0208588719251566e-05
0.000186743782251142,7.62250492698513e-05,-0.0005950904451310635,0.00018250926223117855,-1.6941768990363926e-05
0.00018332642503082752,8.618263382231817e-05,-0.0005824010586366057,0.0001885345263872296,-1.868424988060724e-05
0.00017121582641266286,7.422640919685364e-05,-0.0005670341197401285,0.00018330193415749818,-1.1514742254803426e-05
0.0001788783847587183,5.541495193028823e-05,-0.0005706974770873785,0.00017691418179310858,-7.873156391724478e-06
0.00018335662025492638,6.219741044333206e-05,-0.0005812972667627037,0.00018837212701328101,7.81121889303904e-06
0.0001819469180190936,6.711458991048858e-05,-0.0005747965187765657,0.00019137011258862915,-2.22726976062404e-06
0.00017298410239163786,5.2722163673024625e-05,-0.0005628947983495891,0.00019357055134605616,3.94523794966517e-06
0.0001940354268299416,8.055907528614625e-05,-0.0005603218451142311,0.00020296256116125733,2.0679726731032133e-05
0.00019625642744358632,8.094080112641677e-05,-0.0005575123941525817,0.00020464531553443519,3.0572438845410936e-05
0.00017404553364031017,5.526292443391866e-05,-0.0005515078664757311,0.00020154974481556565,3.897878923453391e-05
0.0001807766821002588,7.00310993124731e-05,-0.0005564929451793431,0.00021263094095047563,2.6721858375822194e-05
0.00019704517035279423,4.622437336365692e-05,-0.0005454510101117194,0.000214847648749128,5.0563594413688406e-05
0.00019893592980224642,7.123478280846031e-05,-0.0005480489926412702,0.0002219975431216881,4.04276252083946e-05
0.0001856364251580089,6.205090903677046e-05,-0.0005362519877962768,0.0002016787329921499,4.653009818866849e-05
0.00017987556930165738,5.3129951993469156e-05,-0.0005360426148399711,0.0002106034371536225,4.977032949682325e-05
0.00018796567746903747,5.14053062943276e-05,-0.0005402981769293547,0.00021426398598123345,4.1239618440158665e-05
0.0001849277614383027,4.7983685362851254e-05,-0.0005345648969523609,0.00021659367484971884,4.631774572771974e-05
0.00019014754798263314,5.391124068410136e-05,-0.0005343232187442482,0.00021527316130232063,5.0701219151960686e-05
0.00021366559667512772,5.352699372451752e-05,-0.0005254222196526825,0.00021164986537769442,4.982757673133165e-05
0.00021938540157862008,6.743589619873092e-05,-0.0005318435723893343,0.00022356265981215986,6.219289207365364e-05
0.00019499049813020972,3.972538252128288e-05,-0.0005041442345827818,0.0002224277559434995,6.142319762147963e-05
0.00017395037866663188,4.208891186863184e-05,-0.000514170853421092,0.00021613691933453083,6.55068943160586e-05
0.000187794619705528,6.396756361937149e-05,-0.0004904555389657618,0.00026278221048414707,8.555166277801618e-05
0.00017545794253237543,4.88295336253941e-05,-0.00040779408300295467,0.00037641427479684353,0.00012532972323242575
0.00020693812984973192,9.31805043364875e-05,-0.0005241726175881922,0.00024156687140930444,8.935781806940213e-05
0.0001991468743653968,9.62539779720828e-05,-0.00047448073746636515,0.0002716982271522284,9.869382483884692e-05
0.00024142222537193447,1.9451666958048012e-05,-0.00047793835983611643,0.00022652631741948423,6.062688407837413e-05
0.0005746239330619575,7.468715193681419e-05,-0.0004056930483784527,0.0003530402318574488,0.000376264622900635
0.00021237753389868885,2.7660416890284974e-05,-0.0002671736583579332,0.0003500631428323686,0.0002543162845540792
0.0003413553349673748,7.541374361608177e-05,-0.0004431795096024871,0.000256343832006678,0.00014507552259601653
0.00022022007033228877,6.177149771247059e-05,-0.0003204191161785275,0.0004008394025731832,0.00030848229653202
0.00011182045273017138,6.618710176553577e-05,-0.0003784616710618138,0.00037229573354125023,0.00023917185899335888
0.00012223648081999272,7.523408567067236e-05,-0.0004427798266988248,0.0002573898818809539,7.521981751779094e-05
0.00016363136819563806,7.944263052195309e-05,-0.0005186449270695448,0.0002566016628406942,7.791155076120049e-05
0.0001679476699791849,6.778317037969828e-05,-0.0005051746848039329,0.000249638658715412,8.7489650468342e-05
0.00016779631550889462,6.744080019416288e-05,-0.0004767536884173751,0.00023946609871927651,0.00011053613707190381
0.00019166048150509599,3.790701157413423e-05,-0.0005017545772716403,0.0002442396944388747,8.670453098602593e-05
0.00015688040002714843,1.963042996067088e-05,-0.00036957146949134767,0.0002708412066567689,9.298644727095962e-05
0.00022504455409944057,2.678260352695361e-05,-0.00034988808329217136,0.0002611077215988189,0.00015443908341694623
0.00022271792113315317,8.625826740171759e-05,-0.0004923029337078333,0.00025998440105468035,0.00015483368770219388
0.00022229670139495283,4.7697692934889346e-05,-0.0005428725271485746,0.00019235794025007638,3.791118433582597e-05
0.00021599134197458622,6.833405495854096e-05,-0.0005052014603279531,0.0002728522813413292,0.00011386709229554981
0.00017020957602653652,4.757656279252842e-05,-0.0004709109198302031,0.0002688048407435417,0.0001057010085787624
0.0001809508103178814,5.511807466973551e-05,-0.0004962941748090088,0.0002580464060883969,0.00010519853822188452
0.00019281810091342777,4.329244256950915e-05,-0.0005011254106648266,0.0002590935619082302,0.00010452767310198396
0.00023071824398357416,7.975324115250258e-05,-0.0004799365415237844,0.00030186798539943993,0.00018568572704680264
0.0001863725483417511,6.42564773443155e-05,-0.0004970268928445876,0.00027228868566453457,0.00011334360897308215
0.00019979213539045304,6.143918290035799e-05,-0.0004665308515541256,0.00024775185738690203,0.00011553086369531228
0.00018603794160299003,2.337824844289571e-05,-0.0004904406960122287,0.00023874611360952255,0.00010939305502688512
0.0001971895107999444,6.461774319177492e-05,-0.0005076051456853747,0.00024733226746320724,9.796851372811945e-05
0.00020567147294059399,6.442646554205567e-05,-0.0005081123090349138,0.00022348064521793281,7.846760126994923e-05
0.00018010601343121382,2.5835073756752536e-05,-0.0004910017014481127,0.0002466394798830152,0.00010571058373898268
0.0001688090560492128,2.1136920622666366e-05,-0.0004977274802513421,0.00022905999503564092,7.62886120355688e-05
0.00017661694437265396,4.243513103574514e-05,-0.0004967752029187976,0.00022632618492934853,9.754298662301153e-05
0.00015289455768652258,1.4448528418142816e-05,-0.00048141161096282303,0.00021908961934968832,8.274868014268577e-05
0.00019269107724539936,5.339077688404359e-05,-0.000489794765599072,0.0002497310633771121,9.582996426615864e-05
0.0001794264098862186,4.1760507883736864e-05,-0.0005008731968700887,0.0002486021548975259,9.370644693262876e-05
0.00018173780699726197,5.186952330404893e-05,-0.00046126914094202215,0.0002631801180541516,0.00010597116488497704
0.0002039049577433616,3.6749261198565364e-05,-0.0004458423645701259,0.00029680170700885355,0.00016949363634921608
0.0001848729589255527,4.259263005224057e-05,-0.0005051902262493968,0.00023396163305733356,9.001864236779511e-05
0.00018265569815412164,3.513045157887973e-05,-0.0005061481497250497,0.00023596695973537865,8.804755634628236e-05
0.00018270178406964988,5.030681495554745e-05,-0.0004996670177206396,0.0002673452254384756,0.00011016092321369794
0.0001781323953764513,3.795630982494913e-05,-0.0005089847836643457,0.00023399357451125982,9.922916797222571e-05
0.00016392223187722266,4.820969115826301e-05,-0.00048686040099710237,0.00024467319599352777,9.1162663011346e-05
0.0001682558940956369,2.8522395950858478e-05,-0.00048288880498148495,0.00023651281662750992,0.00011548647307790816
0.00016446111840195954,3.079430462094024e-05,-0.0004625447909347713,0.0002358473575441167,0.00012047416385030374
0.00017678181757219136,3.011801527463831e-05,-0.0004991290625184773,0.00023420591605827207,0.0001049335187417455
0.00019069349218625573,4.9199727072846144e-05,-0.0005092506180517375,0.00025758726405911153,0.00013176574429962784
0.000181160110514611,4.355088458396495e-05,-0.000495661748573184,0.0002352990704821423,0.00010425542859593406
0.000171883191796951,2.074555231956765e-05,-0.0004666232562158257,0.0002601551823318005,0.0001301210286328569
0.00016092463920358566,1.550188972032629e-05,-0.0004505623364821077,0.00027453879010863597,0.0001347158831777051
0.00018020783318206668,3.908069629687816e-05,-0.0004603552515618503,0.0002518801193218678,0.00013985484838485718
0.0001759734732331708,2.3350314222625453e-05,-0.0004780494782608002,0.00025573326274752617,0.00012374723155517128
0.0001905623939819634,3.579130498110317e-05,-0.00048617183347232634,0.00024139609013218438,0.00011152078513987361
0.00019822112517431376,5.651961328112521e-05,-0.0004815403081011027,0.0002570559154264629,0.00010676649253582582
0.00015703873941674829,3.163509973092005e-05,-0.0004743874887935816,0.0002512167557142675,8.791802247287707e-05
0.00018326773715671152,6.689146539429203e-05,-0.0005064202123321593,0.00025743324658833444,0.00010567522258497776
0.0001732242526486516,1.560057353344746e-05,-0.0004909736453555523,0.00022272999922279269,8.848636934999378e-05
0.00016694993246346712,3.465422196313739e-05,-0.0005184974288567902,0.00022736089886166158,7.646415178896859e-05
0.00017631941591389475,1.8000939235207625e-05,-0.0004944229149259627,0.00022179160441737622,0.0001072966551873833
0.0001806786458473653,3.775890218093991e-05,-0.00045577439595945185,0.00028137399931438267,0.0001568003644933924
0.00016890659753698856,1.6926327589317225e-05,-0.0003876911068800837,0.0003340069088153541,0.00024269775894936171
0.00016838776355143636,2.640353523020167e-05,-0.00039382471004500985,0.0003288704319857061,0.00023884869005996734
0.00017001676314976066,2.03007639356656e-05,-0.0004090674628969282,0.0003172942087985575,0.00020991011115256697
0.00014644670591223985,1.8135702930521802e-06,-0.0004416180599946528,0.00026194960810244083,0.00015742877440061417
0.00019870602409355345,3.3072024962166324e-05,-0.000441999378381297,0.00030244598747231066,0.00019440654432401058
0.00019566640548873693,4.2318391933804385e-05,-0.0004603800480253994,0.0002985569299198687,0.00015997701848391443
0.0001828748063417152,2.3122323909774426e-05,-0.0004859221226070076,0.0002485204313416034,0.00012897935812361538
0.00015763305418659002,5.978181798127479e-05,-0.0005016116192564368,0.0002344099193578586,9.243109525414185e-05
0.00017235193809028715,3.09212991851382e-05,-0.000504051917232573,0.00022252631606534126,8.913122292142361e-05
0.00015372155758086592,3.688565266202204e-05,-0.0005092440405860543,0.00021077792916912583,5.41005538252648e-05
0.00017221791495103392,3.1499577744398266e-05,-0.0005115612293593585,0.0002230245154350996,7.797203579684721e-05
0.0001852425193646923,3.8748403312638395e-05,-0.0005013456102460623,0.00024360427050851285,0.00012665502435993403
0.00017524183203931898,3.46433007507585e-05,-0.000534149119630456,0.0002203028561780229,8.074886864051223e-05
0.00017042951367329806,2.871999458875507e-05,-0.0005350172286853193,0.00020178283739369363,6.450678483815864e-05
0.00015785788127686828,2.7183643396710974e-05,-0.0005266775842756033,0.00020163643057458103,8.681949839228763e-05
0.00017607166955713183,5.3648265748051926e-05,-0.00054316216846928,0.00022217520745471117,6.368365575326607e-05
0.00016739069542381912,3.578169707907364e-05,-0.0005246026557870209,0.00020515358482953158,6.674315955024213e-05
0.0001819321041693911,5.374389002099633e-05,-0.0005211927928030491,0.0002339844795642421,8.920407708501443e-05
0.00020707829389721155,6.774267239961772e-05,-0.0005337701877579093,0.00022599953808821738,8.180290751624852e-05
0.00019679468823596835,6.921958265593275e-05,-0.0004947062698192893,0.0002121511643053964,8.041522232815622e-05
0.00016882788622751832,4.790052116732113e-05,-0.0005407707649283111,0.00020189560018479824,4.005477239843458e-05
0.00016325195610988885,4.055135286762379e-05,-0.0005129694472998381,0.00021133168775122613,8.571933722123504e-05
0.00018176480080001056,5.1886712753912434e-05,-0.0005238404264673591,0.0002259966131532565,7.397750596283004e-05
0.00018012519285548478,5.600416261586361e-05,-0.0004992834292352201,0.0002398684300715104,9.647197293816134e-05
0.00016778007557149976,4.212288695271127e-05,-0.0005204899935051799,0.00021590228425338864,8.045961294556038e-05
0.00016951617726590484,3.342031777719967e-05,-0.0005094407824799418,0.0002213091211160645,0.00010003541683545336
0.00017139942792709917,1.8026403267867867e-05,-0.0004921120125800371,0.00021256560285110027,7.843370985938236e-05
0.0001701923320069909,3.972486229031347e-05,-0.0005131097277626394,0.00023062691616360098,0.00010217569797532632
0.00017111463239416483,2.588387178548146e-05,-0.0005079302354715765,0.0002292348217451945,9.673562453826891e-05
0.0001968781725736335,3.4183238312834874e-05,-0.0005051477928645909,0.0002396883792243898,0.00012307798897381872
0.00017898382793646306,9.267974746762777e-06,-0.0005029548774473369,0.00021901917352806774,0.00010638951061991976
0.00016958813648670912,5.37858868483454e-05,-0.0005186445778235793,0.000250707525992766,0.00011068955791415647
0.0001847971434472129,4.4265085307415575e-05,-0.0005142965237610042,0.00023338216124102476,9.840877464739606e-05
0.00017284657224081454,3.215145625290461e-05,-0.0005124660674482584,0.0002369153371546417,9.592379501555116e-05
0.00018449395429342982,3.5750832466874265e-05,-0.0005074395448900759,0.0002278433385072276,9.323150152340533e-05
0.00015723008255008608,3.319480310892686e-05,-0.0005098021356388927,0.000213554289075546,7.901626668171957e-05
0.00013282951840665194,6.999227935011732e-06,-0.0005324184894561769,0.00018472730880603197,3.6058640944247595e-06
0.00027611551922746,9.852307994151488e-05,-0.0004542058741208166,0.00027777598006650805,5.800419603474438e-05
0.00021275709150359035,0.00011906817962881179,-0.000441230513388291,0.00031168697751127183,0.00014899847155902537
0.00017949756875168532,4.7701250878162675e-05,-0.0004041740612592548,0.00033515758696012204,0.00024684856180101633
0.0001858015893958509,4.424509461387061e-05,-0.0004460924537852407,0.000280067470157519,0.00017540152475703508
0.00018193358846474442,4.657046883949079e-05,-0.0004417112213559449,0.00025951219140551984,0.00014275127614382654
0.0001673637889325619,5.188911745790392e-05,-0.00046962552005425096,0.00024379687965847555,0.00014135974925011396
0.0001860838674474508,4.276492836652324e-05,-0.0005095316446386279,0.00025004782946780324,0.00010805678903125226
0.00016686614253558218,2.6089132006745785e-05,-0.0005074076470918953,0.0002280807821080089,0.00011609322973527014
0.00018763651314657184,5.477402373799123e-05,-0.0004976055934093894,0.00025710341287776833,0.00010048101103166118
0.0001851169508881867,3.959531022701413e-05,-0.0004928960115648807,0.0002509665209800005,0.00014381253276951608
0.00018432634533382952,2.5997460397775285e-05,-0.00048393852193839853,0.00024762697285041213,9.715023043099792e-05
0.00016570067964494228,3.9040663978084915e-05,-0.0005085484008304776,0.0002307134709553793,9.714118641568348e-05
0.00020588266488630325,3.588910112739541e-05,-0.000499925808981061,0.0002380933001404628,0.0001084883842850104
0.0001783315819920972,4.301062654121779e-05,-0.0005004290724173188,0.00022950240236241368,9.728912846185268e-05
0.00018718412320595237,6.128616951173171e-05,-0.0005042296252213418,0.0002590973454061896,0.00011253874254180117
0.0001800222380552441,4.645669469027779e-05,-0.0005237185396254064,0.0002463382843416184,7.164802809711546e-05
0.0002174034307245165,4.868960968451574e-05,-0.00036589286173693836,0.0003876642440445721,0.0002799199428409338
0.00020297325681895018,1.736827107379213e-05,-0.00021304382244125009,0.000501213304232806,0.0004148352600168437
0.0001860664924606681,1.2937013707414735e-05,-0.00021267295232973996,0.0005132394726388156,0.0004299845022615045
0.00016087424592114982,-6.3503066485282025e-06,-0.0003245332627557218,0.0003745968861039728,0.0003053320106118917
0.0001880689524114132,2.3817672627046704e-05,-0.00037091653211973613,0.0003562564379535616,0.00024813262280076737
0.00020149332704022527,3.691874007927254e-05,-0.00026230150251649315,0.0004578805237542838,0.0004636443045455962
0.00013142651005182418,-1.3933934496890286e-05,-0.0003351926279719919,0.00035787362139672036,0.00043101879418827593
0.00011310357513139023,2.1497742636711333e-05,-0.00033796060597524047,0.00037337793037295336,0.00043427481432445353
0.00010759435099316761,1.682912443357054e-05,-0.00037308537866920233,0.00034264501300640404,0.0003103017224930227
0.00012842373689636588,1.8140846805181354e-05,-0.0004251307982485741,0.0002819085493683815,0.00017895609198603782
0.00018195346638094637,4.4585525756701834e-05,-0.00038438118644990027,0.00032671084045432513,0.0002307448157807812
0.00017766476958058774,3.810743510257453e-05,-0.00045566365588456387,0.00029598883702419704,0.0001956384803634137
0.00017144158482551577,4.42505806859117e-05,-0.0005500098341144621,0.00019531650468707085,4.655050724977627e-05
0.00016044214135035872,3.240708974772133e-05,-0.0005373057210817933,0.00018965627532452345,2.515127380320337e-05
0.00014955409278627482,-3.586811089917319e-06,-0.0005496900994330645,0.00015678208728786558,-2.4603690690128133e-05
0.00015071166853886098,3.8100653910078115e-05,-0.0005828487919643521,0.00016663181304465982,-3.858694253722206e-05
0.00017692387336865067,5.226245411904529e-05,-0.0005806300905533135,0.00017403931997250766,-3.210987779311836e-05
0.00019579440413508564,5.6948261772049584e-05,-0.0005889440071769059,0.00014901346003171057,-2.383157880103681e-05
0.000168800528626889,3.7284797144820914e-05,-0.0005920322146266699,0.00014870862651150674,-3.820452184299938e-05
0.00017931015463545918,2.6798586986842565e-05,-0.0005871510365977883,0.00015745485143270344,-2.1960042431601323e-05
0.00019000767497345802,3.903760807588697e-05,-0.0005866281571798028,0.0001774754491634667,-1.1602895028772764e-05
0.00018782407278195024,4.5607248466694734e-05,-0.0005792984156869353,0.00015766009164508432,-8.970179806055968e-06
0.00021518932771869004,8.182449528248979e-05,-0.0005770430434495211,0.0002141934528481215,9.46752061281586e-06
0.00017929697060026228,5.229905946180224e-05,-0.0005585394101217389,0.0002069314505206421,2.39361197600374e-05
0.0002042103442363441,5.727009192924015e-05,-0.0005683316267095506,0.00019012167467735708,2.893647615564987e-05
0.0002031465410254896,5.0854829169111326e-05,-0.0005521439597941935,0.00020059375674463809,4.002362402388826e-05
0.00019456057634670287,5.5008997151162475e-05,-0.0005552484071813524,0.0002026332222158089,3.978699169238098e-05
0.00020030139421578497,5.5168689868878566e-05,-0.0005445374408736825,0.00022345101751852783,6.394226511474699e-05
0.00020230395602993667,5.066019366495311e-05,-0.0005355588509701191,0.00022685386647935962,4.747199272969738e-05
0.00018695849576033646,6.563643546542153e-05,-0.0005558728007599711,0.0002129221684299409,2.5379526050528508e-05
0.00017355463933199644,6.373239739332347e-05,-0.0005603651516139507,0.0002054622018476948,2.7498237614054236e-05
0.00016973122546914962,2.7374053388484757e-05,-0.0005510094342753291,0.00018896405526902527,3.450474832789041e-05
0.0002037471131188795,5.2628056437242776e-05,-0.0005324259982444347,0.0002125009341398254,4.9498627049615613e-05
0.0001858308678492904,6.0325004596961655e-05,-0.0005372661398723722,0.0002066086744889617,3.701985770021565e-05
0.00017262104665860534,4.5331726141739643e-05,-0.0005399101064540446,0.00020003376994282007,3.7135774618946016e-05
0.0002009460149565712,5.8051067753694945e-05,-0.000535842904355377,0.0002354001480853185,6.36931144981645e-05
0.0001957289059646428,6.20621140114963e-05,-0.0005200711311772466,0.0002431479369988665,8.030437311390415e-05
0.00017949289758689702,4.725921098724939e-05,-0.0005256751901470125,0.00021069831564091146,5.06368996866513e-05
0.0001729177893139422,3.6916189856128774e-05,-0.0005381373921409249,0.0002068097674055025,4.252918370184489e-05
0.0001947582786669955,4.7998644731706015e-05,-0.0005039779935032129,0.00023466876882594081,7.382273179246113e-05
0.0001734271936584264,2.3967239030753266e-05,-0.0005167752970010042,0.0002297352475579828,7.160883251344785e-05
0.0001753196120262146,2.8248783564777117e-05,-0.000499288784340024,0.0002269834949402138,7.307068153750151e-05
0.00016467731620650738,3.7654965126421296e-05,-0.000527700874954462,0.00022599128715228292,4.797742076334544e-05
0.00017386763647664338,5.291940397000872e-05,-0.0005248446250334382,0.00023606240574736148,4.824356074095704e-05
0.0001848445681389421,3.9119116991059855e-05,-0.0005021881661377847,0.00024757746723480517,8.379895734833553e-05
0.0001868862163973972,3.1147777917794876e-05,-0.000495303189381957,0.00020992189820390195,9.19653830351308e-05
0.0002143739984603599,8.981387509265916e-05,-0.0005156397819519043,0.00023879385844338683,0.00010484149242984132
0.00022318211267702281,0.00015734200133010745,-0.0005880090175196527,0.00024101756571326408,6.314022175502032e-05
0.00020641996525228026,0.0001473930897191167,-0.0006039516883902253,0.000250317418249324,4.675825766753405e-05
0.0002119770651916042,0.00013357900024857372,-0.0005576033727265893,0.00025151929003186524,7.507524423999712e-05
0.0002009100717259571,9.509854135103524e-05,-0.0005256955628283322,0.00023845258692745117,5.69681178603787e-05
0.00016815743583720175,6.105258216848597e-05,-0.0005275688599795103,0.00023582472931593657,7.065941463224591e-05
0.00016065231466200205,4.1397885070182376e-05,-0.0005029173335060476,0.000237078609643504,7.518323400290684e-05
0.00015501912275794896,3.2635245588608086e-05,-0.00048692384734749794,0.00022843263286631557,7.676273526158184e-05
0.00018983366317115724,2.9526341677410528e-05,-0.00047440646449103946,0.0002747552643995732,0.00018263474339619282
0.00020390504505485296,5.796232653665356e-05,-0.0004640015831682831,0.00031301903072744613,0.00016297458205372098
0.0001748891081660986,3.1017665605759255e-05,-0.0004971632733941078,0.00023084093118086455,0.0001082056187442504
0.00018433202058076856,3.43104766216129e-05,-0.0005006203427910805,0.0002341262152185664,0.00011431559687480329
0.0001783041952876374,5.788611815660261e-05,-0.0004800185852218419,0.0002681045734789222,0.00010627604933688416
0.00017540057888254523,2.534380473662168e-05,-0.0005049897590652108,0.00023592676734551787,9.806910384213552e-05
0.00017559190746396783,4.080117651028559e-05,-0.0005005814600735903,0.0002496575762052089,0.00012649866403080526
0.00015142615302465856,-1.006551792670507e-05,-0.00045202803448773915,0.0002280485932715237,9.98125979094766e-05
0.00017704370839055628,1.1058016752940604e-05,-0.0004678293189499527,0.0002265173097839579,9.577477612765507e-05
0.00019627627625595776,4.560509478324093e-05,-0.00047128085861913865,0.00025428266962990165,0.00010078712512040512
0.00018774732598103583,5.510726259672082e-05,-0.00046344913425855344,0.0002687887172214687,0.00012837717076763508
0.00018507990171201527,4.610396717907861e-05,-0.00048420339589938516,0.00023653305834159252,0.00010325491894036531
0.0001856981252785772,4.387950320960954e-05,-0.0004929690621793269,0.0002616815036162734,0.00011546930909389629
0.0001557980285724625,3.2786108931759366e-05,-0.0005066440789960325,0.00023128197062760592,0.00012356071965768933
0.0001777077413862571,2.5630863092374053e-05,-0.0004930322174914181,0.0002261775080114603,0.00010363259934820236
0.00018023162556346503,2.2866717699798755e-05,-0.0004950269358232617,0.00022694922517985103,9.839991253102198e-05
0.00018078804714605207,2.7656298698275347e-05,-0.0004988294676877558,0.00024929473875090485,0.00010537626803852618
0.00016257054812740537,4.983562757843174e-05,-0.0005011288449168205,0.0002576771657913923,9.877144475467503e-05
0.00020750454859808087,5.092362334835343e-05,-0.0004882945795543492,0.00026125082513317466,0.00011932852066820489
0.00018570675456430763,3.934573396691121e-05,-0.0004992215544916688,0.0002500305126886815,0.00010414003190817311
0.00020215567201375959,6.242743256734684e-05,-0.0004674138035625219,0.00025512569118291145,0.00011743691720766948
0.00020574487280100584,7.78933899709955e-05,-0.00048197491560131306,0.000283056782791391,0.00011635009286692366
0.0001962899841601029,5.407818389357999e-05,-0.0005048075690865517,0.0002572574012447149,0.00011334871669532733
0.00020329395192675287,6.924699118826538e-05,-0.0005149456555955112,0.0002465503930579871,9.070264786714688e-05
0.00020100688561797145,6.418510747607796e-05,-0.0005072702770121397,0.0002444596611894667,0.00012811843771487474
0.00017059269885066897,2.9429409551084966e-05,-0.00048201848403550684,0.0002385812404099852,0.00012522055476438254
0.0001709620701149106,5.890014654141851e-05,-0.0004968191497027874,0.0002473294734954834,0.00012495928967837244
0.0001886094541987404,7.315563561860472e-05,-0.0004745966580230743,0.0002704294747672975,0.00011759552580770105
0.00017504030256532133,5.9196565416641527e-05,-0.0004658245306927711,0.0002484194119460881,0.0001448438415536657
0.0001970910670934245,6.423233571695164e-05,-0.0004996251664124429,0.00027876498643308883,0.00010727710468927397
0.000181039358722046,6.223708624020219e-05,-0.00046470607048831886,0.00026365066878497595,0.00013065559323877096
0.00017717112496029586,3.6384335544426e-05,-0.000491845712531358,0.0002502857241779566,0.00011366586113581433
0.0001620229595573619,2.4643206415930766e-05,-0.0004911322030238806,0.00024871170171536505,0.00012721080565825105
0.00017799083434510976,7.329984509851784e-05,-0.0005038522649556398,0.00023617045371793208,0.0001068242490873672
0.00017721961194183677,3.9300633943639696e-05,-0.0004912811564281583,0.00025124417152255774,9.835325181484222e-05
0.00019742076983675358,7.921616634121165e-05,-0.00045244616921991115,0.00027761328965425486,0.00022440825705416498
0.0001912135921884328,8.183755562640728e-05,-0.00046116154408082366,0.00025323624140582984,0.00012381737178657204
0.00015327558503486216,3.8180194678716355e-05,-0.0004899955820292233,0.0002457113296259194,0.00015434063971042633
0.00021157746959943324,8.405560947721824e-05,-0.00047590583562850947,0.0002388453140156344,0.00011527695460245012
0.0001731055526761338,5.055719520896673e-05,-0.0004617826198227704,0.0002539085689932108,0.00012793313362635672
0.000219903071410954,7.595247734570877e-05,-0.0004755829286295921,0.0002591563679743558,0.0001400922192260623
0.0001683249429333955,5.104024603497237e-05,-0.000487790210172534,0.00025318539701402193,0.00014879199443385005
0.00018116952560376376,7.14890265953727e-05,-0.0004849536635447294,0.0002599233703222126,0.0001600093237357214
0.00018745748093351722,4.994796836399473e-05,-0.0004896560567431152,0.00024138066510204223,0.00017060048412531614
0.0002113387017743662,8.44506357680075e-05,-0.0004969877190887928,0.00025710547924973065,0.0002050312323262915
0.00019180067465640602,5.222940308158286e-05,-0.000492438324727118,0.0002430313325021416,0.00013860143371857705
0.0002121113211615011,5.385817348724231e-05,-0.0004873441066592932,0.00023159429838415235,0.0001788544177543372
0.00019022390188183635,4.654770600609481e-05,-0.0004617611994035542,0.00023696696734987202,0.00018680241191759706
0.0002046499284915626,8.091635390883312e-05,-0.00048182392492890363,0.00025357029517181223,0.00016035619773902
0.00016721228894311935,3.8895177567610524e-05,-0.00047863260260783136,0.00025050246040336793,0.00010579352965578437
0.00019710864580702042,6.72798341838643e-05,-0.0004957753117196262,0.0002438660594634712,0.0001420712796971202
0.00017603479500394317,4.1453364246990525e-05,-0.0005036781076341867,0.00024273502640426156,0.00014095728693064302
0.00017170199134852737,7.480789645342156e-05,-0.000496246328111738,0.0002572231169324368,0.00019539226195774967
0.00017837798804976046,3.797091994783841e-05,-0.00048697920283302665,0.00022151916346047076,0.00018958946748171002
0.000186739896889776,8.234313281718643e-05,-0.0004885158850811422,0.0002803094685077667,0.00011820613144664094
0.00018017621187027544,6.793418287998065e-05,-0.00048549243365414435,0.00027896102983504534,0.00014619718422181904
0.00019788426288869232,2.8082082280889153e-05,-0.0004910210845991969,0.00022958056069910526,0.0001650834019528702
0.00019752976368181407,7.19302988727577e-05,-0.0004854566359426826,0.0002390805311733857,0.00010717977420426904
0.0002066153974737972,7.390245446003973e-05,-0.0004875916056334973,0.0002446533180773258,0.00018816618830896917
0.00018980729510076344,6.903593748575075e-05,-0.00048609121586196135,0.00025554225430823857,0.00016418581071775407
0.0001817745505832136,6.390442285919562e-05,-0.0004723562742583453,0.00026312025147490203,0.00028290334739722317
0.00019986269762739542,0.00012154173600720242,-0.0004926870460622013,0.00024265778483822944,0.00025712742353789514
0.0002132325025741011,3.939500675187446e-05,-0.00047670525964349514,0.00022952168365009132,0.0001382383779855445
0.00020405890245456249,8.499069372192025e-05,-0.0004837644810322672,0.00024259007477667183,0.0002610984374769032
0.00022469834948424247,7.849532266845927e-05,-0.0004851222911383957,0.00025401479797437787,0.00020909818704240024
0.0002058783866232261,3.967218071920797e-05,-0.0004585359711199999,0.00024331528402399272,0.00020956536172889173
0.00018795920186676085,7.531415030825883e-05,-0.0004909929120913148,0.00024538664729334414,0.00013626548752654344
0.0001869912666734308,5.362564843380824e-05,-0.0004552449390757829,0.0002772991720121354,0.0001687865296844393
0.00021756664500571787,7.303238817257807e-05,-0.0004633437783923,0.000248579221079126,0.00020791532006114719
0.00019228892051614818,2.702577148738783e-05,-0.0004855688894167543,0.00023470439191441983,0.0001387528609484434
0.00020860518270637843,6.444057362386957e-05,-0.0004771463572978973,0.00024219974875450132,0.00017478990775998682
0.00020744228095281866,8.031017205212264e-05,-0.0005098505644127727,0.0002605000336188823,0.00014750935952179134
0.0001976279600057751,5.603117097052747e-05,-0.0005064816214144231,0.0002522738068364561,0.00017307947564404458
0.00021619038307107982,4.600340616889298e-05,-0.0004971480811946094,0.0002441433898638934,0.00017471160390414298
0.0002082674182020128,3.7036719731986516e-05,-0.00048116917605511833,0.00025349887437187135,0.0001766010973369703
0.00021164491772651672,7.279156125150621e-05,-0.00046295259380713116,0.00024921755539253354,0.0002200287999585271
0.00022114829334896055,8.386164699913934e-05,-0.00046824524179100985,0.00023691420210525396,0.00020892427710350603
0.00022173853358253837,8.174941467586906e-05,-0.0004764928307849914,0.00026307819643989205,0.00018897683185059575
0.00022081824135966602,7.979710062500091e-05,-0.00048637358122505253,0.00026208389317616815,0.00022110469581093642
0.0002087420434691012,7.693775842199102e-05,-0.0004518481146078557,0.00026371239800937474,0.00019482192874420437
0.00022514429292641583,7.458527397830039e-05,-0.0004645143053494394,0.0002687371743377298,0.00023795815650373697
0.00021026559988968077,5.505554508999922e-05,-0.0004772456595674157,0.00025794035173021257,0.00019724636513274166
0.00021292098972480744,6.361408304655924e-05,-0.0004848751123063266,0.0002484867873135954,0.0001925403921632096
0.00018837902462109923,6.556446169270203e-05,-0.0004795156419277191,0.00024524758919142187,0.0001841757184593007
0.0002330574789084494,9.64972350629978e-05,-0.00047005643136799335,0.00026354589499533176,0.0002059095131698996
0.0001889469713205472,6.311059405561537e-05,-0.00048360662185586994,0.0002712571294978261,0.0001973145263036713
0.0002164407487725839,8.403648098465055e-05,-0.0004682278085965663,0.00025065214140340686,0.0001967216958291829
0.00023973888892214745,0.00013073274749331176,-0.0004895713063888252,0.0002691971603780985,0.00019940872152801603
0.0002145678154192865,4.779845767188817e-05,-0.00042093746014870703,0.0002447155129630118,0.00018815974181052295
0.0002743740624282509,8.568996418034658e-05,-0.0004891775897704066,0.00025829244987107813,0.0002526669704820961
0.00024287294945679605,8.429153240285814e-05,-0.0004358270089142025,0.0002824366092681885,0.00026871252339333296
0.00021760909294243905,7.661261770408599e-05,-0.0004756564158014953,0.00027775546186603606,0.00014569167979061604
0.00022006340441294014,4.849781907978468e-05,-0.00048594755935482686,0.0002509502519387752,0.00014022197865415365
0.00019338316633366048,7.27607839507982e-05,-0.00048583504394628113,0.00025677192024886614,0.00019218875968363136
0.00021922892483416942,6.489127554232255e-05,-0.0004778418806381524,0.0002612815296743065,0.00021737796487286687
0.00024139707966241983,5.5390257330145694e-05,-0.0004851435660384595,0.0002596769481897354,0.00025812254170887167
0.00021945913613308218,8.007097494555637e-05,-0.00046442347229458386,0.0002774719032458961,0.00021827939781360328
0.00020856905030086642,8.160511788446456e-05,-0.000469355029053986,0.00026605691527947783,0.00023467982828151435
0.000267182185780257,5.838603829033673e-05,-0.0004423031641636044,0.00026389630511403084,0.0002710096596274525
0.00022996558982413262,7.384450873360038e-05,-0.0004785685450769961,0.00027580081950873137,0.00021621365158353
0.0002520162088330835,7.451769488397986e-05,-0.00047346402425318967,0.00027048710035160184,0.00028012131224386394
0.0002125838800566271,6.664089596597478e-05,-0.0005006584106013179,0.00025569758145138616,0.00018688588170334694
0.00022934081789571792,7.11007887730375e-05,-0.00048158920253627,0.0002666497603058815,0.0002033950295299292
0.00023597067047376183,3.162807843182236e-05,-0.0004925038083456457,0.00024828265304677194,0.00020548223983496428
0.00022606065613217646,7.112991443136707e-05,-0.00048544531455263495,0.00026105146389454603,0.000186413133633323
0.00022147120034787804,5.39273169124499e-05,-0.0004761304589919746,0.0002577882551122457,0.00017855323676485568
0.00022504870139528066,8.647240611026065e-05,-0.0004777572466991842,0.0002713743597269058,0.00021647677931468934
0.00024425203446298843,6.905751070007682e-05,-0.0004883290966972709,0.00026634769164957106,0.00020392962323967367
0.00023142457939684388,8.978607365861535e-05,-0.00047475565224885935,0.00027923169545829296,0.00019743897428270432
0.00022033283312339336,9.516282443655656e-05,-0.00048298874753527343,0.00026016795891337097,0.00020289758685976267
0.00022619660012423995,8.531786443199962e-05,-0.00048066917224787176,0.0002668403321877122,0.00017821842629928142
0.0001775437849573791,5.7860801462084055e-05,-0.00048226173385046417,0.00022143228852655739,0.0001885595265775919
0.00022540628560818726,6.571957055712119e-05,-0.0004908345872536302,0.000296822254313156,0.00017505059076938778
0.00022091921709943565,7.406093209283426e-05,-0.0004936502082273363,0.0002699226897675544,0.00019797093409579247
0.0002297970204381272,6.128526001702994e-05,-0.00048599916044622665,0.000259644613834098,0.00019353305106051263
0.00021386249864008278,7.044043741188943e-05,-0.0004642906715162098,0.00028146986733190715,0.00022394637926481664
0.00022482202621176842,5.638631046167574e-05,-0.00048357824562117463,0.00024503067834302783,0.00019655082724057135
0.0002067942259600386,7.921785436337814e-05,-0.00047785692731849855,0.0002595887053757906,0.00017093670612666756
0.00021323277906049043,4.773578984895721e-05,-0.00040822351002134383,0.0002452174376230687,0.00020581201533786952
0.0002310499985469505,8.109269401757047e-05,-0.00047325636842288077,0.00026296489522792404,0.0001848983374657109
0.00020602675795089453,6.063062028260902e-05,-0.0004701949656009674,0.0002611162781249732,0.0001897226902656257
0.00021331153402570638,3.18892634822987e-05,-0.0004810612881556152,0.00023947244335431606,0.00019878179591614756
0.00021343822299968449,6.601656787097454e-05,-0.0004966271808370948,0.0002512889914214611,0.00019118613272439688
0.0002355661999899894,8.2395963545423e-05,-0.0004711529181804508,0.0002711804991122335,0.00019481591880321503
0.00021425640443339944,5.371736187953502e-05,-0.0004766331694554538,0.00026340311160311103,0.00018321546667721123
0.0002149709907826036,7.187468145275488e-05,-0.0004817226144950837,0.00025774427922442555,0.00020024595141876492
0.00020522392878774556,6.849352939752863e-05,-0.00047061752411536867,0.00025868552620522683,0.00017864730034489185
0.00021541991736739877,7.407140947179869e-05,-0.00047771076788194483,0.00025212470791302616,0.00018684037786442784
0.0002380306541454047,5.942366260569543e-05,-0.000499251764267683,0.00025094632292166347,0.00019368139328435063
0.00022292346693575385,5.2691382734337815e-05,-0.0004821975016966462,0.00023882313689682635,0.00018232174625154585
0.00022967021504882726,5.827102722832933e-05,-0.00047092398745007813,0.0002435538335703313,0.00020843319362029436
0.0002451183972880244,6.091003160690889e-05,-0.00046947179362177854,0.0002530995407141745,0.00019246987358201292
0.00021412548085208985,4.017227547592484e-05,-0.00047385907964780927,0.00024077309353742748,0.00020057859364897013
0.00020052866602782157,6.575324368895963e-05,-0.0004740232834592462,0.00027291019796393806,0.000178299262188375
0.00020278924785088748,5.1460952818160883e-05,-0.0004988871514797211,0.00023663551837671548,0.00017471470346208662
0.00023459970543626693,6.805117300245911e-05,-0.00048073162906803185,0.00025986292166635394,0.00019572682504076508
0.00023751136905048043,6.719497469021007e-05,-0.00048448401503264893,0.0002582095912657678,0.0002031120384344831
0.00021355797071009874,5.988386692479253e-05,-0.0004912411095574498,0.0002582881425041705,0.00018390319019090384
0.00018370903853792694,5.787228656117804e-05,-0.0004900072817690669,0.0002459652605466545,0.00015334566705860198
0.0001900011411635205,5.885188875254244e-05,-0.0004926682449877262,0.000268035102635622,0.0001376051950501278
0.0002100743731716648,6.173919246066362e-05,-0.0005043696728534998,0.00024332501925528052,0.00016294607485178858
0.0002188599610235542,6.056066922610626e-05,-0.0004792886902578175,0.00025663358974270517,0.0001835902949096635
0.00017142320575658232,4.0585371607448906e-05,-0.0004744985199067741,0.00022899499163031578,0.00016828457592055202
0.0002226280776085332,6.802460120525211e-05,-0.0004903845838271081,0.00024542657774873083,0.00018766599532682449
0.00020937818044330922,4.54669316241052e-05,-0.0004958148347213863,0.00023167021572589877,0.000166408353834413
0.00021126415231265128,8.368609996978195e-05,-0.0004932398442178965,0.0002487922029104084,0.00018518671276979148
0.00017379925702698531,6.247012788662687e-05,-0.0004268924822099507,0.00026443245587870484,0.00015790891484357417
0.00021788268350064757,0.00011537592945387588,-0.0004896372556686401,0.00028765489696525037,0.00017757398018147796
0.0002324664674233645,8.722042548470199e-05,-0.0004843113711103797,0.00029431830625981087,0.00015517503197770566
0.00025423665647394955,9.666525147622453e-05,-0.0005082584102638067,0.0002711626293603331,0.00023341522319242358
0.00021400165860541165,8.449913002550602e-05,-0.0005002425168640912,0.00026234693359583616,0.00021471879153978082
0.0002216328139184043,5.6093544117175036e-05,-0.00047612068010494113,0.0002513775543775409,0.00020433260942809284
0.00019785505719482901,6.96201459504664e-05,-0.00045363995013758535,0.0002582118031568825,0.00022029104002285751
0.00021458537958096716,5.188292561797425e-05,-0.0005091918283142148,0.0002521910355426371,0.0002009138115681708
0.0001991999160964042,7.260389975272119e-05,-0.0004978541401214899,0.0002617071440909058,0.00015098016592673955
0.00020315751316957176,6.028883944964036e-05,-0.0004755559202749282,0.00025022358749993145,0.00021406717132776976
0.00022158255160320553,6.370725895976648e-05,-0.000498253561090678,0.00026548729510977864,0.0001856164017226547
0.00021906293113715947,6.029201176716015e-05,-0.00048608379438519483,0.0002624084881972521,0.0001927398261614144
0.0001999266241909936,6.169797416077927e-05,-0.0005084641743451357,0.000250554527156055,0.00018751212337519974
0.0002174571418436244,7.452927820850164e-05,-0.0005044790450483562,0.0002705096558202058,0.0001802314800443128
0.00022422459733206781,4.4163065467728295e-05,-0.0004967445274814963,0.0002456555666867644,0.00019478039757814256
0.0002383261162322014,6.583284994121641e-05,-0.0004959125071763992,0.00026076092035509646,0.0001752802636474371
0.00020330554980318996,4.0385217289440334e-05,-0.00047151363105513166,0.0002311453426955268,0.00018325466953683645
0.00020681599562522024,4.325861664256081e-05,-0.0004731154185719788,0.0002441930992063135,0.00018609863764140758
0.0002109787310473621,4.3681364331860095e-05,-0.0004807884979527444,0.0002471621846780181,0.00017364775703754276
0.00018698320491239429,4.272544902050868e-05,-0.0005077340756542982,0.00023006100673228505,0.00013907099491916597
0.00020127567404415456,5.461004184326157e-05,-0.0004966662963852286,0.00024094495165627452,0.00017022281826939434
0.00021226992248557508,6.985426443861797e-05,-0.00047956770868040616,0.00024015844974201173,0.00019013202108908445
0.0001999560336116701,5.877573130419478e-05,-0.0004903266089968383,0.00025129367713816464,0.00016542001685593277
0.00022921767958905548,5.6990182201843716e-05,-0.0004988705040886998,0.00024248196859844034,0.00017768227553460747
0.0002055866498267278,4.364403139334172e-05,-0.00042717321775853634,0.00025275428197346633,0.00023567613970953968
0.00023973581846803427,4.308608549763449e-05,-0.0004961389349773526,0.00023790363047737628,0.00018826007726602256
0.00018076511332765224,6.210635910974814e-05,-0.0005240513128228487,0.0002354115131311118,7.957611524034292e-05
0.0002169454237446189,9.26249922486022e-05,-0.0004973963950760663,0.0002776744950097054,0.00016939947090577334
0.0001844077050918713,8.557185356039554e-05,-0.0005013018962927163,0.0002810985897667706,0.0001445363741368055
0.00021504858159460127,7.933015876915306e-05,-0.0004830094403587281,0.00025038025341928005,0.00015895318938419223
0.0001861874479800463,3.0592411349061877e-05,-0.0004789792292285711,0.0002340470091439784,0.00016846282233018428
0.0001931580336531624,4.929514034301974e-05,-0.00048591400263831014,0.000240132721955888,0.00017172792286146432
0.0001990236050914973,5.219460217631422e-05,-0.0004988944856449962,0.0002605396148283034,0.00017563393339514732
0.00019310513744130733,6.914281402714549e-05,-0.000499566609505564,0.00025501265190541744,0.0001372889382764697
0.00018913960957434028,6.459312135120855e-05,-0.000512091675773263,0.000251744146225974,0.0001333053660346195
0.0002020869287662208,2.4800303435768e-05,-0.00048260632320307195,0.0002430493768770248,0.0001785641652531922
0.00019690151384565982,6.623896479140967e-05,-0.0004819420864805579,0.0002460521354805678,0.00017232782556675377
0.00019937111937906596,6.001799192745239e-05,-0.0004940325161442161,0.00025480575277470047,0.00016879572649486366
0.00020884870900772512,7.034848385956138e-05,-0.0005193206015974283,0.00025005947099998593,0.00015520796296186742
0.0001934417960001156,6.866525654913858e-05,-0.000488481018692255,0.0002575289108790457,0.00017354874580632895
0.0001642800198169425,4.064350650878623e-05,-0.0005053594359196723,0.0002467051090206951,0.00013712279906030744
0.00019562614033930004,5.466236689244397e-05,-0.0004965232801623641,0.00023963362036738545,0.00014594408276025206
0.0002022163971560076,4.866234303335659e-05,-0.0005001332028768957,0.0002312751166755333,0.00017374173330608755
0.00017199201101902872,5.8494559198152274e-05,-0.0005027370643801987,0.00026327394880354404,0.00011795158206950872
0.0001844087237259373,5.849535227753221e-05,-0.0004888066905550659,0.0002474209468346089,0.00015007395995780826
0.00018420827109366653,5.5063414038158946e-05,-0.0004510204307734967,0.00023849483113735917,0.00013754400424659252
0.00021099537843838331,4.402009653858841e-05,-0.0004758407303597778,0.00024195524747483432,0.00015171211271081117
0.0002246086951345205,8.095092925941572e-05,-0.0005275839357636869,0.0002525373420212418,0.0001212965726153925
0.00017301244952250272,7.758240099065006e-05,-0.0005196816637180746,0.00025922912755049765,0.00013412169937510043
0.00016338855493813753,7.173493213485926e-05,-0.0005217966390773653,0.00024031411157920962,8.548564801458271e-05
0.00018889270722866058,5.785361645394005e-05,-0.0005115550011396408,0.00024774009943939745,0.0001413192076142877
0.00017440508236177266,5.9873022109968595e-05,-0.0005018924712203443,0.0002357456542085856,0.00012911025260109454
0.00017568553448654709,6.489473162218928e-05,-0.0005061659030616283,0.0002542998408898711,0.00013899423356633633
0.00017398850468453017,6.76172276143916e-05,-0.0005001077079214157,0.0002457233495078981,0.00010383128392277284
0.00019074387091677639,5.180383595870808e-05,-0.0005011561443097888,0.00024384375137742606,0.00014832298620603979
0.0001623777934582904,5.9438054449856275e-05,-0.0004955661133863032,0.0002436449722154066,0.00011828789138235152
0.0001711373042780906,6.720316741848364e-05,-0.0005156943807378411,0.00023660215083509684,0.00010346181807108223
0.00014040847599972042,2.294462319696322e-05,-0.0004897854523733258,0.0002262430789414793,7.680434646317735e-05
0.00018364543211646378,3.61536476702895e-05,-0.00048676235019229347,0.00025579147040843964,0.0001264274906134233
0.00018860750424209982,4.3589847336988896e-05,-0.0004874750156886876,0.00026215199613943696,0.00014005521370563656
0.00017245802155230192,3.978858148911968e-05,-0.000482856878079474,0.00024593481793999667,0.00014085385191719982
0.00016037090972531587,5.112611688673496e-05,-0.0004988631699234247,0.00023109265021048486,0.00011099482799181716
0.00020400472567416728,3.3115815313067294e-05,-0.0004895636229775847,0.00024417362874373794,0.00016136685735546052
0.0001615709625184536,4.765196717926301e-05,-0.0004861168563365936,0.00024358797236345708,0.0001254469825653359
0.0001711040094960481,4.095622716704384e-05,-0.0004984902916476129,0.00023109531321097163,0.00011144725431222469
0.00018084859766531736,4.477706897887401e-05,-0.0004852960119023919,0.00024884086451493204,0.0001221032434841618
0.00017585516616236418,6.96077404427342e-05,-0.0005021858378313482,0.0002825059636961669,0.00011830503353849053
0.00021950060909148303,0.00011018291843356565,-0.0004688910557888448,0.00028023813501931727,0.00014788056432735175
0.00019427243387326598,7.032522262306884e-05,-0.0004646328161470592,0.0002474293287377804,0.00011471082689240576
0.00017764016229193658,3.535954965627752e-05,-0.00046925284550525253,0.0002449554449412972,0.00010519218631088734
0.00020417857740540057,9.7834607004188e-05,-0.0004954669857397676,0.00023802506620995698,0.00010960840882034972
0.0001750461378833279,0.0001152196418843232,-0.0005574554088525474,0.0002505155571270734,7.606086728628726e-05
0.0001393520797137171,8.279346366180107e-05,-0.0005228299996815622,0.0002593421377241612,0.00010369832307333128
0.00018478164565749464,7.54403808969073e-05,-0.0004969539004378022,0.0002577402628958225,0.0001264755119336769
0.00013157767534721643,4.34003995906096e-05,-0.0005004378035664558,0.00022898014867678287,8.558754780096933e-05
0.00016819829761516303,5.039701500209048e-05,-0.0004976157215423882,0.00026604332379065454,9.380068513564764e-05
0.0001761849271133542,6.035974729456939e-05,-0.0004980237572453916,0.00024004036094993356,0.00011893254122696817
0.00017298028978984806,4.587474541040138e-05,-0.0004989263834431766,0.0002631902461871505,0.00011246275971643628
0.00017959621618501842,6.814703374402598e-05,-0.00048688089009374386,0.00023037566279526803,0.00011525115405675024
0.00014675971760880202,2.152843080693856e-05,-0.00048507872270420194,0.00022666472068522123,0.00012483380851335826
0.00018951890524476767,8.165401231963187e-05,-0.000492406019475311,0.00025478150928393006,9.076653805095702e-05
0.00019037316087633369,4.039660416310653e-05,-0.00047806388465687627,0.0002593730459921062,0.00012336246436461806
0.00016272511857096106,4.6054221456870443e-05,-0.0004819910100195557,0.00024157848383765668,0.00010713322990341112
0.00019675909425131974,5.784755194326863e-05,-0.0005066197481937706,0.00023886573035269976,8.748161781113595e-05
0.00015614839503541591,5.886857979930937e-05,-0.0004976022755727172,0.00024435672094114125,7.464192458428442e-05
0.00014909578021615744,2.820184454321861e-05,-0.0004891533753834665,0.0002311079006176442,8.075892401393503e-05
0.00015497626736760142,6.955821299925447e-05,-0.0005159209831617774,0.0002607912174426019,8.916930528357625e-05
0.00022183275723364204,8.093070209724829e-05,-0.0004760217852890492,0.00025393793475814164,0.00011833393364213408
0.00014896572974976152,9.425833923160097e-06,-0.0004721930017694831,0.00023697719734627753,9.233461605617777e-05
0.00018685805844143038,4.38782008131966e-05,-0.0005005931598134339,0.00024503469467163086,0.00010215961083304136
0.0001605684810783714,3.497881698422134e-05,-0.0005064145661890507,0.00023518566740676758,9.428904013475405e-05
0.00016312647494487464,4.610469841281883e-05,-0.0004872416611760855,0.0002480941475369036,8.718560275156051e-05
0.0001580806274432689,4.953567622578703e-05,-0.000486971519421786,0.00024034609668888154,0.0001015098678180948
0.0001485864777350798,4.491102663450874e-05,-0.0004911834839731455,0.0002483871066942811,8.534391963621601e-05
0.00017110549379140139,3.785371882258914e-05,-0.00047658197581768036,0.00023413536837324503,9.446099284105004e-05
0.00018155590805690736,4.987031206837855e-05,-0.00048095648526214063,0.0002520867274142802,0.00012378522660583258
0.00016042347124312073,4.801322575076483e-05,-0.00050929345889017,0.0002357360644964501,8.285008516395465e-05
0.00016426239744760096,4.572114994516596e-05,-0.0004688070621341467,0.00023185968166217208,9.802501881495118e-05
0.00016651827900204808,3.0780796805629513e-05,-0.00046810414642095566,0.00022523787629324946,0.00011968221224378794
0.00015881628496572375,7.31851760065183e-05,-0.0005181976011954248,0.0002395203337073326,7.894838927313685e-05
0.0001836574956541881,0.00012723688269034028,-0.0005282149068079889,0.00025510048726573586,9.015004616230726e-05
0.00016126700211316347,7.3357077781111e-05,-0.0005165607435628772,0.0002496124943718314,8.422764949500562e-05
0.00014518789248540998,4.345450724940747e-05,-0.0004996805801056325,0.00024317661882378158,7.581054524052888e-05
0.00015688162238802758,4.765058474731632e-05,-0.0004920026985928416,0.00023628050985280424,0.00010358134022681044
0.00015048975183162838,5.803516978630796e-05,-0.0004999081720598042,0.0002465851721353829,9.303912520408629e-05
0.00014739655307494104,6.569542165379971e-05,-0.0005002553225494921,0.0002588411152828485,8.898018859326841e-05
0.00017113807552959767,7.391843246296048e-05,-0.0004760411393363028,0.00025476061273366213,8.79057333804667e-05
0.0001527022250229493,6.356720405165106e-05,-0.00048651549150235946,0.00023155474627856162,7.032218854874372e-05
0.0001477486512158066,3.531661786837503e-05,-0.0004964885301887988,0.0002443738339934498,8.207208156818524e-05
0.0001823866186896339,5.266224616207182e-05,-0.0004995123017579316,0.00024237466277554629,0.00010598090739222243
0.00018194052972830832,5.369076097849757e-05,-0.0004942832165397704,0.00025641979300417006,0.00011250050010858104
0.0001530116132926196,6.278347427723929e-05,-0.0005038947565481067,0.00023078084632288662,9.59374592639506e-05
0.0001477252226322889,2.934718577307649e-05,-0.0004900352214463055,0.00023465955746360123,8.890301251085475e-05
0.000191093553439714,4.290902143111453e-05,-0.0004981455276720227,0.00024460203712806106,0.00010327674681320786
0.0001673351653153077,3.150311022181995e-05,-0.000478450849186629,0.00023554719518870118,0.00010337433923268692
0.00019791847444139418,7.320001896005124e-05,-0.0004880554624833167,0.0002574181417003274,0.00011642434401437642
0.00016413752746302634,7.219635881483555e-05,-0.0004825246869586408,0.00024837820092216134,0.00010432318231323734
0.00015206175157800314,5.04806412209291e-05,-0.0005012215115129949,0.00023794495791662484,7.334534893743694e-05
0.00015738527872599659,4.957310375175439e-05,-0.0005012952024117112,0.00024894077796489,8.980778511613607e-05
0.00014379090862348676,5.544258965528571e-05,-0.0005075784283690156,0.00023161372519098222,8.75435143825598e-05
0.0001564640406286344,2.122850128216669e-05,-0.00048775514005683357,0.00022483542852569371,9.491357923252508e-05
0.00018473443924449384,7.535360055044293e-05,-0.0004980280064046383,0.00024221520288847387,9.295366908190772e-05
0.00015450127830263227,3.70929301425349e-05,-0.0004980784724466503,0.00022283053840510547,8.023233385756613e-05
0.00016306886391248554,6.110754475230351e-05,-0.0004970008158124983,0.00025314177037216723,8.243673073593527e-05
0.00015611606067977846,5.918324677622877e-05,-0.0004862600471824408,0.00024883096921257675,0.00010502070654183625
0.00015549238014500588,4.395871292217634e-05,-0.00048735659220255906,0.00023808238620404154,8.313044963870198e-05
0.00016067700926214457,6.52884627925232e-05,-0.0004918092163279654,0.0002478297974448651,0.00010154202755074948
0.00016920396592468026,5.3089177526999265e-05,-0.000484180694911629,0.000245581817580387,0.0001178287566290237
0.00016950283315964043,5.987560143694282e-05,-0.0004962873645126821,0.00024473838857375085,9.63286802289076e-05
0.00016845190839376298,6.0151985962875194e-05,-0.0005090172635391356,0.00022842072939965874,7.623156852787359e-05
0.00016589176084380597,6.295309867709875e-05,-0.0004989402368664743,0.0002681904006749392,0.00010071153519675136
0.00014496118819806725,5.6191558542195714e-05,-0.0005073390784673394,0.00026061752578243613,7.952066516736522e-05
0.00014628541248384863,4.025566522614099e-05,-0.000501747359521687,0.0002375101757934317,9.993658022722231e-05
0.00016651967598591,6.741089600836858e-05,-0.0004842314519919455,0.0002533622900955379,0.00010633638157742098
0.000142542616231367,3.262040627305396e-05,-0.0004846028459724039,0.0002259687753394246,9.719935769680887e-05
0.00016308251360896975,5.829638030263595e-05,-0.0005013812915422021,0.00023032177705317736,8.764630183577538e-05
0.00015768960292916742,5.44518516107928e-05,-0.0005079820984974504,0.00024209162802435455,7.73841529735364e-05
0.00018847640603780744,8.337110193679109e-05,-0.0005012228502891958,0.00024652291904203594,0.00011062832345487549
0.00016285230231005698,7.224530418170616e-05,-0.0004954598261974752,0.00024185888469219208,9.29593006731011e-05
0.00014969191397540269,3.777061647269875e-05,-0.0004782063770107925,0.00025272477068938315,7.612302579218522e-05
0.00015404900477733463,5.515214434126391e-05,-0.0004987664869986475,0.00025219828239642084,9.27812434383668e-05
0.00014910179015714675,5.5339405662380166e-05,-0.0004957397468388081,0.0002413807378616184,8.821403753245251e-05
0.0001565309357829392,4.937707490171306e-05,-0.0005032915505580603,0.00024676305474713445,0.00010551845480222256
0.0001660330599406734,6.197788752615452e-05,-0.00048658886225894094,0.0002462853153701872,9.584820509189741e-05
0.00015399714175146073,5.8518297009868554e-05,-0.0005085925222374499,0.000237214335356839,8.608875941717997e-05
0.00016455592412967238,4.3892043322557583e-05,-0.00048050834448076795,0.0002609143848530948,0.00010231039777863772
0.0001536918425699696,3.8762795156799264e-05,-0.0004931431612931192,0.00023695437994319946,9.887156193144621e-05
0.00017387339903507382,4.588413867168129e-05,-0.0004992817412130535,0.00023760877957101909,9.746256546350196e-05
0.00015514668484684083,3.1866358767729246e-05,-0.0004997895448468626,0.0002284797956235707,8.623103349236771e-05
0.00014654232654720545,4.508269557845779e-05,-0.0005055088549852371,0.00022756458201911298,8.32378282211721e-05
0.00016062066424638033,4.455503585631959e-05,-0.0004982752143405378,0.0002412656904198229,8.77634302014485e-05
0.00014604184252675625,4.053476732224226e-05,-0.0005113012157380581,0.0002180325536755845,6.488054350484163e-05
0.0001564262202009559,3.6938476114301004e-05,-0.0004982432001270354,0.00023038750805426392,0.00010911257413681595
0.0001663207949604839,4.678825280279853e-05,-0.0004983531543985009,0.00023990526096895337,0.00010029714030679317
0.00016669751494191587,5.5590429838048294e-05,-0.0004955544718541205,0.00023602711735293266,9.126686200033872e-05
0.00014314698637463152,4.789056038134731e-05,-0.0005004489794373511,0.00022777431877329946,8.96235869731754e-05
0.00013472995487973094,5.871028042747639e-05,-0.0004894526209682226,0.00024246095563285053,9.416196553502232e-05
0.00014098529936745763,4.285453542252071e-05,-0.0004978288779966533,0.0002359365462325513,9.354273788630962e-05
0.000136339949676767,4.148143852944486e-05,-0.0005045697325840591,0.00023851190053392202,7.991508755367248e-05
0.00016928750847000631,5.85816815146245e-05,-0.0004914965247735381,0.000253224658081308,0.0001033517619362101
0.00015615591837558895,6.891025259392336e-05,-0.0005060484982095659,0.00025830621598288417,7.239219848997891e-05
0.00014305906370282173,3.885455225827173e-05,-0.0005009389715269208,0.00022809776419308042,8.944094588514416e-05
0.00015294076001737267,5.1869214075850316e-05,-0.0005028603482060133,0.0002504234143998474,9.25634813029319e-05
0.00015510973753407598,4.501414150581695e-05,-0.000503768096677959,0.0002442981931380928,9.080403833650053e-05
0.00014482079131994396,4.0742059354670346e-05,-0.0004922454245388508,0.00024388980818912387,8.944280125433579e-05
0.00015461655857507142,5.780582432635129e-05,-0.0005009590531699358,0.0002425798011245206,9.244312968803571e-05
0.00013421311450656503,4.3543077481444925e-05,-0.000505332718603313,0.0002285294467583299,6.75030969432555e-05
0.00017304954235441985,5.501011037267745e-05,-0.00046936250873841345,0.0002507631725165993,0.00012296131171751767
0.00016937142936512828,5.552241782424972e-05,-0.00047405075747519726,0.0002612750686239451,0.00012334717030171305
0.0001716748811304569,8.249417442129925e-05,-0.0005079402471892536,0.00026024869293905795,0.0001125867129303515
0.00024585594655945897,0.00015995829016901553,-0.0004692279908340424,0.00037694952334277326,0.00025269619072787464
0.0001911834260681644,0.00013207415759097782,-0.0004664190928451717,0.0003618763294070959,0.0002275851584272459
0.00015437758702319115,1.173864529846469e-05,-0.00042012674384750426,0.00026420835638418794,0.00011163674207637088
0.00013220595428720117,3.394355371710844e-05,-0.0004363206389825791,0.0002427824656479061,9.069951920537278e-05
0.00013916777970734984,5.38789972779341e-05,-0.00047448647092096513,0.00023999430413823575,9.169134136755021e-05
0.00014564608864020556,6.127622327767314e-05,-0.0004895076272077858,0.000251034798566252,0.0001037713373079896
0.0001288637868128717,4.232989886077121e-05,-0.0005086776218377054,0.00023036358470562843,8.364575478481129e-05
0.00013770925579592586,5.13445666001644e-05,-0.0005079996772110462,0.000241507645114325,8.108235488180071e-05
0.00018837307288777086,6.538278830703348e-05,-0.0004980150843039155,0.0002474709472153336,0.00010922485671471804
0.00017796758038457483,7.384936179732904e-05,-0.0005019424133934081,0.000227862095925957,6.799119000788778e-05
0.0001402201160090044,5.933961438131519e-05,-0.0005185414920561017,0.0002408441505394876,7.985222327988595e-05
0.00015648384578526017,5.8244932006346055e-05,-0.0004900294006802142,0.0002560689754318446,0.00010930106509476899
0.0001563240948598832,5.8406949392519884e-05,-0.0005071376799605787,0.00023425294784829018,8.335421443916857e-05
0.00016920629423111674,6.0757283790735535e-05,-0.000473090069135651,0.00022829878435004503,6.989365647314116e-05
0.00013988731370773166,5.157622945262119e-05,-0.0005068699829280376,0.00022702806745655835,8.269558747997507e-05
0.00014382076915353534,5.9576384956017137e-05,-0.0005035389331169425,0.00023911715834401548,7.132002792786807e-05
0.00018683754024095836,7.227250898722559e-05,-0.0004811882972717285,0.0002617600257508457,8.921359403757378e-05
0.00015801537665538493,5.269868415780366e-05,-0.0004897818434983492,0.00022425373026635498,8.785898535279557e-05
0.00013769736688118428,3.923918484360911e-05,-0.000494643347337842,0.00021700255456380543,7.774979894747958e-05
0.00014841786469332874,5.382905146689154e-05,-0.0005179352592676878,0.0002188365178881213,8.24873277451843e-05
0.00016062000941019505,4.557896318146959e-05,-0.0005055235233157873,0.00023257854627445343,8.555800013709813e-05
0.00014111307973507792,5.005907951272093e-05,-0.0005076396046206355,0.00022893032291904086,8.325561066158116e-05
0.0001628048048587516,7.705802272539586e-05,-0.0005139973945915699,0.0002499059191904962,8.268389501608907e-05
0.00014282156189437956,5.0555463531054556e-05,-0.0004979947698302566,0.0002348940615775064,9.890636283671485e-05
0.00013636147195938977,4.761583477375098e-05,-0.0005053001805208623,0.00023332770797424013,8.671414252603427e-05
0.00014298647874966264,3.706953430082649e-05,-0.0004905090900138019,0.00022370244550984356,8.064392022788526e-05
0.00013056048192083836,6.321606633719057e-05,-0.0004940405488014221,0.0002438843221170828,9.316018258687109e-05
0.0001381699985358864,3.9873426430858665e-05,-0.0004976363852620125,0.00023707341460976747,9.935207344824448e-05
0.00015055738913360983,5.374805914470926e-05,-0.0004996604402549566,0.0002468945167493075,9.911281813401729e-05
0.0001745124172884971,7.021435885690153e-05,-0.0004994634655304253,0.0002607892965897918,0.00011295728472759949
0.0001395789731759578,4.694092785939574e-05,-0.0004939650534652174,0.00024153005506377667,9.361914271721616e-05
0.0001242102007381618,4.073906529811211e-05,-0.0005056336522102356,0.00021617289166897533,7.733467646175995e-05
0.00017856921476777643,6.445971666835248e-05,-0.00048789361608214676,0.00026561168488115067,0.00010811921674758196
0.00013791420497000215,3.881582233589143e-05,-0.0005031687906011938,0.00022134665050543842,5.96760401094798e-05
0.00013653459609486165,4.862727655563504e-05,-0.0005001455429010093,0.00024176706210710108,7.384939817711711e-05
0.00015366905427072194,5.115063322591595e-05,-0.0004985476844012737,0.0002321089996257797,8.616063860245049e-05
0.00015777398948557675,6.375125667545943e-05,-0.0005002472316846251,0.00023902280372567475,8.04907685960643e-05
0.00014292827108874917,3.716594073921442e-05,-0.0004889907431788744,0.00023543028510175645,0.0001075926556950435
0.00013978318020235747,3.862670928356238e-05,-0.0004955967888236046,0.00024323162506334484,8.74956458574161e-05
0.0001475974713684991,5.4231702961260446e-05,-0.0005001146928407252,0.00024843515711836517,9.917964052874596e-05
0.00016553806199226528,5.592337402049452e-05,-0.0004971572197973728,0.00025136044132523244,9.417093679076059e-05
0.00014506527804769576,4.366746725281701e-05,-0.0004771348321810365,0.00023811744176782665,0.00010335329716326668
0.0001511510054115206,5.449533637147397e-05,-0.00048430060269311065,0.0002523578004911542,0.00010663134889909998
0.00015306397108361122,4.741741940961219e-05,-0.0004920375649817288,0.00024896251852624124,9.647817933000624e-05
0.00016735673125367612,6.289462908171117e-05,-0.0004969389410689473,0.00025287887547165155,8.459200034849346e-05
0.00013315117394085974,3.135889710392803e-05,-0.000493236817419529,0.00023337102902587506,8.746426465222612e-05
0.0001465545647079125,4.052954318467528e-05,-0.000496096967253834,0.0002221633039880544,9.096942812902852e-05
0.00014523553545586765,7.412513514282182e-05,-0.0004955203621648252,0.00023953159688971934,8.350290590897202e-05
0.00014953414211049676,5.9631314798025414e-05,-0.0004933327436447144,0.00023874500766396523,9.241517545888199e-05
0.0001495091273682192,4.519118010648526e-05,-0.0004905913374386729,0.0002304226363776252,8.358644845429808e-05
0.00015346767031587658,5.4002794058760635e-05,-0.0005060306866653264,0.00024259640485979614,9.721556853037328e-05
0.00014288918464444578,4.931941657559946e-05,-0.0005109790363349019,0.0002371266891714185,8.124321175273508e-05
0.00014500072575174272,4.697278200183064e-05,-0.0004989823210053147,0.00023268742370419204,8.410431473748758e-05
0.00015215839084703475,2.863601548597217e-05,-0.00047650068881921465,0.00023321744811255482,9.64132632361725e-05
0.00014358772023115307,5.5871019867481664e-05,-0.00048649398377165193,0.00024834380019456154,9.852890798356384e-05
0.00014660152373835444,3.5725221096072346e-05,-0.0005057792877778411,0.00022360817820299414,8.563412120565772e-05
0.0001459432387491688,5.288024840410799e-05,-0.0004883790388703346,0.00025481890770606697,9.083020995603874e-05
0.00013554266479332,3.558421303750947e-05,-0.0004989540902897716,0.00023021330707706508,9.389634942635894e-05
0.00016848099767230448,6.880352157168089e-05,-0.000505094591062516,0.00024420005502179265,8.789878484094515e-05
0.00014138390542939305,3.0232906283345073e-05,-0.0004724622413050383,0.0002416654169792309,7.02873439877294e-05
0.00014824805839452893,3.1341503927251324e-05,-0.00048330391291528935,0.0002317312901141122,8.50249416544102e-05
0.0001527224521851167,4.8887497541727505e-05,-0.000494522275403142,0.00024102712632156909,9.013708040583879e-05
0.00015929735673125833,4.893872392131016e-05,-0.0004876263556070626,0.0002466209698468447,9.72748239291832e-05
0.00014494085917249322,6.491835665656254e-05,-0.0005099089466966689,0.0002266226219944656,7.245489541674033e-05
0.00013994710752740502,6.279578519752249e-05,-0.0005001323297619821,0.00023568281903862953,8.587453339714557e-05
0.00016294245142489672,4.683952283812687e-05,-0.0005022828700020909,0.0002385808329563588,0.00010059533087769523
0.0001393636775901541,3.5467975976644084e-05,-0.0004970217123627663,0.0002395815827185288,9.578460594639182e-05
0.00014948757598176599,4.143065234529786e-05,-0.00048276537563651795,0.00025253102649003267,0.00010984593973262237
0.00015454163076356053,4.511591032496654e-05,-0.0004938504425808787,0.0002424027625238523,0.00010714241216192022
0.0001564221893204376,4.601328691933304e-05,-0.0005002433317713441,0.00023059887462295592,6.891381781315431e-05
0.00015575102588627487,4.238002657075413e-05,-0.0004959574434906244,0.00023161906574387103,9.021830192068593e-05
0.0001389658136758953,4.153683039476164e-05,-0.0004923905362375081,0.0002508418692741543,9.446928015677258e-05
0.0001482363441027701,6.376072997227311e-05,-0.0004976807977072895,0.00025130395079031587,9.425017196917906e-05
0.00014788706903345883,4.4012402213411406e-05,-0.0004868061223533005,0.00024034788657445458,8.455116767436266e-05
0.00016860260802786797,8.331295248353854e-05,-0.0004927775007672608,0.00027477578260004515,8.79982253536582e-05
0.00014626419579144567,5.166643313714303e-05,-0.0004899544874206184,0.00025567904231138533,0.00011461258691269904
0.0001529809378553182,6.08190857747104e-05,-0.0004929668502882123,0.0002739554038271308,0.0001122745597967878
0.00013807970390189442,4.751385495183058e-05,-0.0004898518673144281,0.00025405795895494515,0.00010813860717462376
0.00013416235742624852,3.40710103046149e-05,-0.00048355272156186396,0.00024002863210625947,9.478809806751087e-05
0.00013550938456319273,4.36886002717074e-05,-0.0004877705650869757,0.00025061308406293387,9.730099554872142e-05
0.000143340730573982,4.040171188535169e-05,-0.0004775680135935545,0.0002593774115666747,0.00012585318472702056
0.0001532354363007471,4.508868732955307e-05,-0.00047185766743496066,0.00023619916464667767,8.650578092783691e-05
0.00013962505909148604,4.74652842967771e-05,-0.0004779655137099325,0.00025641187676228583,8.859210356604308e-05
0.00014164208550937474,5.495046207215637e-05,-0.0004992671310901642,0.00023578768013976514,8.014507329789922e-05
0.00014707304944749922,4.092104063602165e-05,-0.0004907982074655591,0.00024785540881566703,0.0001043649681378156
0.00014844736142549664,4.3898086005356156e-05,-0.0005085785523988307,0.0002326624671695754,7.976144115673378e-05
0.000138783230795525,5.8706962590804324e-05,-0.0005040138494223356,0.0002449786989018321,7.774026016704738e-05
0.00015916895063128322,6.349130853777751e-05,-0.0004896107129752637,0.00023866054834797973,0.00010642732377164066
0.00013674082583747804,6.439010758185759e-05,-0.0004945512628182769,0.00026144395815208554,7.440287299687043e-05
0.00016739210695959628,5.803097155876458e-05,-0.0004885563394054769,0.00025802463642321527,0.00010731617658166216
0.0001300951262237504,2.958306686196011e-05,-0.0004855669103562832,0.00024381339608225966,9.227773989550771e-05
0.00014334153092931956,4.430217086337507e-05,-0.0005006761639378965,0.00023856757616158575,8.282901399070397e-05
0.0001377435983158648,3.618588743847795e-05,-0.0004913492593914269,0.00024430203484371305,9.43712584557943e-05
0.0001314839901169762,4.4640579289989546e-05,-0.0004952981253154576,0.00024310019216500225,8.701348269823939e-05
0.00015209683624561876,6.176230817800388e-05,-0.0004945977125316858,0.0002549224882386625,0.00010143397230422124
0.00015773501945659518,5.887321458430961e-05,-0.0004795139830093831,0.00025021418696269393,9.892904927255586e-05
0.00013904234219808131,3.288903826614842e-05,-0.0004893914447166027,0.0002310939889866859,8.771617285674438e-05
0.000146698861499317,3.894660403602757e-05,-0.0005014788475818932,0.00022401023306883872,7.770394586259499e-05
0.0001400064502377063,6.0239883168833323e-05,-0.000499726040288806,0.00024132238468155265,9.75558505160734e-05
0.00014470155292656273,4.644574073608965e-05,-0.0004911491996608675,0.0002510735357645899,0.00010626659059198572
0.00015963922487571836,7.877190364524722e-05,-0.0004896525060757995,0.00026361164054833347,0.00011729873949661854
0.00016512308502569795,5.397367203840986e-05,-0.0005015899660065769,0.0002273362770210952,8.686620276421309e-05
0.00013535610924009234,3.586464299587533e-05,-0.0004984511178918184,0.0002306605456396937,8.63977984408848e-05
0.00013825287169311196,3.866270344587974e-05,-0.0004976664786227046,0.00023678365687374023,9.43354971241206e-05
0.00014133293007034808,7.594564522150904e-05,-0.0004980034427717328,0.0002589542418718338,7.958193600643426e-05
0.00013587209105025977,3.741507316590287e-05,-0.0005014230264350772,0.0002283518260810524,7.457305764546618e-05
0.00015811760385986418,5.7500943512422964e-05,-0.0004888781695626676,0.0002446279104333371,9.58600576268509e-05
0.00015428611368406564,4.624849680112675e-05,-0.0004939179634675384,0.00023458678333554414,9.929834777722137e-05
0.00013408545055426654,3.240188380004838e-05,-0.0005004236591048539,0.00023656024131923917,7.707077747909352e-05
0.0001438562467228621,4.7176581574603915e-05,-0.0004943450330756606,0.0002595730184111744,0.00010814759298227729
0.00017029925948008898,4.6921450120862567e-05,-0.0004857919993810356,0.00024306713021360338,0.00010039770131697878
0.00014775092131458226,5.21733563800808e-05,-0.00048102080472745,0.0002484454889781773,9.032947127707304e-05
0.00014024351548869166,3.545405706972815e-05,-0.0005019264062866569,0.00023854666505940253,8.411937596974894e-05
0.00013886773376725614,3.949656456825323e-05,-0.0005012700567021966,0.0002340756036574021,8.396445628022775e-05
0.00014610962534788996,4.501922376221046e-05,-0.0004787283251062036,0.00024155467690434307,0.00010727375774877146
0.00015566624642815438,2.781138027785346e-05,-0.0005142262671142817,0.00020730980031657964,5.4360167268896475e-05
0.0001532935566501692,4.7458237531827756e-05,-0.0004679374687839299,0.0002833160979207605,0.00012767422595061362
0.00014442121027968824,4.8817961214808754e-05,-0.00044440722558647394,0.00028577493503689766,0.00014667936193291098
0.0001534845941932872,4.500061913859099e-05,-0.00045796742779202765,0.00028841025778092444,0.000139108466100879
0.00012692109157796952,2.985677747346926e-05,-0.0004679053672589361,0.00026637958944775164,0.00010756668780231848
0.00013123430835548788,3.429800199228339e-05,-0.0004705736937467009,0.00023579411208629608,0.00010513273446122184
0.0001340310409432277,6.460338772740215e-05,-0.0004970658919773996,0.0002478215901646763,7.998713408596814e-05
0.00017428235150873658,6.21479339315556e-05,-0.0004927593399770559,0.0002409757871646434,9.569949179422109e-05
0.00016303321172017604,5.454109850688838e-05,-0.0005052498308941722,0.0002322899963473901,7.036668830551207e-05
0.00015624544175807387,5.468910239869729e-05,-0.0005046431324444711,0.00023998328833840787,9.476309060119092e-05
0.00013750215293839574,5.053299901192077e-05,-0.000503577059134841,0.00023144803708419204,7.640071999048813e-05
0.00013838318409398198,4.053836892126128e-05,-0.0005059250397607684,0.00022426473151426757,7.336281851166859e-05
0.00015592708950862288,8.366267138626426e-05,-0.0005111732752993703,0.00024956348352134233,7.463296788046136e-05
0.00014104403089731932,7.877449388615787e-05,-0.0004855218576267361,0.00024067945196293292,8.887613512342796e-05
0.00015113133122213185,5.585679900832474e-05,-0.0005028164596296847,0.0002413409820292145,8.301348134409636e-05
0.0001413073041476309,4.2814463085960604e-05,-0.0004925379180349411,0.00023730915563646704,7.799010199960321e-05
0.00014847854617983103,5.116076863487251e-05,-0.0005009067244827747,0.0002395712508587167,8.573539525968954e-05
0.0001400413893861696,4.914928285870701e-05,-0.0004934780299663544,0.00023402256192639467,8.037022780627012e-05
0.00016832588880788535,5.7882894907379516e-05,-0.0005000754026696086,0.00023993130889721212,8.165870531229302e-05
0.00013518508058041334,4.903165972791612e-05,-0.0004876799357589334,0.0002496613888069988,0.00010208703315583988
0.0001648987381486222,4.849688048125245e-05,-0.0005100505077280103,0.00022440201428253204,7.493115117540583e-05
0.00013653225323650986,4.851798803429119e-05,-0.0005024070851504803,0.00023314841382671148,7.464244117727502e-05
0.00014415805344469843,3.9920654671732336e-05,-0.0005016462528146802,0.0002216918364865705,8.617754065198824e-05
0.00013824932102579623,4.955920303473249e-05,-0.0004916551406495273,0.000231207101023756,7.992048631422222e-05
0.00015244325913954526,4.723631354863755e-05,-0.0004964141407981515,0.0002400783414486796,9.018164564622566e-05
0.0001614234788576141,4.209657708997838e-05,-0.0004899859195575118,0.00023723280173726383,9.122284973273054e-05
0.0001442409702576697,4.441896453499794e-05,-0.0005001152167096733,0.00022556565818376842,6.974151619942859e-05
0.00015025427273940295,6.271125312196091e-05,-0.0005092216306366026,0.0002409446315141395,8.181564044207336e-05
0.00014219646982382983,4.071130388183519e-05,-0.0005093385698273778,0.00023883779067546132,8.616627019364387e-05
0.00013474008301272988,4.7487363190157346e-05,-0.0004911990254186094,0.00024844688596203923,9.43421764532104e-05
0.00014908779121469706,4.8250658437609666e-05,-0.0004932664451189339,0.0002550952194724232,8.965324377641082e-05
0.00015256437472999096,5.9643709391821176e-05,-0.0004654809308703988,0.00024001921701710668,8.955231896834448e-05
0.00015015910321380946,4.4856300519313656e-05,-0.0004808038356713951,0.00022892412380315366,0.00010108466085512192
0.00014854558685328811,4.140151577303186e-05,-0.0005010890308767557,0.0002314553566975519,8.581625297665596e-05
0.00016700949345249685,4.091521259397268e-05,-0.0004927596310153604,0.0002357592456974089,9.378512913826852e-05
0.00017126814054790884,5.5369280744343996e-05,-0.0005052669439464809,0.0002334729506401345,8.828613499645144e-05
0.00014176181866787374,5.629300721921027e-05,-0.0005031009786762297,0.00022975994215812534,7.753654062980786e-05
0.0001442742359358817,4.5567936467705294e-05,-0.0005000983364880085,0.000242207373958081,9.732226317282766e-05
0.00013944637612439692,2.636958743096329e-05,-0.0004797350848093629,0.0002372493909206241,9.013024828163907e-05
0.00014349666889756918,4.429877299116925e-05,-0.0004823972121812403,0.0002400172816123813,9.313578630099072e-05
0.00017338439647573978,7.861539052100852e-05,-0.0004935853648930788,0.00026477259234525263,0.0001091618905775249
0.00016056132153607902,6.525207572849466e-05,-0.0005030083702877164,0.00024925897014327347,9.202260844176635e-05
0.0001381886104354635,4.885701127932407e-05,-0.0005001118406653403,0.00023197713016998023,8.864702249411494e-05
0.00013227223826106638,4.034648372908123e-05,-0.0005006412393413483,0.00023267131473403424,8.018695370992647e-05
0.00013248294999357313,5.164134199731052e-05,-0.0004974073963239789,0.00024208122340496632,7.79612673795782e-05
0.00013822309847455472,5.83508299314417e-05,-0.0004965093685314058,0.0002528135373722762,8.989727939479053e-05
0.00015466060722246766,4.717172123491764e-05,-0.0004793775733560324,0.00023605156457051635,9.345160651719198e-05
0.00014047477452550083,4.736118717119098e-05,-0.0004988951259292662,0.0002300119958817959,8.46602997626178e-05
0.00016625496209599078,8.013684418983757e-05,-0.0004985979758203031,0.00027350001619197434,9.2398033302743e-05
0.00015255407197400928,6.0762264183722436e-05,-0.000492419523652643,0.000264624715782702,8.633996912976727e-05
0.00014641815505456182,4.908407208858989e-05,-0.0004946999833919108,0.0002340838691452518,9.315660281572491e-05
0.00014228704094421118,2.722401040955447e-05,-0.0004967073909938335,0.00022486646776087582,6.795869558118284e-05
0.0001324225013377145,4.1288531065220006e-05,-0.0004798068257514387,0.00025037038722075517,9.544661588734016e-05
0.0001345873752143234,4.609952156897634e-05,-0.0005025689024478197,0.00023568698088638487,9.136142034549266e-05
0.0001393768034176901,3.3441086998209364e-05,-0.0004935925244353712,0.00022585656552109867,7.123655814211817e-05
0.00016791038797236982,4.680589336203411e-05,-0.0004998041549697518,0.0002410522138234228,0.00011299447942292316
0.0001545599807286635,4.843283022637479e-05,-0.0005038212984800339,0.0002441348333377391,8.236903522629291e-05
0.00013366986240725964,5.272030830383301e-05,-0.0004895310266874732,0.00024038086121436206,9.903399040922524e-05
0.0001465431560063735,6.298510561464354e-05,-0.0004916980979032816,0.00025362399173900485,9.964240598492324e-05
0.00014748622197657824,6.137417221907526e-05,-0.00047200871631503116,0.0002386188425589353,7.882998033892363e-05
0.0001686060422798619,7.976912456797436e-05,-0.0004978159558959304,0.00025196807109750807,9.018097625812516e-05
0.0001364967902190983,2.928866342699621e-05,-0.0004943993408232926,0.00023804212105460465,8.877440996002406e-05
0.00015799158427398652,5.379918002290651e-05,-0.0004991841851733625,0.00023779919138178232,9.578016761224716e-05
0.00014680316962767392,4.857193926000036e-05,-0.0005103874718770385,0.00022593638277612627,7.064437522785738e-05
0.00016303235315717757,3.999131149612367e-05,-0.0005004449049010873,0.00022181567328516397,7.905340316938236e-05
0.0001665309100644663,3.575909431674518e-05,-0.0004930698778480291,0.00022336018446367237,7.171393372118473e-05
9.072272951016204e-05,-0.00011062515841331333,2.1154392015887424e-05,0.00024032949295360595,0.0001661527348915115
5.456227881950326e-05,-4.6488359657814726e-05,-0.00017180547001771632,0.0001569305022712797,4.543930117506534e-05
0.00025178826763294637,1.1064035788876936e-05,-0.00047451991122215997,0.00024243324878625566,0.00015631222049705684
0.0002767133119050413,5.298425821820274e-05,-0.0005505892331711948,0.00021351269970182332,0.00010989867587340996
0.0003119473694823683,2.3946852252265667e-06,-0.0005627749487757684,0.00012438258272595704,3.557157833711244e-05
0.000214957122807391,8.945350418798625e-05,-0.0004777560825459659,0.0002899312239605933,0.0001535382616566494
0.00019928983238060027,0.00011017845827154817,-0.0004839479515794665,0.00031162038794718683,0.00014147638285066932
0.00017075586947612464,4.955798067385331e-05,-0.0004459012707229704,0.00029283887124620383,0.00013847570517100394
0.00015772116603329778,7.738551175862085e-06,-0.0004956363700330256,0.00023737174342386425,0.00010384734196122736
0.00016511388821527362,6.876820407342166e-05,-0.0004790531238541007,0.0002404928382020444,7.98340915935114e-05
0.00016705623420421034,-2.659096708157449e-06,-0.000510911107994616,0.0002027599111897871,7.692453073104842e-05
0.00018136150902137158,7.03090408933349e-05,-0.0005205158959142864,0.00022305900347419083,5.7552198995836086e-05
0.0002094722440233454,-1.232772774528712e-05,-0.0005061347619630396,0.00019915627490263432,9.792231867322698e-05
0.00018520750745665282,-1.2007989425910635e-05,-0.0005086737801320852,0.00019348379282746464,6.263716204557568e-05
0.0002336024190299213,-2.4495725483575366e-06,-0.0005119763081893325,0.00017943653801921755,6.53204187983647e-05
0.0002671672555152327,7.510744035243988e-05,-0.0004605409922078252,0.0002662376500666141,0.00012062273890478535
0.00018082658061757684,5.837695061927661e-05,-0.0004437928146217018,0.00027820290415547794,0.00013166027201805264
0.00017426592239644378,-2.8633088732021864e-05,-0.0004954649484716357,0.0002054808137472719,9.86485101748258e-05
0.0001873396977316588,8.825892291497439e-05,-0.0004720793513115496,0.0002712548011913896,8.887774311006069e-05
0.0001865466620074585,8.833612082526088e-05,-0.000469804130261764,0.00026918199728243053,9.754638449521735e-05
0.0002006716968026012,6.166959792608395e-05,-0.0004862772766500712,0.00023708282969892028,8.54234749567695e-05
0.00017566996393725276,-3.5044209653278806e-05,-0.0005184458568692207,0.0001869680563686416,7.925485260784626e-05
0.00017739551549311727,-3.313538763904944e-05,-0.0005160245345905423,0.00019760621944442391,7.217445818241686e-05
0.00018903639283962548,-1.5705329133197665e-05,-0.0005067352321930231,0.0002005415735766292,7.1969538112171e-05
0.00019124342361465096,4.985884152119979e-05,-0.0004951749579049647,0.0002317885955562815,9.590393892722204e-05
0.00018865693709813056,-1.4820798241998999e-05,-0.000508698751218617,0.00020781625062227252,0.00010037686297437176
0.00021281691442709416,-2.119455166393891e-05,-0.0005039998213760555,0.0002077031240332872,9.195416350848973e-05
0.00016158951621036974,4.292107405490242e-05,-0.00048140410217456525,0.00025242092669941485,7.251842907862738e-05
0.00017353468865621835,4.1200815758202225e-05,-0.0004897508188150823,0.00023775635054335,8.569003693992272e-05
0.00017724561621434987,5.6658358516870067e-05,-0.0004833869461435825,0.00023824475647415966,8.986396278487518e-05
0.00019626920402515682,-2.0164487068541348e-05,-0.00047295162221416836,0.00020105866133235395,8.37186598801054e-05
0.00019845296628773207,-4.1975334170274436e-05,-0.0004870660486631096,0.0001897263719001785,7.404669304378331e-05
0.0002087476605083793,1.0410200957267081e-05,-0.0005123537266626954,0.00020453680190257728,8.686637011123821e-05
0.00017089914763346314,3.084434865741059e-05,-0.00047149791498668486,0.00023870408767834303,8.220313611673191e-05
0.00018879385606851431,2.1475038010976277e-05,-0.00046797085087746376,0.0002369043359067291,9.384428994962946e-05
0.0001921525981742889,2.783472154987976e-05,-0.0004582057881634682,0.0002461354888509959,9.940863674273714e-05
0.0001898199407150969,4.8646707000443705e-05,-0.0004994886694476007,0.0002283372159581632,8.627932402305305e-05
0.00017898606893140825,-2.5459688913542777e-05,-0.0005239194724708796,0.0001804727362468839,6.760028190910815e-05
0.0001883555669337511,6.6879015321319466e-06,-0.0004889474366791546,0.0002065048320218921,0.00010678668331820518
0.00017437666247133166,5.415863779489882e-05,-0.0004892947617918253,0.00023587714531458917,8.499444811604917e-05
0.00018577894661575559,5.312205757945776e-06,-0.0004855869337916374,0.0001990678283618763,9.531340765533969e-05
0.00018740262021310627,2.9406168323475874e-05,-0.0004794287087861449,0.00023264184710569682,7.590324094053358e-05
0.00020354376465547833,8.098455509752966e-06,-0.00044147582957521086,0.00020132710051257163,8.940435509430246e-05
0.000197753994143568,5.63067187613342e-05,-0.0004916256875731051,0.00023925214190967384,0.00010047695832327008
0.0002076678356388584,2.418664189463016e-05,-0.00048307489487342536,0.00021535300766117868,7.858684693928808e-05
0.0002133538655471057,4.589182208292186e-05,-0.00046617171028628956,0.00026855021133087575,0.00010069363634102046
0.0001832253037719056,4.6706303692189977e-05,-0.00048778310883790255,0.00021488340280484408,8.887895091902465e-05
0.00018785949214361608,3.945479329559021e-05,-0.00047425861703231936,0.00023164616141002623,0.0001229250192409381
0.00016671941557433456,4.5623000914929435e-05,-0.0004675218660850078,0.00024416754604317253,0.00011601437290664764
0.00018558728334028277,4.58221802546177e-05,-0.0004636827507056296,0.00023773578868713233,7.944661774672568e-05
0.00021147329243831336,-1.0944766472675838e-05,-0.000426960235927254,0.00021683939849026498,0.00011113044456578791
0.00018677175103221091,-1.9218776287743825e-05,-0.0005262920167297125,0.00016512311412952843,2.94017227133736e-05
0.00020087159646209332,1.091250578610925e-05,-0.0005104737938381732,0.00019770252401940525,8.096185774775222e-05
0.0001891484716907144,5.7738790928851806e-05,-0.0005022448021918535,0.0002417501964373514,0.00011260196333751081
0.00018881600408349183,-2.1006624592700973e-05,-0.0005226580542512238,0.0002068581961793825,7.701184222241864e-05
0.00018189258116763082,-9.143444913206622e-06,-0.0005410400917753577,0.00017966593441087753,4.896908649243414e-05
0.00020779864280484617,-1.0802802535181401e-05,-0.00047506458940915763,0.00022850584355182943,0.00012147027155151592
0.00018214232113678008,-1.547627107356675e-05,-0.0004987707943655549,0.00021738999930676076,9.23740808502771e-05
0.00018194750009570268,6.3693369156681e-05,-0.0005039260722696781,0.00023497134679928422,6.411453796317801e-05
0.0001872985158115625,-3.017567541974131e-05,-0.000503940915223211,0.00020395102910697457,7.537205965491012e-05
0.000162220821948722,5.65880436624866e-05,-0.0004944761167280376,0.00023069219605531543,8.206768688978627e-05
0.00017620387370698154,7.895570888649672e-05,-0.00048130223876796663,0.00025007963995449245,9.866194159258156e-05
0.0001605057914275676,7.456545426975936e-05,-0.00045227838563732803,0.0002788724086713046,0.00011364457895979285
0.00014527396706398576,4.720674041891471e-05,-0.0004748159553855657,0.00025518436450511217,8.576041727792472e-05
0.00015307091234717518,8.858418732415885e-05,-0.00048647640505805617,0.00026177093968726695,0.00010174484486924483
0.00014607666525989768,7.921729411464185e-05,-0.0004785312921740114,0.00024234347802121192,0.00010311826918041334
0.00014242476026993245,7.102392555680126e-05,-0.0004699222918134184,0.0002591059892438352,9.312019392382354e-05
0.00014474573254119605,7.0067988417577e-05,-0.000501857022754848,0.0002444523561280221,7.75984808569774e-05
0.00015230316785164175,7.373937842203304e-05,-0.0004824900242965669,0.0002480659750290215,8.873471233528106e-05
0.0001634802611079067,8.328991680173203e-05,-0.0004856660380028188,0.00025106730754487216,9.593625145498665e-05
0.0001508697314420715,5.9678037359844886e-05,-0.00048437918303534383,0.0002350884606130421,9.500106534687801e-05
0.00014943355927243831,6.439487333409488e-05,-0.0004801957693416625,0.000261996581684798,0.00010669589391909541
0.00015421574062202126,6.308501906460151e-05,-0.0004661473794840276,0.000251255725743249,0.000101087789516896
0.000150000472785905,5.5139043979579576e-05,-0.0004884536610916257,0.0002497605164535344,8.547212928533554e-05
0.00014055983047001064,5.9520581999095164e-05,-0.0004902698565274477,0.00023858992790337647,7.692419603699818e-05
0.00014977309911046177,7.226860907394439e-05,-0.0004930108552798629,0.00024262108490802348,7.838692545192316e-05
0.00015470180369447914,5.807146590086632e-05,-0.00048705996596254414,0.00025713632931001484,0.00011340014316374436
0.00015305883425753564,6.46252156002447e-05,-0.0004927567206323147,0.00025211498723365366,8.309163968078792e-05
0.00015465093019884082,8.242689364124091e-05,-0.0004857816093135625,0.00025797676062211394,0.00010027330426964909
0.0001487767294747755,7.063929660944268e-05,-0.0004994057817384602,0.00025002926122397184,7.341751916101202e-05
0.00014155388635117558,4.160219759796746e-05,-0.0004912643926218152,0.0002247575903311372,8.017448271857575e-05
0.00013741411385126412,5.685668293153867e-05,-0.0004858771862927824,0.00025924743385985494,8.969344344222918e-05
0.00014974380610510707,7.627621380379422e-05,-0.000492171267978847,0.00025606690905988216,7.600802200613542e-05
0.00015811060438863933,7.689438643865287e-05,-0.00048809338477440184,0.00025567683042027056,7.714790990576148e-05
0.00014757210738025606,7.337186252698302e-05,-0.0004713756788987666,0.00025302465655840933,9.2066649813205e-05
0.00014248446677811444,8.913862257031724e-05,-0.0004936534096486866,0.00024824321735650296,7.590674795210361e-05
0.00016303446318488568,5.264423452899791e-05,-0.000479098700452596,0.00022992912272457036,8.748917025513947e-05
0.00016406369104515758,6.562350608874112e-05,-0.00048616659478284413,0.00024269326240755615,9.368493920192121e-05
0.00014161971921566874,7.315520633710548e-05,-0.00046543253120034933,0.00025614924379624426,0.00010314845712855458
0.00015155621804296968,7.157960499171168e-05,-0.00047851121053099627,0.0002540566201787442,9.189391857944428e-05
0.00016339975991286335,8.045304275583477e-05,-0.0004909599083475769,0.0002382971288170665,7.279049168573691e-05
0.00014255275891628116,6.437752745114268e-05,-0.0004893162986263633,0.00023863378737587482,6.309668970061466e-05
0.0001694669044809416,6.67195490677841e-05,-0.0004993941984139383,0.00025414058472961193,7.109583384590223e-05
0.00017590970674064008,-2.5954255761462264e-05,-0.0005186185007914902,0.0001981002278625965,7.295991235878319e-05
0.0002007432485697791,-2.097438664350193e-05,-0.00047949459985829884,0.0002043195272563025,8.61609005369246e-05
0.00016176850476767868,-2.341713843634352e-05,-0.0005081517156213522,0.0001817347656469792,6.706463318550959e-05
0.00017700930766295642,7.336106500588357e-05,-0.0004831360711250454,0.0002529624616727233,9.83701756922528e-05
0.0001722249435260892,-9.599451914255043e-06,-0.0004251528880558908,0.0002499312395229936,0.00010476321040187032
8.531317871529609e-05,1.9246068404754627e-05,-0.00045022429549135273,0.00022701232228428125,6.818929978180678e-05
0.00023613723169546572,3.568467582226731e-05,-0.0005029576714150609,0.0002229063829872757,0.00015206275566015393
0.00024926796322688455,3.2693253160687163e-05,-0.0005027892184443772,0.00022520942729897797,0.000167696678545326
0.0001612923078937456,2.3890886950539425e-05,-0.00043318376992829133,0.00025702695711515844,7.079500937834382e-05
9.799459803616628e-05,-4.049609287903876e-06,-0.00042541863513179123,0.00026081391843035817,9.124077041633427e-05
0.00012025909381918608,-7.217683742055671e-05,-0.0004446615057531744,0.0002176604175474495,8.370776777155697e-05
0.00012711701856460422,-7.127350545488298e-05,-0.000458897789940238,0.00019929396512452518,8.238274313043803e-05
0.00013288411719258877,-1.7398955606040545e-05,-0.00043470054515637463,0.0002058563695754856,0.00010615105566103011
0.00013751315418630838,-6.093321644584648e-05,-0.0004572229227051139,0.00022100195928942407,0.00010267040488542989
0.00013270897034090012,-6.693267641821876e-05,-0.0004650786577258259,0.00019402001635171476,6.254913023440167e-05
0.00014695677964482456,-5.6906046665972105e-05,-0.00046195584582164884,0.00020015687914565208,0.00010005565854953602
0.00015000355779193342,-4.524462201516144e-05,-0.00046820496208965784,0.0002191293751820922,7.427883974742143e-05
0.00014069717144593596,-3.1477851734962314e-05,-0.0004697392287198454,0.00019925512606278065,9.235138713847846e-05
0.00015045120380818847,-6.034095713403076e-05,-0.00046189210843294864,0.00021777643996756524,9.770613542059436e-05
0.0001562900870339945,-3.987939635408111e-05,-0.0004533313913270831,0.00017826729163061827,7.67433739383705e-05
0.0001448806724511087,-4.166620783507824e-05,-0.0004561609239317477,0.0002156290429411456,0.00010137660865439102
0.00014015189663041383,-3.7282305129338056e-05,-0.000463342439616099,0.00021159557218197733,8.724696817807853e-05
0.00019389275985304266,-4.482170697883703e-05,-0.00045634686830453575,0.00023714345297776163,0.00014853980974294243
0.00020120653789490459,-1.1872521099576261e-05,-0.00046120581100694846,0.0002530807978473604,0.00014891789760440588
0.0001622703275643289,6.172893336042762e-05,-0.0004489404964260757,0.00028975695022381837,0.00012859182606916875
0.0001324721670243889,4.038340921397321e-05,-0.00045255877193994815,0.0002547752810642123,0.00011007412103936076
0.00012127611989853904,8.025178249226883e-05,-0.0004482937511056661,0.0002679923782125116,0.00010293411469319837
0.00013104945537634194,7.637627277290449e-05,-0.0004465757810976356,0.00026032284949906165,0.0001043324446072802
0.000119919131975621,4.6351713535841554e-05,-0.0004402903432492167,0.00026766440714709455,0.00010883481445489451
0.0001570586900925264,4.1946743294829496e-05,-0.0004726282495539635,0.00023030213196761903,8.992639050120488e-05
0.00012998993042856455,5.857120777363889e-05,-0.0004368705849628896,0.0002575140679255128,0.0001124098271247931
0.00013116661284584552,5.093451545690186e-05,-0.0004873895668424666,0.00024036852119024843,8.830767183098942e-05
0.00015244394307956102,7.246135646710172e-05,-0.0004694138187915087,0.0002591302036307752,0.00010612720507197082
0.0001397916057612747,4.091461596544832e-05,-0.0004430582339409738,0.00024583665071986616,0.00010240459960186854
0.000168572150869295,2.9718994483118877e-05,-0.00047278759302571416,0.0002491737832315266,9.00726518011652e-05
0.0001673130318522453,-1.0825614481291268e-05,-0.0004667061439249665,0.00022493522556032983,8.75515106599778e-05
0.0001449863339075819,1.8476983314030804e-05,-0.0004651281633414328,0.00024139958259183916,7.968908175826073e-05
0.00015703334065619856,7.669322803849354e-05,-0.0004681495775002986,0.0002524592273402959,9.232333104591817e-05
0.00012245963444001973,6.158091127872467e-05,-0.00048120977589860564,0.0002547825570218265,9.400869021192193e-05
0.00016067417163867506,4.4647895265370614e-05,-0.0004943815292790532,0.00023928537848405543,6.789122562622651e-05
0.000141054013511166,7.435665611410514e-05,-0.00045954150846228,0.0002615257981233299,9.972506086342037e-05
0.00013777706772089005,9.317381773144008e-05,-0.00043245012057013815,0.0002581328153610229,8.796620386419818e-05
0.00014003179967403412,8.132374932756646e-05,-0.000471359642688185,0.0002463771670591086,0.00010463383659953251
0.0001505934196757153,7.311495573958382e-05,-0.00047743003233335907,0.00026340075419284403,9.506105561740696e-05
0.00013518221385311335,7.588059816043824e-05,-0.00046015178668312734,0.0002519612316973508,8.500622789142652e-05
0.00012296231579966843,3.496970020933077e-05,-0.0004572017060127108,0.0002422483375994489,9.235832112608476e-05
0.00012936009443365037,5.7825829571811476e-05,-0.0004893742152489722,0.00024408544413745406,8.095640805549921e-05
0.00015617455937899652,5.0615781219676144e-05,-0.0004711899382527918,0.0002567688352428377,9.595465962775053e-05
0.00017994396330323068,-2.8714381187455732e-05,-0.0005002713878639042,0.0001943820243468508,7.532731251558289e-05
0.0001788190274965018,4.357949001132511e-05,-0.000484909483930096,0.00023818656336516142,7.69829421187751e-05
0.00019756602705456322,4.739555151900277e-05,-0.0004740423464681953,0.00023466109996661544,7.639000250492245e-05
0.0001588849991094321,1.917712870636024e-05,-0.0004567487630993128,0.00023208896163851025,0.00010621699038892983
0.00017767499957699331,8.713364513823764e-05,-0.0004508564306888728,0.00026108682504855096,0.000103752980066929
0.0001937207271112129,-1.4069901226321235e-06,-0.0005141164292581379,0.00020308706734795123,8.091115159913898e-05
0.0001565032725920901,6.373104406520724e-05,-0.00046134568401612336,0.00027389719616621733,0.00013479457993526014
0.00016067321121226996,9.189696720568465e-05,-0.00047540193190798163,0.0002618985890876502,0.00011712299601640552
0.00016768013301771134,4.680955316871405e-05,-0.00047105283010751014,0.00023747565865051,7.55732980906032e-05
0.0001789890666259453,-1.8532280591898598e-05,-0.0004866386007051915,0.0002233926206827164,9.460241562919693e-05
0.00016951745783444494,-1.8175791410612874e-05,-0.00047991468454711134,0.00020189388305880132,8.267995144706221e-05
0.00016401242464780807,-2.8099671908421442e-05,-0.0005046733422204852,0.0001970710582099855,9.36604119488038e-05
0.000195189772057347,-1.8539985831012015e-05,-0.000457226182334125,0.00020725734066218138,9.76387527771294e-05
0.0001829501852625981,-1.849109321483411e-05,-0.0004713800153695047,0.000188767648069188,7.02295365044847e-05
0.00016641845286358148,-3.5471341107040644e-05,-0.0004965366679243743,0.00020644666801672432,8.324036753037944e-05
0.00020790785492863503,2.3645857254450675e-06,-0.00047727290075272316,0.00024802479310892517,9.65786530287005e-05
0.00017358551849611104,-8.579755558457691e-06,-0.0004609041207004339,0.00019183073891326785,7.20255629858002e-05
0.00015900014841463417,6.975093856453897e-05,-0.0004973409231752157,0.00024309846048709005,8.409552538068965e-05
0.0001573228364577517,5.7116281823255115e-05,-0.00047890594578348095,0.0002538163389544934,9.015756950248033e-05
0.00016331633378285915,4.773717228090391e-05,-0.0004795957647729665,0.00024912343360483646,8.850562880979851e-05
0.00015633166185580194,-4.4204938603797934e-05,-0.0004966562264598906,0.00020045532437507063,8.538841211702675e-05
0.00018077860295306888,-2.2247644665185362e-05,-0.0004991403548046948,0.00018945879128295928,7.291517977137119e-05
0.00017543343710713089,-1.97886456589913e-05,-0.0004896376631222665,0.0002085404121316969,7.80732952989638e-05
0.00015474735118914398,6.207291880855337e-05,-0.00047992801410146063,0.0002517068933229893,8.801420335657896e-05
0.00015186125528998673,9.725229756440969e-05,-0.00048173451796174055,0.00027103425236418843,9.992458944907412e-05
0.0001258511474588886,6.117701559560373e-05,-0.0004690145724453032,0.00024358755035791543,0.00010145055421162397
0.00016495806630700827,8.491144399158657e-05,-0.00044724618783220654,0.00027839161339215934,0.0001126571442000568
0.00016036361921578646,7.536294288001956e-05,-0.00044675203389488166,0.0002709439140744508,0.00010718290286604316
0.0001610006729606539,8.039261592784896e-05,-0.0004413083661347628,0.00026193939265795047,0.00010223207209492102
0.0001412181882187724,8.818647620500997e-05,-0.0004793560656253249,0.00025205593556165695,9.31533650145866e-05
0.00015024974709376693,7.876996824052185e-05,-0.0004692163493018597,0.0002567721239756793,9.512560791336e-05
0.0001411182020092383,7.411747355945408e-05,-0.00047467942931689317,0.0002619198057800532,9.480859444011003e-05
0.0001377957669319585,4.930647992296144e-05,-0.00048390185111202305,0.00023056709324009722,8.775938476901501e-05
0.0001463310181861743,7.209149043774232e-05,-0.0004706536128651352,0.00028165022376924753,0.00010142140672542156
0.00018135376740247008,4.692083894042298e-05,-0.0004916159086860716,0.00025447303778491914,8.960993000073358e-05
0.000194119886145927,-1.195676395582268e-05,-0.0005037101218476892,0.0001827261585276574,6.744413258275017e-05
0.00017159410344902426,-3.278570147813298e-05,-0.0004935566103085876,0.00019153607718180865,7.5377436587587e-05
0.00017543343710713089,-2.20386209548451e-05,-0.0005144634051248431,0.00019185381825082004,7.116577035048977e-05
0.00015620797057636082,4.308221105020493e-05,-0.00046305230353027577,0.0002428148000035435,0.00010801819007610902
0.0001368283556075767,7.425798685289921e-05,-0.0004651678609661758,0.0002572096709627658,8.884876297088341e-05
0.00015151746629271656,7.676306995563209e-05,-0.000496811990160495,0.00024149405362550172,8.012467878870666e-05
0.00014651440142188219,7.865871157264337e-05,-0.0004421783378347755,0.00027569456142373383,0.0001184841021313332
0.00014034443302080038,0.00010538642527535558,-0.00046541125630028557,0.00024818175006657844,9.249784488929436e-05
0.00014167958579491824,5.810299990116617e-05,-0.0004672047216445208,0.00025667392765171826,0.00010480600030859932
0.00014789517445024103,7.23779812688008e-05,-0.00046772719360888,0.0002509322657715529,8.330176933668554e-05
0.00014369498239830136,7.193277269834654e-05,-0.00047422776697203517,0.00025923116481862957,9.465147013543174e-05
0.00014254366396926346,7.778897270327434e-05,-0.0004910673014819622,0.00026216471451334655,6.716640200465918e-05
0.00018829712644219398,3.534954157657921e-05,-0.0004681366553995759,0.00023882401001174003,9.72535999608226e-05
0.00016557799244765192,-1.5903695384622548e-05,-0.000476158777019009,0.00021781948453281077,0.00011614051618380471
0.00016513190348632634,3.908218059223145e-05,-0.0004714007955044508,0.0002446404250804335,9.55795985646546e-05
0.00017132621724158523,-8.07467495178571e-06,-0.0005118651897646488,0.00020545077859424052,6.967622903175652e-05
0.00018536587595008316,-2.6564297513687052e-05,-0.0005028558662161231,0.00019235923537053168,7.233144424390048e-05
0.0001883439690573141,-3.2800195185700425e-05,-0.0004611219046637416,0.00019108333799522367,9.67785672401078e-05
0.00017657254647929221,-1.5067957974679302e-05,-0.0004605938156601042,0.0002264075301354751,0.00010564931289991364
0.00016886678349692372,-2.085808409901801e-05,-0.0005132248625159264,0.0001960320514626801,6.0679456510115415e-05
0.00017672132526058704,-2.563690759416204e-05,-0.0005040342803113164,0.00018946775526273998,9.138857421930881e-05
0.00018239437486045063,-3.131384346488631e-06,-0.0005129732890054584,0.00020968249009456486,8.110032649710774e-05
0.000191725033801049,-9.171920282824429e-06,-0.0005149247008375823,0.00017304345965385437,6.232532905414699e-05
0.00020847465202677995,7.417254528263584e-05,-0.0005091431667096913,0.00024763561668805783,8.875991625245659e-05
0.00016476404562126842,9.056805720319971e-05,-0.0004334815603215248,0.0002662613114807755,0.00011562238796614109
0.0001482799561927095,7.735151302767918e-05,-0.00046191844739951193,0.00027341695385985076,0.00011383335368009284
0.0001400785695295781,7.844479114282876e-05,-0.00045243732165545225,0.0002684658393263817,0.00010765689512481912
0.00017577486869413406,6.713213224429637e-05,-0.0004744681355077772,0.0002678552409633994,9.882180165732281e-05
0.0001812453556340188,-1.4049674064153805e-05,-0.0004723842721432448,0.0002162046148441732,9.290085290558636e-05
0.0001583697448950261,-2.0472512915148396e-05,-0.0004808175726793706,0.00020292644330766047,8.658918522996828e-05
0.00016895173757802695,-1.6626290744170547e-05,-0.000480256334412843,0.00020993666839785877,8.962923311628401e-05
0.0001587513979757205,-3.609477062127553e-05,-0.0005017141811549664,0.00018358237866777927,5.885336577193812e-05
0.00017400026263203472,-1.8368849850958213e-05,-0.0004965491243638097,0.00020137733372393998,8.176109258783981e-05
0.00016278639668598768,-1.3973398154121242e-06,-0.0004977320786565542,0.00019746672478504482,9.614161535864696e-05
0.00016493904695380482,-1.1966701094934253e-05,-0.00047946747508831317,0.00019782946037594232,0.000116468254418578
0.00017576108803041282,-3.49893366546894e-06,-0.0005137882544659078,0.0002092982322210446,8.322471694555135e-05
0.00020113031496293846,3.376610766281374e-05,-0.00048794798203744005,0.0002360829239478335,6.796661182306707e-05
0.00015515208360739052,4.847071977565065e-05,-0.0004920217324979603,0.00023284800408873707,7.170972094172612e-05
0.0001703596208244562,2.851520366675686e-05,-0.0004910732968710363,0.0002358586934860796,8.949384937295692e-05
0.00016418802260886878,7.65762451919727e-05,-0.0004932936280965805,0.00026806414825841784,8.716561569599435e-05
0.00017187294724863025,3.659889625851065e-05,-0.000495204352773726,0.00024188519455492494,9.205193782690912e-05
0.00018034545064438132,-1.3768365533906037e-05,-0.0005244362400844693,0.0001945386175066233,6.767684681108221e-05
0.00016903772484511134,9.242593478120398e-06,-0.0004798173613380642,0.0002164571487810463,6.698155630147085e-05
0.00015802124107722193,-3.0976654130654424e-08,-0.00047805169015191495,0.00020899053197354078,6.974043935770169e-05
0.00019144763064105064,-8.471676665067207e-06,-0.0004992942558601499,0.00019927987887058407,8.418491051997991e-05
0.00020924235286656767,8.86040652403608e-05,-0.0004646194574888796,0.0002669560199137777,0.00010672556527424605
0.00016924111696425825,3.5923538234783337e-05,-0.0004597299266606568,0.00026279958547092974,9.206824324792252e-05
0.0001751097879605368,6.462384772021323e-05,-0.0005006551509723066,0.00025163611280731857,9.722269169287756e-05
0.0001823889760999009,6.792633212171495e-05,-0.0004933037562295794,0.0002322437503607944,7.334458496188745e-05
0.00015003430598881096,5.858163785887882e-05,-0.000483218173030764,0.00021948823996353892,7.966381963342428e-05
0.00015791007899679244,6.374757504090667e-05,-0.0005185452173464,0.00023405968386214224,5.2724266424775124e-05
0.0001756655256031081,-2.1005313101341017e-05,-0.0005043293349444866,0.00020016141934320333,7.80350819695741e-05
0.00014757644385099408,4.800176975550129e-05,-0.00047697706031613046,0.00023760269687045366,9.250665607396512e-05
0.0001733409735606983,5.3335490520112216e-05,-0.0004996533971279861,0.0002468516759108752,9.414467785973102e-05
0.00015420558338519186,5.605255500995554e-05,-0.0004965928383171558,0.00023536848311778158,8.240891474997625e-05
0.0001639950496610254,-2.697530908335466e-05,-0.0005106139578856528,0.0001963040995178744,7.18714582035318e-05
0.000175730514456518,-1.9180919480277225e-05,-0.0005111070349812508,0.00020924794080201536,7.142518734326586e-05
0.00018726449343375864,8.601611625635996e-05,-0.0004791774845216423,0.00023847220290917906,8.534751395927742e-05
0.00016871673869900403,-2.89444164991437e-06,-0.00048003272968344385,0.00020732833945658058,7.810109673300758e-05
0.000174905318999663,-6.818688689236296e-06,-0.00048562703887000685,0.00019798008725047112,7.264516170835122e-05
0.00017117582319770008,3.8340633182087906e-05,-0.00048763563972897833,0.00021260714856907725,8.734827861189842e-05
0.00017124248552136123,4.9487491196487106e-05,-0.0004888451076112689,0.00023826255346648398,0.00010358955478295684
0.00017828406998887658,-3.139735053991899e-05,-0.0004917557816952467,0.00021561529138125482,8.753799193073064e-05
0.00021571853721980008,-2.009683885262348e-05,-0.0005102235591039062,0.00021178871975280344,7.703187293373048e-05
0.00023072549083735797,-2.009655872825533e-05,-0.0005081685958430171,0.00019565754337236285,8.773252920946106e-05
0.0001727144990582019,-2.3556234737043272e-05,-0.0004266959440428764,0.00029443562380038196,0.00017110408225562423
0.00017238795408047736,-2.0600875359377827e-05,-0.0004028911935165525,0.00029451859882101417,0.00018021125288214532
0.00014936018851585686,2.8078271498088728e-05,-0.00043325230944901705,0.0002455849316902459,0.00013182373368181288
0.00016999483341351151,4.401342084747739e-05,-0.00046468951040878887,0.00025754986563697463,0.0001154638230218552
0.00016446459630969912,6.976851727813481e-05,-0.0004787074285559356,0.00026503432309255004,8.496628288412467e-05
0.00015114447160158306,-3.0044118830119263e-05,-0.0005081747658550738,0.0001877713657449931,4.989089575246908e-05
0.00019442418124526742,5.752971446781885e-06,-0.0005178757710382342,0.0001950141740962863,6.580150511581452e-05
0.0001672387879807502,1.2582991359977314e-07,-0.0004956260672770442,0.00019614676421042526,8.761326171224937e-05
0.00017480239330325276,5.5271098972298205e-05,-0.0005103851435706018,0.0002185016346629709,6.623236549785361e-05
0.00016439612954854962,-3.142350396956317e-05,-0.0005193785182200372,0.00019675733346957716,7.181152614066377e-05
0.0001605768920853734,-1.1143811207148246e-05,-0.0005075120716355741,0.0001898067566799,7.633629866177216e-05
0.00020092350314371288,-1.5294992408598773e-05,-0.0004231767961755395,0.0002445257268846035,0.0001750223309500143
0.00016244317521341145,-8.434722985839471e-05,-0.000384016108000651,0.0002438745141262189,0.00020098533423151818
0.00016248822794295847,-6.808261241531e-05,-0.00034096819581463933,0.00028207959257997567,0.00026715663261711603
0.00017784965166356417,-4.604328205459751e-05,-0.0003501188475638628,0.0002422249090159312,0.00021955756528768688
0.00017291985568590462,-1.688533666310832e-05,-0.00040231685852631927,0.00026782375061884517,0.00015664029342588037
0.0001561597746331245,5.8609315601643175e-05,-0.00048213568516075617,0.00020040381059516219,6.360308907460421e-05
0.0001636046072235331,5.0274418754270293e-05,-0.0005166956107132137,0.00018854180234484372,2.883092383854091e-05
0.00018980396271217612,5.394119580159895e-05,-0.0005470106261782348,0.00017755381122697145,3.646801269496791e-05
0.00017098517855629325,8.031282959564122e-06,-0.000531654863152653,0.00019974834867753088,4.5229731767904013e-05
0.00016320653958246112,8.421212260145694e-05,-0.0005470334435813129,0.00023375875025521964,3.696236672112718e-05
0.00017027526337187737,1.322600928688189e-05,-0.0005387529381550847,0.00021627078240271655,5.198029248276725e-05
0.00019075957243330777,1.0133137038792484e-05,-0.0005472137127071619,0.00019340138533152643,4.020070264232345e-05
0.00016979410429485142,-3.1118779588723555e-06,-0.000516700092703104,0.00019635008356999606,4.552157042780891e-05
0.00018621502385940403,0.00010119096259586513,-0.0005318605690263212,0.0002442777913529426,7.507965347031131e-05
0.00017987427418120205,0.0001044796808855608,-0.0005078732501715422,0.0002507176832295954,8.207355131162329e-05
0.00015139243623707443,9.722950198920445e-05,-0.0005100601701997219,0.0002483464777469635,5.7711440604180104e-05
0.00016920171037781984,0.00010259336704621093,-0.0005049727042205632,0.0002497622335795313,6.409837078535929e-05
0.0001330720988335088,7.277689292095602e-05,-0.0004970587906427681,0.00024278441560454667,8.334376616403459e-05
0.00017947844753507525,6.55793774058111e-05,-0.0004985459963791072,0.0002516714739613235,8.25298047857359e-05
0.0002179431903641671,2.9090338102832906e-06,-0.0005210516392253339,0.00020792098075617105,9.402129217050971e-05
0.00021972712420392781,-2.410559500276577e-05,-0.0004384579078759998,0.000283080677036196,0.00020121071429457518
0.00017378682969138026,-6.470835069194436e-05,-0.0003152900608256459,0.00029342484776861966,0.0003289091109763831
8.849910227581859e-05,-0.00019715796224772933,-0.0003098159213550389,0.0002055143704637885,0.00031038295128382737
0.00011662921315291896,-0.00012477899144869298,-0.00037845646147616213,0.00020966705051250758,0.00019687380699906495
0.00015945971244946122,-4.656540477299132e-05,-0.00043481943430379033,0.00020975041843485087,0.00012426082685124132
0.00016350636724382642,6.488670805993023e-06,-0.0004809448728337884,0.00021425381419248882,8.934253855841234e-05
0.00019349125795997682,2.0825087631237693e-05,-0.0005240111495368184,0.00020329946710262448,5.8724457630887634e-05
0.00018307512800674888,9.511921962257476e-05,-0.0004823429917450994,0.0002787995326798409,0.00010794459376484157
0.00016482411592733115,0.00013981234224047512,-0.0005256590084172785,0.000282593653537333,8.743510261410847e-05
0.00015692047600168735,9.718711953610182e-05,-0.0005022601108066739,0.0002688390086404979,9.08465444808826e-05
0.00015896392869763076,0.00011059782991651446,-0.0005146717885509133,0.0002823274116963148,7.822040788596496e-05
0.00014224804181139916,8.895879000192508e-05,-0.0004894337616860868,0.0002697822928894311,0.00010421162733109668
0.00016343755123671144,9.42068945732899e-05,-0.0004874789738096297,0.00026320855249650776,0.00010458556062076241
0.00018325060955248773,7.800283492542803e-05,-0.0004517677007243037,0.0002558682463131845,0.0001325103221461177
0.00017059278616216036,0.00010850979742826894,-0.00038320574094541365,0.00033002786221913993,0.00021934829419478771
0.00013647093146573752,6.13144293311052e-05,-0.000446908874437213,0.0002543905284255743,0.00016613639309071004
0.0001314005785388872,1.9097406038781628e-05,-0.00044150260509923095,0.00025372111122123897,0.00014392583398148415
0.00011789130803663284,4.4641117710853e-05,-0.00043112834100611513,0.0002758389455266297,0.00015834631631150842
0.00014626279880758378,8.725269435672091e-05,-0.000492572202347219,0.0002444304700475186,9.864322055364029e-05
0.00015551173419225958,8.499759860569611e-05,-0.0004703222366515547,0.0002677596639841795,0.00012403893924783915
0.00017527592717669904,8.762053039390595e-05,-0.0004695101524703205,0.0002665352949406952,0.00011213006655452772
0.00014467706205323339,8.628339128335938e-05,-0.0005086208111606538,0.0002598697319626808,9.199591295327993e-05
0.00014780749916099012,7.852410635678098e-05,-0.0004950465518049897,0.00027357591898180544,0.00011166663898620754
0.0001529835135443136,7.429033576045185e-05,-0.0004980065859854221,0.00023813071311451495,8.466997678624466e-05
0.00015976167924236506,0.0001040146962623112,-0.0004866480303462595,0.00025910799740813667,8.846144919516519e-05
0.00017105958249885592,7.665895100217313e-05,-0.0004932581796310842,0.00023892210447229442,8.20855493657291e-05
0.00014124391600489616,8.387659181607887e-05,-0.0005051459302194417,0.0002614896511659026,9.311192843597381e-05
0.00014804917736910284,9.042312012752518e-05,-0.0005009080632589756,0.00026102346600964665,0.00010488287080079316
0.00015787401935085654,0.00011327869287924838,-0.0005012617330066861,0.0002651836548466236,8.398528007091954e-05
0.00014399558131117374,9.056726412381977e-05,-0.0004956457414664328,0.0002661663747858256,7.195723446784541e-05
0.00015739032824058086,0.00010865765216294676,-0.0004956702468916774,0.0002833866165019572,0.00010165011190110818
0.00014450476737692952,6.131156987976283e-05,-0.0004400777106638998,0.00028214952908456326,0.00015526881907135248
0.00013514052261598408,4.677372635342181e-05,-0.00041845632949844,0.00028913613641634583,0.00018486563931219282
0.00013177709479350597,4.8711357521824545e-05,-0.0004665350716095418,0.0002624523767735809,0.00012266567500773815
0.00011715543951140715,4.685538078774698e-05,-0.00046740073594264686,0.000240779685555026,0.00011870703747263178
0.00013974354078527543,9.644719102652745e-05,-0.0005003680707886815,0.00027534668333828455,0.00010249143815599382
0.00016943611262831837,6.648836279055104e-05,-0.00046934324200265115,0.00029034630279056733,0.00014857731002848595
0.0001652057690080255,7.1626142016612e-05,-0.0004509139980655164,0.0003064378106500953,0.00018068017379846424
0.00010954536992358044,-1.5437799447681755e-05,-0.0004591966862790287,0.0002031400508712977,0.00014085890143178403
6.207194383023307e-05,-3.5448174457997084e-05,-0.000424494530307129,0.00017127265164162964,8.841388626024127e-05
7.50518956920132e-05,-1.7743659554980695e-05,-0.00036393382470123464,0.0002394616894889623,0.0001343062031082809
8.411378075834364e-05,1.1212151548534166e-05,-0.0003835442767012864,0.0002763711963780225,0.00016894044529180974
0.00011942608398385347,5.2768878958886496e-05,-0.0004222449788358063,0.0002969139604829252,0.00015614135190844536
0.00012868309568148106,8.171828085323797e-05,-0.0004470842541195452,0.000297398364637047,0.0001284053869312629
0.00016680534463375807,8.011893805814907e-05,-0.0004946044064126909,0.00028571052826009685,0.00011551648640306665
0.00019202983821742242,0.00010571478196652606,-0.00050743343308568,0.00027155535644851625,7.458611798938364e-05
0.0001738410355756059,0.00010539565118961036,-0.0004898029146715999,0.0002939970581792295,9.84933358267881e-05
0.00017389292770531029,0.00010587879660306498,-0.0005011216853745282,0.00027630373369902367,0.00010681759886210784
0.00014396560436580333,0.00011716841981979087,-0.00047276166151277716,0.000300337647786364,0.0001242512953467667
0.00015137594891712067,8.18185435491614e-05,-0.0005046328296884893,0.00023489136947318912,7.930995343485847e-05
0.00015341462858486918,5.601613520411775e-05,-0.0005161744775250554,0.00022354790417011827,6.53874667477794e-05
0.0001496366603532806,8.808654092717916e-05,-0.0004924171371385455,0.00025719933910295367,7.474307494703679e-05
0.00017115189984906465,0.00010652160563040523,-0.0005086102173663676,0.00028689421014860267,0.00010573890176601708
0.00017454143380746245,9.570414840709418e-05,-0.00048318752669729287,0.000277135259239003,0.00014923406706657258
0.00018574565183371303,8.524694567313418e-05,-0.0004691503127105534,0.0002422307297820225,0.00011738048488041387
0.00014172575902193785,8.214603440137579e-05,-0.000493846193421632,0.00023532754858024413,8.536232053302228e-05
0.0001388509845128283,4.836206062464044e-05,-0.0005004683043807745,0.00021526584168896082,7.964835094753654e-05
0.00011226555943721904,5.278751632431522e-05,-0.00047149887541309004,0.0002433298795949668,7.577063661301509e-05
0.00016397824219893664,8.801174408290535e-05,-0.0004981784150004387,0.0002429611631669104,7.80661212047562e-05
0.00015312785399146378,7.280785939656198e-05,-0.0004862249188590795,0.000272503326414153,0.00010305930481990799
0.00016231417248491198,8.062070264713839e-05,-0.0004861107736360281,0.0002798486093524844,9.482261521043256e-05
0.00016789742221590132,9.958679584087804e-05,-0.0004920745268464087,0.0002611537638586014,8.499927935190499e-05
0.00017625959299039096,0.00012794662325177342,-0.0004795492568518967,0.0003043005708605051,0.00014441121311392638
0.00013939272321294993,9.267337736673652e-05,-0.00043497441220097244,0.0003194002201780677,0.00018492121307644996
0.00012680447252932936,2.195289016526658e-05,-0.0004804355558007956,0.0002136554539902136,8.163698657881469e-05
0.00013013096759095788,6.452132220147178e-05,-0.0004458631156012416,0.0002829486329574138,0.00012240727664902806
0.00014456859207712114,5.732868885388597e-05,-0.0004625797446351498,0.00024289893917739389,8.69031428010203e-05
0.0001607567828614265,8.611059456598014e-05,-0.00047341591562144464,0.0002620856976136565,0.00010757327981991692
0.00016851260443218052,8.686787623446436e-05,-0.0004663379222620279,0.0002745202800724656,0.00010513401502976194
0.0001822771591832861,0.0001292696106247604,-0.0004923527594655752,0.0002733281289692968,0.0001137427316280082
0.00015959347365424037,9.245697583537547e-05,-0.0005056862719357014,0.0002610725932754576,8.864584378898145e-05
0.00017082318663597107,0.00010254596418235451,-0.0005139993736520411,0.0002684243372641504,8.753637666814029e-05
0.000166318379342556,9.168509859591722e-05,-0.0005138345877639949,0.00025124006788246334,7.879206532379612e-05
0.00016645743744447827,9.950379899237304e-05,-0.0005044590798206627,0.00026667417841963465,8.720680489204824e-05
0.00016007681551855057,0.00010641777043929324,-0.0004453046421986073,0.0003137000894639641,0.00017366187239531428
0.0001443435758119449,7.744711911072956e-05,-0.00041521893581375485,0.0003184214001521468,0.00019337523553986102
0.00014100155385676771,5.729297481593675e-05,-0.00047635787632316346,0.00024129448866005987,8.307268581120296e-05
0.00014500827819574624,4.382790211820975e-05,-0.0004840223409701139,0.00021895389363635326,6.14610908087343e-05
0.00013754070096183568,8.430215530097486e-05,-0.0004940833896398544,0.00024077254056464883,7.270930655067787e-05
0.00013275285891722888,6.0475973441498354e-05,-0.0004753388348035514,0.0002648890949785709,9.743018017616124e-05
0.00012536307622212914,7.650972111150622e-05,-0.00048438162775710236,0.00023870207951404154,7.067312253639102e-05
0.0001377560110995546,8.109967893688008e-05,-0.0004829289100598544,0.00026178135885857046,9.146051161224024e-05
0.00020762917120009658,0.00015984561468940228,-0.0004366780340205878,0.00032623857259750366,0.0001829427492339164
0.00023487121507059785,0.00011518738028826192,-0.00046535354340448976,0.00031534771551378066,0.00017174982349388301
0.00019515154417604208,6.783595745218919e-05,-0.0005806424305774271,0.00010015889711212368,-7.715295214438811e-05
0.00012569304089993238,2.4327733626705594e-05,-0.00045248310198076064,0.00024270129506476226,6.349619798129424e-05
7.921805809019133e-05,2.6784335204865783e-05,-0.00038462367956526583,0.000292847485980019,0.0001356144348392263
0.00010233884677290915,6.453901733038947e-05,-0.00039112390368245537,0.00030063450685702264,0.00014905238640494645
0.00016385068011004478,0.00010248336184304208,-0.00040230597369372845,0.00033349738805554807,0.00015263076056726277
0.00017407027189619842,0.00012487331696320325,-0.0004054312885273248,0.00036386001738719637,0.00016129566938616335
0.00018001448188442737,0.00010064364323625341,-0.00048448052257299423,0.00027036934625357395,0.00010034102888312192
0.00017954072973225266,0.00010562491661403328,-0.00048391934251412755,0.0002542869478929788,6.0819078498752794e-05
0.00017666150233708322,0.00010767512867460029,-0.0004902072832919657,0.0002635036362335086,7.497363549191505e-05
0.00020455585035961119,0.00016421837790403515,-0.000485093507450074,0.000329406262608245,0.00012911258090753108
0.00021570328681264078,0.00018380122492089868,-0.000489654834382236,0.00035993993515148764,0.00015581055777147412
0.00020036546629853547,9.198202315019445e-05,-0.0006100796163082122,0.00014449510490521786,-3.780790939345025e-05
0.0001891064312076196,8.31668876344338e-05,-0.0004989576991647482,0.00018590643594507128,3.853432190226158e-06
0.00017043027037288994,9.612571739125995e-05,-0.00045967407641001046,0.0002940020931418985,0.00012009597412543371
0.0002072341303573921,0.0001515223120804876,-0.00038703487371094525,0.0004152547335252166,0.0002676261065062136
0.00026011007139459247,0.00017454045882914215,-0.0004436021554283798,0.0003884335164912045,0.00023055553901940587
0.0002705155056901276,8.791815344011411e-05,-0.0006142464117147027,0.00012284886906854808,-0.00010410999675514176
0.0001732103555696085,9.745798161020501e-05,-0.00045475616934709246,0.0002377678611082956,3.980086330557242e-05
0.00013439868052955714,5.9469151892699294e-05,-0.0003518053854350001,0.0003397611144464463,0.00019339151913300162
9.48734741541557e-05,8.046215225476773e-05,-0.00034113199217244983,0.0003739489475265145,0.00020059717644471675
0.00014349901175592097,0.00012124232307542117,-0.00037712525227107113,0.00038829035474918783,0.00020161153224762532
0.0001840612676460296,0.0001247566833626479,-0.0004104874096810817,0.0003343832795508206,0.00017947082233149558
0.00016634154599159956,9.75506118265912e-05,-0.0004094207542948425,0.00027580978348851204,0.00012593218707479537
0.00016388219955842942,9.209662675857544e-05,-0.0004553597827907652,0.0002721750643104315,9.014907845994458e-05
0.0001929350255522877,9.88882893580012e-05,-0.0004662383871618657,0.00027134624542668456,9.837388643063603e-05
0.00017793496954254806,8.174079266609624e-05,-0.0004990699817426503,0.000241455840296112,7.568870933027938e-05
0.00021591593394987285,0.00014910902245901522,-0.00047363818157464266,0.00028032294358126814,8.022941619856283e-05
0.00023068211157806215,0.00016090500866994262,-0.00040333339711651206,0.00042055847006849945,0.00026488266303204
0.00021148414816707373,0.0001400987821398303,-0.00037599852657876914,0.0004370904061943293,0.00031338375993072987
0.0002161047450499609,7.21543692634441e-05,-0.0005652797408401966,0.0001768695656210184,2.3729393433313817e-05
0.00019260305271018296,-1.8899461792898364e-05,-0.0005303440848365426,0.0001648075703997165,3.96127361455001e-05
0.00022941507631912827,-4.910779171041213e-05,-0.00042739993659779435,0.0002576379920355976,0.00017748524260241538
0.0002433863119222224,2.9995528166182343e-05,-0.00042398460209369665,0.00025256964727304876,0.00016936776228249073
0.00024012872017920015,3.0282897569122724e-05,-0.0004940530634485184,0.00023178993433248246,0.00011739555338863283
0.0002290368283865973,-4.454471309145447e-06,-0.000501562375575304,0.0001978944055736065,9.753483755048364e-05
0.00022517806792166084,-2.0965220755897462e-05,-0.0005129884812049569,0.00018102470494341103,8.035833161557093e-05
0.00023716699797660112,-7.912252840469591e-06,-0.0005273186834529042,0.00017854702309705314,7.507420377805829e-05
0.00022972820443101225,-9.650306310504677e-06,-0.0005318837938830255,0.00018531618115957824,7.268724584719166e-05
0.00024546057102270424,-4.857384737988468e-06,-0.0005319637712091208,0.00018509040819481012,4.833690036321059e-05
0.0002162219607271254,-2.868591400329024e-05,-0.0005236081196926534,0.00018480230937711892,7.004635699559003e-05
0.00020953260536771268,5.645543569698929e-05,-0.0004884116933681071,0.00022053894645068794,8.298801549244672e-05
0.00021792511688545344,-1.535661067464389e-05,-0.0005004744743928313,0.00017146451864391565,8.788993000052869e-05
0.0002489464532118291,4.779235314344987e-05,-0.0004940247163176538,0.00023007596610113976,7.232715142890811e-05
0.00022116924810688945,6.132954877102748e-05,-0.0005023962585255504,0.0002121113502653316,5.2682280511362485e-05
0.00023674733529333023,7.837559678591788e-05,-0.0004939226200804113,0.0002218210429418832,8.944154251366854e-05
0.0002305272500962019,6.215681787580252e-05,-0.0005020166281610726,0.00023642368614673615,7.632372580701485e-05
0.00020844249229412526,4.3900061427848414e-05,-0.0004995748167857529,0.0002175292611354962,7.856052252463996e-05
0.000221187190618366,6.50247311568819e-05,-0.0004796756838914007,0.00024141339235939083,6.176457100082189e-05
0.00021649795235134658,2.632309042382985e-05,-0.0005056928494013847,0.00018547814397607,5.5361011618515477e-05
0.0002480680705048144,6.192307773744687e-05,-0.0005184222245588899,0.00021758580987807363,5.7507739256834605e-05
0.00024690054124221206,6.393559306161478e-05,-0.0005039385869167745,0.00023112331109587106,8.326747047249229e-05
0.00022253367933444681,1.3210446923039855e-05,-0.000515736872330308,0.00018453289521858096,4.821872425964102e-05
0.00023932798649184409,5.3837051382288344e-05,-0.0004981994279660286,0.00021139311138540504,7.433559221681207e-05
0.00022674138017464435,1.0092074262502138e-05,-0.0005202282336540519,0.00021939267753623423,9.171991405310108e-05
0.00021920203289482745,7.266053216881119e-06,-0.0005173925310373306,0.0002101683203363791,8.199814328690991e-05
0.00021545567142311484,2.3616768885403868e-05,-0.0005205481429584324,0.00019935242016799748,6.265252159209922e-05
0.00018272499437443912,6.761729309801012e-05,-0.00048083622823469335,0.00024126740754581988,6.81317615089938e-05
0.00021065655164420602,6.667494017165154e-05,-0.0005163939204066992,0.00023668700305279347,7.217773963930085e-05
0.00023671232338529083,9.528303780825809e-05,-0.0004806842189282179,0.00024288540589623153,5.9304897149559104e-05
0.00022343336604535582,6.80782104609534e-05,-0.0004810741229448468,0.0002261095942230895,7.584709965158254e-05
0.00017710644169710577,8.914790669223294e-05,-0.00046213762834668165,0.00026474276091903454,9.181682980852202e-05
0.00022268921020440763,6.733466580044478e-05,-0.0005064202705398202,0.00023029370640870186,8.382398664252834e-05
0.00020956191292498258,6.405471503967419e-05,-0.0005091125494800508,0.00023214913380797955,5.6088905694195994e-05
0.0002007589064305648,6.945464701857418e-05,-0.00047938682837411756,0.0002559700224082917,8.876389620127156e-05
0.0002001611719606444,3.7179015635047115e-05,-0.0004996452480554581,0.0002269396063638851,7.248578185681254e-05
0.00020103331189602613,6.289353768806906e-05,-0.0005033149500377476,0.0002262390480609611,5.8643403463065624e-05
0.000243336267885752,6.873741222079842e-05,-0.0004881590721197426,0.00024483358720317483,8.340878412127495e-05
0.00025016622385010123,1.631616942177061e-05,-0.0004976571653969586,0.00022033334244042638,9.061265154741704e-05
0.00020953094644937664,1.7392361769452688e-05,-0.0004440084449015559,0.00024236550962086767,0.00012914194667246193
0.00021116569405421612,5.9231122577330104e-05,-0.0004894862649962307,0.0002252210106234997,7.481314969481899e-05
0.000203997697099112,-1.950916339410469e-05,-0.0005048482562415302,0.0002024622808676213,8.396337943850085e-05
0.0002116020768880844,6.367835885612294e-05,-0.0005058242240920663,0.00024687082623131573,8.713707939023152e-05
0.0002226825163234025,4.1457402403466403e-05,-0.0004905140376649797,0.0002457316440995782,7.993866165634246e-05
0.00015331282338593158,5.6024688092293225e-05,-0.0004662614082917571,0.00027090005460195243,9.075665002455936e-05
0.0002342544321436435,5.5643286032136536e-05,-0.0004999152151867747,0.00024193192075472325,8.309715485665947e-05
0.0001964423718163744,-2.664579369593412e-05,-0.0004928597481921315,0.00018755317432805896,8.350464486284181e-05
0.00021417179959826166,-7.5041380114271306e-06,-0.0004963528481312097,0.0002271078701596707,9.855421376414596e-05
0.00021212945284787563,5.943245196249336e-05,-0.0005049579776823522,0.0002377520577283576,8.17407708382234e-05
0.00020057620713487267,-1.5515608538407832e-05,-0.0005052103661000729,0.00021560811728704718,8.347388939000666e-05
0.00022175368212629112,2.003784175030887e-05,-0.0004903985536657274,0.0002377903001615778,0.00010248999024042858
0.00020427927665878087,-2.097007018164732e-05,-0.0005009959568269551,0.0001949662109836936,7.693735824432224e-05
0.00020457232312764967,-1.3461520211421886e-05,-0.0005192107055336237,0.00020166097965557128,7.344670302700251e-05
0.00019987810810562223,3.3095879189204425e-05,-0.0004990956513211131,0.0002370879810769111,9.302059334004298e-05
0.00017520238179713488,4.4504380639409646e-05,-0.0004915219615213573,0.00023779796902090308,7.604508573422208e-05
0.00021196278976276522,-1.4834011381026356e-05,-0.0005096556269563736,0.00019991157751064748,6.643859524047002e-05
0.00020713319827336815,-1.1294979231024628e-05,-0.0005037343944422902,0.0002206535718869418,0.00010242150165140627
0.00020848058920819312,1.2405513189150952e-05,-0.0004836005682591349,0.0002157003473257646,7.374692359007895e-05
0.0002167104394175112,-1.5106247701623943e-06,-0.0004861089400947094,0.00021476390247698876,8.958310354501009e-05
0.00018701422959566122,-2.436258546367753e-05,-0.0005034531932324171,0.00020472612231969836,6.899383151903749e-05
0.0002022158441832289,-2.2991333025856875e-05,-0.000495137763209641,0.00019357581913936886,8.726766100153327e-05
0.0002058991231024265,2.218230474682059e-05,-0.0005018124356865883,0.00022738213010597974,9.339078678749502e-05
0.0002016939251916483,-7.401179118460277e-06,-0.0005120125133544207,0.00020675068662967533,7.196245132945478e-05
0.00019669593893922863,-2.48099458985962e-05,-0.0004972098977304995,0.0001981856039492413,0.00010327226482331751
0.00023187833721749482,1.938469722517766e-05,-0.0004765418125316501,0.00024447689065709705,9.50908215600066e-05
0.0001892318396130577,-2.605066947580781e-05,-0.0004906064714305104,0.00019436566799413413,6.973416748223826e-05
0.00017994311929214746,-2.8714624932035804e-05,-0.0005218661390244961,0.00018359340901952242,5.912899359827861e-05
0.00018955918494611976,-1.2269440503587248e-06,-0.0005085078300908208,0.00018369773169979453,6.405708700185642e-05
0.00020381348440423608,3.0528815841535106e-05,-0.0004941436345688999,0.00023573602084070444,9.909176878863947e-05
0.00022679050744045528,3.2210762583417825e-05,-0.00047606020234525193,0.00022573464957531544,0.00011219351290492338
0.0001963849208550528,2.527186006773263e-05,-0.00046257895883172756,0.00026409959536977107,0.00010865074727917091
0.0001803162158466876,3.38419595209416e-05,-0.0004590749158523977,0.00025102176005020743,9.615207090973854e-05
0.00020719700842164457,-1.5082800928212235e-05,-0.0005035276990383863,0.0002061488339677453,0.00010437046876177192
0.00023321867047343403,-1.0345187547500244e-05,-0.0004914751625619829,0.00021224429656285795,8.434856135863811e-05
0.0001818212476791814,-3.2628980989102274e-05,-0.0005047983140684664,0.00019302169675938785,7.034484588075428e-05
0.00016042313654907048,4.799122325493954e-05,-0.00047912244917824864,0.00023866712581366298,9.454607788939029e-05
0.00018348665616940707,-2.640951242938172e-05,-0.0005065872683189808,0.00018895100220106542,6.799474795116112e-05
0.00017875574121717364,8.9448549260851e-05,-0.00045502927969209855,0.0002767534460872412,0.00012484528997447342
0.0002075432421406731,0.00010229130566585808,-0.0004891765420325099,0.00027926918119192123,0.00010185432620346545
0.00020123568538110703,-2.9701073799515143e-05,-0.0004884787485934794,0.0001976407220354304,6.668725109193474e-05
0.00018275716865900904,7.046706014079973e-05,-0.0004709398199338466,0.0002672713890206069,0.00011722760245902464
0.00019113488087896255,1.575609167048242e-05,-0.0004957080236636101,0.00020603640587069091,8.148770575644448e-05
0.00019022916967514905,3.326338264741935e-05,-0.0004991383175365627,0.00022982590598985555,6.004278111504391e-05
0.00018692220328375697,4.847095624427311e-05,-0.0004951205337420106,0.0002446761645842344,7.16700596967712e-05
0.00020880144438706336,2.402891368546989e-05,-0.0004984003608115016,0.00021989284141454848,6.444195605581626e-05
0.0002028527233051136,2.92257154796971e-05,-0.00047321731108240783,0.00024202324857469648,0.00010033587750513108
0.00018866681784857062,7.038452895358206e-05,-0.00047175586223602295,0.00027266560937277967,8.408413850702345e-05
0.00018999054736923424,3.726671639014967e-05,-0.00045494936057366436,0.00026499736122787004,0.00011663740588119254
0.0001701050641713664,5.37951746082399e-05,-0.0005010313470847906,0.0002420268865535036,6.546132499352099e-05
0.0001895115565275773,9.801704436540604e-05,-0.00048577864072285587,0.00027410199982114136,0.00010475768795004116
0.00017668158398009837,-1.8090331650455482e-05,-0.0004987172433175147,0.0001935076725203544,9.970880637411028e-05
0.0001791494432836771,6.035776095814072e-05,-0.0004776693531312048,0.00023496871290262789,0.00010539954382693396
0.00020087586017325518,5.238350786385126e-05,-0.0005006847204640508,0.000240998575463891,8.495980728184803e-05
0.00017843276145868003,4.2493935325182974e-05,-0.00045966645120643085,0.000232543345191516,0.00010474122245796025
0.00019138336938340214,2.662527185748331e-05,-0.0004851738049183041,0.00023203260207083082,6.986100925132632e-05
0.00015557382721453905,7.113168248906732e-05,-0.0004691126523539424,0.0002610794035717845,0.00010235522495349868
0.00018061410810332745,8.167903433786705e-05,-0.00047984876437112684,0.0002833802718669176,0.00011649852967821062
0.0001690878561930731,7.21998148947023e-05,-0.0004392291302792728,0.00022744889429304751,7.310543151106684e-05
0.00017746556841302663,8.064139547059311e-05,-0.00046214071335270995,0.0003010104992426932,0.00012716968194581568
0.00016038122703321278,8.561160939279944e-05,-0.0004596927319653332,0.0002960885467473417,0.00010638606181601062
0.0001406630763085559,9.270547889173032e-05,-0.00048193280235864217,0.00028633358306251466,9.214929741574451e-05
0.00014012718747835606,7.072978041833267e-05,-0.0004926670226268469,0.00024576514260843396,7.349201041506603e-05
0.00014518096577376127,5.052511914982461e-05,-0.0004980898811481893,0.00024307724379468712,7.90232079452835e-05
0.00017495697829872367,5.057371163275093e-05,-0.000492443039547652,0.00023735899594612417,7.451111014233902e-05
0.00017486317665316164,-1.962564965651836e-05,-0.0004912185831926763,0.00020713968842756003,8.757338946452364e-05
0.0002173360553570092,-4.236494532960933e-06,-0.0004858680767938495,0.0002361834631301463,0.00012072374374838545
0.00019289554620627317,4.036815880681388e-05,-0.00047390977852046484,0.00024010676133912057,9.742285328684376e-05
0.0002070462942356244,4.4874213926959776e-05,-0.0004971259040758014,0.0002281653578393161,7.041289791231975e-05
0.00017466393182985485,-6.014758582750801e-06,-0.00047310354420915246,0.00021343378466553983,7.601299148518592e-05
0.00019118573982268566,-8.205983249354176e-06,-0.0005110917263664305,0.000201662682229653,6.886165647301823e-05
0.00019128713756799695,4.5019289245828986e-05,-0.0004927453119307755,0.0002292713761562481,8.99959632079117e-05
0.00016236546798609197,-2.571418690422433e-06,-0.0004886867827735841,0.0002135715330950916,8.5739629867021e-05
0.00020749378018081188,6.596002322112327e-08,-0.0004980192170478404,0.00020479667000472543,9.421768481843174e-05
0.00018203568470198658,4.8775069444673136e-05,-0.0004978376673534513,0.00024020891578402368,7.722675945842639e-05
0.0001732515083858743,4.641372652258724e-05,-0.0004800793831236661,0.00025307005853392184,0.00011907488078577444
0.00018107391952071342,-2.1708447093260475e-05,-0.0004808481608051808,0.00023827336553949863,9.165108349407092e-05
0.00016133315511979165,4.901177817373537e-05,-0.00048064920702017844,0.000244742666836828,7.862377242418006e-05
0.00018572855333331967,-1.7129201296484098e-05,-0.0005154212703928351,0.00019930192502215502,7.239645492518322e-05
0.0001994764024857432,1.8470755094313066e-05,-0.0005094294901937246,0.00021436487440951166,0.0001023393851937726
0.00022197654470801356,5.561615398619324e-05,-0.0004937276826240122,0.00024580274475738406,7.321930024772882e-05
0.0001711150398477912,4.683953375206329e-05,-0.0004989036824554205,0.0002287669340148568,6.910023512318729e-05
0.0001875160087365657,6.736034265486524e-05,-0.00045335484901443113,0.00023240975860971957,8.03698058007285e-05
0.00017952790949493647,3.1528047657047864e-06,-0.00046163235674612224,0.00021178805036470294,5.647392390528694e-05
0.00017778485198505226,3.4867280191974714e-06,-0.00047798434388823807,0.00022961664944887159,0.00010179638775298372
0.00016513252921868116,2.962680810014717e-05,-0.0004571104364003986,0.00024270512221846732,9.594753646524624e-05
0.00016821071039885283,-5.487120870384388e-05,-0.0004609172756318003,0.0002226686483481899,0.0001069420322892256
0.00017407210543751717,3.710544115165249e-05,-0.00047156974324025214,0.00023694820993114263,0.00011773952428484336
0.0001955865300260484,5.061976844444871e-05,-0.00047426810488104815,0.00027853285428136587,0.00010877651220653206
0.00019523622177075595,2.6521146168079213e-08,-0.0004746989579871297,0.00021509267389774323,0.00012402476568240672
0.0001552622561575845,5.657046131091192e-05,-0.00048506248276680713,0.00024794330238364637,9.085456258617343e-05
0.00019241600239183754,-3.5446257243165746e-05,-0.000482334173284471,0.00019100334611721334,8.073855860857293e-05
0.00016144050459843132,-6.8127837948850365e-06,-0.000512267230078578,0.0001933106395881623,6.516560824820772e-05
0.00016151968156918883,2.110164859914221e-05,-0.00046625567483715713,0.00025302913854829967,8.69303403305821e-05
0.0001747799396980554,6.886669871164486e-05,-0.00048643298214301467,0.00024781428510323167,8.114498632494359e-05
0.00015308924776036292,-2.443233097437769e-05,-0.000485153665067628,0.00020187351037748158,7.66198500059545e-05
0.00026297866133972997,-3.9415106584783643e-05,-0.000492036051582545,0.0001910756254801527,3.470519368420355e-05
0.0002309790870640427,3.130448749288917e-05,-0.0005112753715366125,0.0001786980137694627,2.187441714340821e-05
0.00015880184946581719,2.835868872352876e-05,-0.00047552326577715576,0.00021963685867376623,0.00010733507224358618
0.0001647445606067777,-1.3722538824367806e-05,-0.000529601180460304,0.00019729633640963584,6.821405986556783e-05
0.00016173830954357982,-2.4908191335271116e-05,-0.0005242591141723096,0.00019147545390296727,7.079038186930121e-05
0.00016131656593643132,-3.233996540075168e-05,-0.0005234578857198359,0.00018620949413161725,5.979647539788857e-05
0.00016232555208262056,-1.834687282098457e-05,-0.0005133687518537045,0.00021059668506495652,8.125834574457258e-05
0.00019952152797486636,4.633193020708859e-05,-0.00048260457697324455,0.00023936227080412206,0.00011524748697411268
0.00019862453336827457,0.00010269216727465393,-0.00048797437921166415,0.0002451641485095024,0.00010199109237873928
0.00015970368986018002,5.835300953549449e-07,-0.0004644762957468629,0.00024071705411188304,6.630528514506295e-05
0.00017478183144703507,-1.6195717762457207e-05,-0.000506754731759429,0.00021701784862671047,9.59352619247511e-05
0.00015612458810210228,4.449366679182276e-05,-0.0004879593034274876,0.000224788484047167,8.729285036679357e-05
0.00018605614604894072,4.347012509242632e-05,-0.0005038072122260928,0.00023364785010926425,9.190195851260796e-05
0.00016082832007668912,-2.4527878849767152e-05,-0.0005142617737874389,0.00018916744738817212,6.598245090572163e-05
0.00016816443530842662,-2.1610321709886193e-05,-0.0005083446740172802,0.00019375098054297268,7.841081969672814e-05
0.0001716268016025424,-1.1209604963369204e-05,-0.0004933758755214511,0.00022170964803081006,7.669688784517348e-05
0.0001837552699726075,3.495672353892587e-05,-0.0004597173247020692,0.00023508082085754722,0.00011342220386723056
0.00017307908274233339,4.768201051774668e-06,-0.0004964914987795055,0.0002188409271184355,9.365729056298731e-05
0.00018286597332917157,5.587707710219547e-05,-0.0004757166898343712,0.00025846148491837084,9.551843686494975e-05
0.00018055722466669977,8.293668543046806e-06,-0.0004749191575683652,0.00021757370268460363,8.750872802920641e-05
0.00016497549950145182,4.1839488403638825e-05,-0.00047973595792427664,0.00021426171588245782,7.001517224125564e-05
0.00016914737352635714,5.189546209294349e-05,-0.0005166651681065558,0.00021457159891724584,8.134359086398035e-05
0.00017416229820810258,-1.4845171790511813e-05,-0.00045398366637527937,0.00024845678126439447,0.0001413831632817164
0.00022297553368844086,4.182648626738228e-05,-0.0004591173492372036,0.00026375590823590755,0.0001325113698840141
0.00016305988538078964,4.634123979485594e-05,-0.000460460432805121,0.00025028549134731293,0.00010095794277731328
0.00015641476784367114,-6.222487627383089e-06,-0.0004898232873529196,0.00020775357552338392,8.809279097476974e-05
0.00016594634507782757,-2.4175873477361165e-05,-0.0004973226459696889,0.0002000393287744373,7.898050535004586e-05
0.00017887116700876504,1.894015440484509e-05,-0.0005193694960325956,0.00020799209596589208,7.417346932925284e-05
0.00019006659567821768,4.573017940856517e-05,-0.0004987582215107976,0.00022257854288909584,7.301100413314998e-05
0.00017506242147646844,-2.2503729269374162e-05,-0.0004970603040419519,0.0001996538485400379,7.097164780134335e-05
0.00016830935783218592,-3.3118078135885305e-05,-0.000485657510580495,0.0001871147978818044,7.721747533651069e-05
0.00015902872837614268,3.909055521944538e-06,-0.000490017409902066,0.00019057863391935825,7.143631955841556e-05
0.00019692636851686984,8.416148193646222e-05,-0.00045747071271762246,0.00025156690389849246,9.724531264510006e-05
0.00018516529235057533,-3.019726818820345e-06,-0.0005146267940290271,0.0001962932728929445,6.704733095830306e-05
0.00018724192341323942,2.210631464549806e-06,-0.00048331634025089443,0.00021883736189920453,8.803689706837757e-05
0.00015110248932614925,3.2218620617641136e-05,-0.0005086422897875309,0.000218533372390084,4.9393169319955625e-05
0.00016388981021009388,-2.409377157164272e-05,-0.0005088089383207262,0.00018875468231271952,7.548248686362058e-05
0.00016270839842036366,-2.934905569418333e-05,-0.0005115742678754033,0.00020309949468355626,7.818302401574329e-05
0.00017486285651102662,2.9296243155840784e-05,-0.0005164226167835295,0.000214164741919376,5.453401536215097e-05
0.00018227500549983236,-1.0252556421619374e-05,-0.0005082583520561457,0.00019643138512037692,6.104308704379946e-05
0.00016207627777475864,-2.3530619728262533e-05,-0.0004766966449096799,0.00020356745517347008,8.752706344239414e-05
0.0001629758335184306,5.083494033897296e-05,-0.00048341043293476105,0.0002315391611773521,9.872770897345616e-05
0.00017062561528291553,1.0350977390771733e-05,-0.0004907266120426357,0.00022659375099465248,8.922367123886943e-05
0.00016513549780938774,7.052779255900532e-05,-0.0005012664478272201,0.00022320654534269127,3.697490319609642e-05
0.00017137301620095966,-1.05343292489124e-06,-0.0005108252516947687,0.0002192076499341056,7.499047933379188e-05
0.00017778368783183396,-2.5246779841836545e-05,-0.0004781423776876181,0.0002156143018510193,9.81921111815609e-05
0.00015919780707918108,4.7465851821471006e-05,-0.00047988852020353084,0.00024631453561596567,8.873152546584606e-05
0.00016469578258693218,-3.595550879254006e-05,-0.0005048693274147809,0.00019634421914815903,7.83629875513725e-05
0.0001882610813481733,4.641620398615487e-05,-0.00042633977136574686,0.00026269821682944894,0.00012614739534910768
0.0001848703395808116,8.093683572951704e-05,-0.0004817804729100316,0.0002500017872080207,9.35877178562805e-05
0.00015886969049461186,5.510703704203479e-05,-0.0004848274402320385,0.00023966387379914522,9.579474135534838e-05
0.00017900203238241374,9.634835441829637e-05,-0.00047951057786121975,0.00026851473376154905,9.96560775092803e-05
0.00014683805056847632,3.9475096855312586e-05,-0.0004843078786507249,0.00023424912069458514,8.032018376979977e-05
0.00014327994722407308,4.949461072101258e-05,-0.0004952175659127533,0.0002400140801910311,9.498476720182224e-05
0.00016038396279327571,7.250611815834418e-05,-0.0004958964418619871,0.00023764916113577783,7.29171879356727e-05
0.00013294869859237224,4.603690467774868e-05,-0.0004927149857394396,0.0002296514430781826,8.687510853633285e-05
0.00012493458052631468,4.295942562748678e-05,-0.0004900280619040132,0.00023555164807476103,8.069553587120025e-05
0.00012468638306017965,4.448468462214805e-05,-0.0004909824347123504,0.00023911832249723375,8.098634862108156e-05
0.0001512476010248065,7.558329525636509e-05,-0.0004883169312961401,0.00028117853798903525,0.0001123723704949953
0.00015337945660576224,7.214608922367917e-05,-0.00048356104525737454,0.00027017435058951383,0.00010983442189171909
0.00014024224947206676,5.933321881457231e-05,-0.00047539873048663134,0.0002708066313061863,0.00011296816956019028
0.00017591654614079744,5.928926475462504e-05,-0.0004874197184108197,0.0002415606868453324,0.00010116905468748882
0.00014720224135089666,6.064009721740149e-05,-0.0004997353535145521,0.0002315774763701484,7.401900074910372e-05
0.00014590899809263647,4.2570314690237865e-05,-0.0004552617901936173,0.00025109987473115325,9.824258449953051e-05
0.00015758674999233335,6.730268796673045e-05,-0.00048074391088448476,0.00024450410273857415,9.947633225237952e-05
0.00013676885282620788,4.742132659885101e-05,-0.0004883543588221073,0.0002516614331398159,9.36507640290074e-05
0.00013732250954490155,5.768560004071333e-05,-0.0005049061728641392,0.00022941005590837452,6.449461216107011e-05
0.0001305094046983868,4.939961218042299e-05,-0.0004876523744314909,0.00025407614884898067,9.41453326959163e-05
0.00012510779197327793,4.3643012759275734e-05,-0.00048353560850955546,0.00025027611991390586,8.770389104029164e-05
0.00014060267130844298,4.997742507839576e-05,-0.0004809928068425506,0.0002372170856688172,0.000101400502899196
0.00016591124585829675,9.810334449866788e-05,-0.0004579811939038336,0.00026087535661645234,0.00010121213563252242
0.0001540762750664726,6.616965401917696e-05,-0.000494039966724813,0.000233800761634484,8.098972466541454e-05
0.00012964708730578423,3.0806313588982455e-05,-0.0004761503078043461,0.00023687814245931801,0.0001020032141241245
0.00014396994083654135,6.925807247171178e-05,-0.0004948287387378514,0.0002639818412717432,9.659700299380348e-05
0.00014007656136527658,6.263798422878608e-05,-0.00048296130262315273,0.0002486364101059735,7.896295574028045e-05
0.00014340785855893046,5.48664502275642e-05,-0.00047863251529634004,0.0002567674091551453,0.0001007784449029714
0.0001608348684385419,9.130041144089772e-05,-0.0004861355992034077,0.00026769482064992195,0.00010215724614681676
0.00016098834748845547,7.678922702325508e-05,-0.00046220136573538173,0.00023173772206064316,0.00011000135418726133
0.00015894533134996888,1.7559550542500798e-05,-0.00038872414734214544,0.0003227007109671831,0.00021742469107266515
0.00014373460726346818,4.669683039537631e-05,-0.00041363135096617043,0.00029176418320275843,0.00017362220387440175
0.00015467677440028638,2.159836185455788e-05,-0.0004457325267139822,0.00025642092805355787,0.0001370931713609025
0.0001687078329268843,7.412683316943002e-06,-0.00039403646951541305,0.0002678916207514704,0.0001700242137303576
0.00014946860028430817,6.596438879569179e-07,-0.0003794800431933254,0.00028186218696646387,0.00021323614055290816
0.0001526619307696819,3.611273496062495e-05,-0.0004349636728875339,0.0002855156490113586,0.00017354052397422493
0.00016498267359565943,7.702218135818839e-05,-0.00044150699977762997,0.0003111267869826406,0.00017764416406862438
0.0001394245191477239,6.65844272589311e-05,-0.0004744658072013408,0.0002430437452858314,8.856480417307466e-05
0.0001388603704981506,5.548679837374947e-05,-0.0005077397800050676,0.00022133282618597147,7.965711847646162e-05
0.0001403615897288546,5.42729721928481e-05,-0.0005156631814315915,0.00021268887212499976,7.238361285999416e-05
0.0001264596066903323,5.989785859128461e-05,-0.0005115339299663901,0.0002267859526909888,5.579039134318009e-05
0.0001325448538409546,6.111219408921897e-05,-0.0005088310572318734,0.00022371210798155516,5.909784158575349e-05
0.00013050765846855938,8.029213495319709e-05,-0.0005410464364103973,0.00023346702801063657,3.545713116182015e-05
0.0001347359357168898,5.1695697038667277e-05,-0.0005302730132825673,0.0002041724364971742,4.992798494640738e-05
0.00013230563490651548,3.830975401797332e-05,-0.0005252278060652317,0.00020527718879748139,3.501083483570256e-05
0.00019311376672703773,2.3202668671729043e-05,-0.0005023957346566021,0.00019690358021762225,7.59800532250665e-05
0.00017043264233507216,-1.5192589671642056e-05,-0.0005243964842520653,0.00018229908891953528,3.098207525908947e-05
0.0001472168805776164,-7.85583870310802e-06,-0.0005260021425783634,0.0001666392054175958,4.371297836769372e-05
0.00019259554392192518,1.0685685083444696e-05,-0.000540760054718703,0.00018233053560834375,3.519094752846286e-05
0.0001695558603387326,1.743700158840511e-05,-0.0005158503190614283,0.00018865062156692147,7.035289308987559e-05
0.0001691698853392154,1.3558920727518853e-05,-0.0005196962738409637,0.00019749539205804467,6.443991151172669e-05
0.00015545102360192686,-2.310072522959672e-05,-0.0005311478744260967,0.0001958196808118373,5.166666232980788e-05
0.00019850280659738928,1.5508057913393717e-05,-0.0005127775366418064,0.00019705628801602868,6.88107538735494e-05
0.0001466862013330683,3.064089105464518e-05,-0.0004923642263747752,0.00022952706785872579,5.6775883422233164e-05
0.00020021741511300206,-3.2071945952338865e-06,-0.0005137805128470063,0.00019473250722512606,7.026149978628382e-05
0.00016024538490455598,-7.175646260293434e-06,-0.0004707628104370088,0.00021559654851444066,0.00010417687008157372
0.00016198298544622958,-3.111891055596061e-05,-0.0005092115607112646,0.00019575755868572744,7.485425157938153e-05
0.00016467802925035357,-3.8974438211880624e-05,-0.0005128702614456415,0.00017283353372476998,8.648234506836161e-05
0.0001710074720904231,2.2433312096836744e-06,-0.0005121764843352139,0.0001910938008222729,7.044119411148131e-05
0.00016876589506864548,4.326622365624644e-05,-0.0005096705863252282,0.0002283775684190914,6.588325777556747e-05
0.0001813817216316238,2.5613500838517208e-05,-0.0005100046400912106,0.00023108150344341996,6.847558688605204e-05
0.00017214275430887938,-1.4847028069198132e-05,-0.0005261176265776157,0.00018464981985744092,6.049642615835182e-05
0.00017419023788534105,-1.6091800716822032e-05,-0.0005203259643167257,0.0001705198374111205,4.7621990233892575e-05
0.00020298243907745928,5.9274458180880174e-05,-0.0004727390769403428,0.00021456810645759103,0.00010067725088447331
0.00016003870405256748,-4.458555849851109e-05,-0.0004429049440659583,0.00022320348944049326,0.00013818731531500816
0.00016617929213680327,-5.540795427805279e-06,-0.0004450558917596937,0.0002532611251808703,0.00015041396545711905
0.00015705592522863301,-5.781535219284706e-05,-0.0004773418477270752,0.0001967013522516936,0.00011718680616468191
0.00015833383076824248,-3.913273758371361e-05,-0.00048213990521617234,0.00021150667453184724,0.00010639726679073648
0.00016650026373099536,-3.330349136376753e-05,-0.0004877164610661566,0.0002032454067375511,9.443791350349784e-05
0.00015086053463164717,-3.871061562676914e-05,-0.0004866794042754918,0.0001962744863703847,7.101245864760129e-05
0.00019020885520149022,-1.003293800749816e-05,-0.000511801743414253,0.0002058930112980306,9.333361231256275e-05
0.0001515015756012872,-2.685262734303251e-05,-0.00048672361299395567,0.0002080515987472609,6.957121513551101e-05
0.0001614299399079755,-1.1287070265098011e-05,-0.0005070344777777791,0.00018831486522685734,6.308877345873043e-05
0.00016869418323040009,-7.209186151158065e-06,-0.0005111594800837338,0.0002139407442882657,9.876576950773597e-05
0.00019664278079289943,4.0464161429554224e-05,-0.0005121170543134211,0.00021386453590821478,0.00010435991134727374
0.00017456179193686694,1.0681175808713306e-05,-0.0004809648962691426,0.0002159005671273917,9.324208804173396e-05
0.00015596923185512424,-1.246281772182556e-05,-0.0005139214335940778,0.00018405445734970272,6.140887853689492e-05
0.00016109201533254236,-1.6397882063756697e-05,-0.0005226330831646919,0.000196413675439544,5.892490662517957e-05
0.00015655696915928274,-3.397559703444131e-05,-0.0005383400130085646,0.00017416960326954722,5.9198868257226416e-05
0.0001580167590873316,-3.156191087327897e-05,-0.000526385207194835,0.0001825243380153552,5.891468390473165e-05
0.0001699350686976686,-3.0122970201773572e-05,-0.0005125286406837404,0.00018598206224851308,7.184681453509256e-05
0.00014970450138207525,-2.9238357456051745e-05,-0.00046260873205028474,0.00020648421195801347,9.399637929163872e-05
0.00017591436335351318,6.898517312947661e-05,-0.0004914247547276318,0.00022506536333821714,9.411394421476872e-05
0.00016934181621763855,-3.0988874641479924e-05,-0.0004961552331224084,0.00018646880926098677,9.090446110349149e-05
0.00016262092685792595,-2.9242450182209723e-05,-0.0005116150132380426,0.00019557190535124389,7.255983655340971e-05
0.00016600497474428266,-3.070821912842803e-05,-0.0005323138902895154,0.0001814823772292584,5.880765093024821e-05
0.00014707015361636874,-4.236464883433655e-05,-0.000510705285705626,0.00019481507479213175,7.231836934806779e-05
0.00015264815010596067,-4.0804530726745725e-05,-0.000502039329148829,0.00018981462926603854,7.985599950188771e-05
0.0001632788043934852,-1.5398318282677792e-05,-0.0005130884237587452,0.00017835912876762452,6.129104440333322e-05
0.00017832742014434186,-1.023382992570987e-05,-0.0005081892013549805,0.0001844450453063473,5.792947195004672e-05
0.00016329631034750494,-3.328907041577622e-05,-0.0004902011714875698,0.00021511812519747764,0.0001114957412937656
0.0001549994049128145,-1.1233886652917136e-05,-0.0005204784101806581,0.0002131434885086492,7.140014349715784e-05
0.00016719316772650927,-1.4357646250573453e-05,-0.0005070025799795985,0.0001957449421752244,9.079519077204168e-05
0.00016021766350604594,-1.9544933820725422e-05,-0.0005174732650630176,0.00019958781194873157,7.328722858801484e-05
0.0002068060857709497,1.4125369489192966e-05,-0.0004904946545138955,0.0002448238374199718,0.00012336687359493226
0.00019401863391976804,1.4683468180010095e-05,-0.0005246656364761293,0.00018653816368896517,6.952773401280865e-05
0.0001838786411099136,-1.3213367310527245e-05,-0.0005036060465499759,0.000187201367225498,7.983243267517537e-05
0.00016324060561601073,-3.678155553643592e-05,-0.0004791155515704304,0.00022263062419369814,0.00011479268141556533
0.00014604227908421308,-3.649199061328545e-05,-0.0004716037365142256,0.000215374500839971,0.00010915719758486375
0.00014221396122593433,-3.9284950617002316e-05,-0.0005041857366450131,0.00019564463582355532,8.054769568843767e-05
0.00015064077160786835,-2.677667907846626e-05,-0.0004938119673170148,0.00019723371951840815,8.933835488278419e-05
0.0001560243108542636,-1.5002078725956382e-05,-0.00048782755038701,0.00020651343220379204,7.274110248545186e-05
0.0001572354231029749,-9.06745026441058e-06,-0.0005059716640971602,0.0002339236089028418,8.769753185333684e-05
0.00016620077076368034,1.9494176740408875e-05,-0.00046891713282093406,0.00022013724083080888,0.00010497718176338822
0.00015218685439322144,6.141644553281367e-05,-0.0004978661891072989,0.00025297238607890904,9.404434240423144e-05
0.00017869388102553785,5.919533214182593e-05,-0.0004817279404960573,0.0002531212230678648,8.344418165506795e-05
0.00015149981481954455,5.14038692926988e-05,-0.0005044101853854954,0.0002375220210524276,8.219533629016951e-05
0.00014696549624204636,4.5731598220299936e-05,-0.0005113010993227364,0.00022800864826422182,6.185354868648574e-05
0.00014528325118590146,-1.2603819413925521e-05,-0.0005039218813180922,0.0002007531002163887,6.0462964029284194e-05
0.00015505398914683607,-2.6373083528596908e-05,-0.00051291094860062,0.00018872895452659574,7.13895060471259e-05
0.0001920550275826827,1.0374487828812562e-05,-0.000479709095088765,0.00022880345932208,9.024987957673149e-05
0.00016858412709552795,2.943259823950939e-05,-0.000505043542943895,0.00022943023941479623,7.766812632326038e-05
0.00014621870650444182,3.570446278899908e-05,-0.0004922982188872993,0.0002473174827173352,7.906258542789145e-05
0.00015258646453730762,1.7185342585435134e-05,-0.0005036379443481566,0.0002200410672230646,6.980488979024813e-05
0.00018049833306577057,3.3335422813252084e-06,-0.0005281108315102756,0.00020484213018789887,5.764734669355676e-05
0.000148071427247487,-2.697668060136493e-05,-0.0005121486610732973,0.00018051585357170552,6.924149056430906e-05
0.0001571763859828934,-1.013005203276407e-05,-0.0005255399155430496,0.00019000489555764943,6.012528319843114e-05
0.00015619269106537104,2.969447814393789e-05,-0.0004956601769663393,0.0002188179933000356,5.432450416265056e-05
0.00012632001016754657,4.829181125387549e-05,-0.0004889587289653717,0.00022746426111552867,7.548877329099923e-05
0.0001528024295112118,4.293391248211265e-05,-0.0004897895851172507,0.0002510651247575879,7.903576624812558e-05
0.00016733264783397317,1.9673701899591833e-05,-0.0005071515333838762,0.00020863302052021027,6.42831510049291e-05
0.00021433008078020063,3.917171125067398e-05,-0.0004223033611197025,0.00024120326270349326,0.00014043497503735125
0.0001452442811569199,-1.3897313692723401e-05,-0.0004999706288799644,0.0002119619748555124,7.090024155331776e-05
0.00016999893705360591,-2.363997054999345e-06,-0.0005450192838907242,0.00017802935326471925,3.013495552295353e-05
0.00018470131908543408,1.3618633602163754e-05,-0.0005045639700256288,0.0002017327933572233,7.948599522933364e-05
0.0001817996526369825,4.112622991669923e-05,-0.0005012366455048324,0.00022534029267262665,9.445452451473102e-05
0.00016055234300438315,-5.177843922865577e-05,-0.0004772884421981871,0.00019193516345694658,8.886927389539778e-05
0.00015375105431303382,-4.0190814615925774e-05,-0.0004668093752115965,0.0002167369093513116,0.00010884774383157492
0.0001474115124437958,-2.9930059099569924e-05,-0.0005026616272516549,0.00018484535394236443,8.054674253799021e-05
0.00014562597789335996,2.467146441631485e-05,-0.00048758194316178566,0.00023900714586488905,9.199517808156088e-05
0.00014904698764439672,3.33794996549841e-05,-0.0004859501495957375,0.00024169169773813334,0.0001021366406348534
0.00016397587023675442,-2.039034734480083e-05,-0.0004937810590490699,0.00020253288676030934,6.670902803307399e-05
0.0001526345149613917,1.6820154996821657e-05,-0.0004993784823454916,0.0002102368889609352,7.854168507037684e-05
0.0001607024169061333,1.294645517191384e-05,-0.0005429554148577154,0.00019348664500284943,3.348800237290561e-05
0.00015592480485793203,-3.260822995798662e-05,-0.0005081262206658722,0.000188998892554082,6.40438447589986e-05
0.00016636918007861823,-4.332528260420077e-05,-0.00048223440535366535,0.00020454655168578031,9.485050395596772e-05
0.00020981694979127494,2.8268666483199922e-06,-0.0005264565115794539,0.0001613164640730247,3.702236426761374e-05
0.00021034319070167842,-2.8346410545054827e-05,-0.0004064289096277207,0.00026285796775482595,0.00020335007866378876
0.00015631536371074617,-6.928782386239618e-05,-0.0003613118606153876,0.0002727113314904273,0.0002275335427839309
0.00016522695659659806,-4.2839848902076476e-05,-0.0004423768550623208,0.00024063770251814281,0.00016285385936498642
0.0001601796975592151,-4.2150513763772324e-05,-0.000473450287245214,0.0002005558490054682,9.980116010410711e-05
0.00013274309458211064,-9.403249350725673e-06,-0.0005069287726655601,0.00019687153690028936,5.6112690799636766e-05
0.00014695545542053878,-2.6203815650660545e-05,-0.0005270299152471125,0.00017863484390545636,6.0142792790429673e-05
0.00019883793720509857,6.616919563384727e-05,-0.00046078654122538865,0.00031945505179464817,0.00017338678298983723
0.00017633364768698812,7.556536002084613e-05,-0.00043067752267234033,0.00034585592220537364,0.0001969240547623485
0.00016646715812385082,-8.974468073574826e-06,-0.0004406016087159514,0.00024264211242552847,0.00015199698100332168
0.00014208303764462468,-2.0562438294291496e-05,-0.00046770795597694814,0.00022442587942350653,0.00011601446749409661
0.00014499832468573004,-2.2739530322724025e-05,-0.0004875622398685664,0.00021852881764061752,0.00011327427637297659
0.00020974842482246456,1.1842464118672071e-05,-0.000527446623891592,0.0002070245536742732,7.34243803890422e-05
0.00017862982349470258,-3.835027655441081e-06,-0.0005274844588711859,0.00019163051911164078,6.067957292543724e-05
0.00014720925537403673,-1.3427810699795373e-05,-0.0005274321301840246,0.00017404544632881883,3.8428443076554686e-05
0.00015429248742293566,-1.429165786248632e-05,-0.000540817272849381,0.00018728358554653823,4.930899376631714e-05
0.0001687118347035721,3.0404080462176357e-06,-0.000550781493075192,0.00017946115985978395,4.674642332247458e-05
0.00015782890841364858,-3.205221219104715e-06,-0.0005307181854732335,0.00017928968009073287,4.961808372172527e-05
0.00018176858429796996,-1.0693952390283812e-05,-0.0005161967128515245,0.00017251374083571136,5.46730516362004e-05
0.0001743691973388195,6.03037879045587e-05,-0.0004667122557293624,0.00026110184262506664,0.00012528063962236047
0.00017632408707868308,-1.527667882328387e-05,-0.0004937762278132142,0.00021109204681124535,8.907364099286497e-05
0.00018006659229286015,-4.42834607383702e-05,-0.00047729752259328967,0.00021905542234890163,0.00013929596752859652
0.00020727822266053408,-4.797074780071853e-06,-0.0004523557727225125,0.00022715932573191827,0.00015952083049342036
0.00013884094369132072,-2.6524190616328273e-05,-0.00045594936818815773,0.000217382752452977,0.00011649232328636572
0.00014033254410605878,-5.105981472297572e-06,-0.0004808261874131857,0.00020162572036497292,0.00010174582712352276
0.0001511727023171261,1.0833680789801292e-05,-0.0004961169906891881,0.0001984438567887992,8.168278873199597e-05
0.00020821200450882318,-1.3007555025978945e-05,-0.00042019961983896787,0.00029129715403541917,0.00023200090799946338
0.00020127424795646218,7.235772045532941e-06,-0.0004550195299088955,0.0002494164800737053,0.00020697934087365863
0.00013092023436911404,-7.806707435520366e-05,-0.0004812725237570703,0.00015836780949030071,9.891327499644832e-05
0.00011328967957524585,-6.550623947987333e-05,-0.00044066508417017763,0.00020947059965692458,0.00012585247168317437
0.00014201554586179554,-4.035186066175811e-05,-0.0004402468039188534,0.000208964484045282,0.00011159355926793069
0.00021794291387777776,5.878918818780221e-05,-0.0005221801693551242,0.00022418572916649282,0.00010467911488376558
0.00021226845274213701,4.209258986520581e-05,-0.000483935174997896,0.00021962034224998209,8.959989645518363e-05
0.0001856058224802837,2.343433880014345e-05,-0.000492243911139667,0.00022870239627081898,6.265679985517636e-05
0.0001631444611120969,-7.585167168144835e-06,-0.0005179088329896331,0.00020654579566325992,6.930418749107048e-05
0.0001675186213105917,4.873793386650505e-06,-0.0005373632302507758,0.00020469704759307206,8.363377855857834e-05
0.00017266064241994172,4.878273102804087e-05,-0.0005329216364771128,0.0002168806386180222,6.118570308899507e-05
0.00017526146257296205,6.752289482392371e-05,-0.0005092094070278108,0.000229532495723106,5.912973938393407e-05
0.00020883420074824244,1.0794425179483367e-05,-0.00045377167407423263,0.00027681177016347647,0.00016278846305795014
0.00021659299090970308,-1.5377265299321152e-05,-0.0005151393706910311,0.0001971694000530988,0.00010501758515601978
0.00017710858082864434,-2.037965714407619e-05,-0.000470425613457337,0.0001953663304448128,0.00011413105676183477
0.000146225473145023,-3.921011011698283e-05,-0.000492547987960279,0.0001873123837867752,7.261372229550034e-05
0.00015684787649661303,-3.0434535801759918e-05,-0.000508003169670701,0.000183109164936468,7.190415635704994e-05
0.00016925264208111912,-1.146306749433279e-05,-0.0005250012618489563,0.0001911217987071723,6.470034713856876e-05
0.00015910547517705711,4.4599119064514525e-06,-0.0005338627379387617,0.0001958546927198768,8.659916784381494e-05
0.00020140684500802308,4.578679181577172e-06,-0.00044224830344319344,0.0002419694792479277,0.00017730993567965922
0.00021661185019183904,-5.0138125516241416e-05,-0.0004222143033985049,0.00026575598167255515,0.00020636507542803884
0.00016090524150058627,-2.1990304958308122e-05,-0.0005594280664809048,0.00012480579607654363,5.465426511364058e-05
0.0001418552710674703,-1.5679934222134758e-05,-0.0004962736857123673,0.00019099617202300576,7.757797720842063e-05
0.00017128264880739152,2.838181353581604e-05,-0.0004977092030458152,0.000215683423448354,7.728277705609798e-05
0.00015578567399643362,-2.125078390236013e-05,-0.00048412717296741903,0.0002100732963299379,9.46642176131718e-05
0.00017632606613915416,5.600832992058713e-06,-0.000515406602062285,0.00021238463523332032,7.751861994620413e-05
0.00017688042134977877,-4.258748049323913e-06,-0.000521622656378895,0.0002195376873714849,9.11664465093054e-05
0.0001997380459215492,-2.4747920178924687e-05,-0.0004220249538775533,0.00029702080064453185,0.00023696264543104922
0.00017293111886829138,-1.810390494938474e-05,-0.00048102351138368254,0.00020549229520838708,0.00015094841364771128
0.00014429190196096897,1.6304897144436836e-05,-0.0006077189464122058,0.00010469699918758124,-5.185784903005697e-05
0.00011171605729032307,-4.8054342187242576e-05,-0.000483479758258909,0.00016417601727880538,7.54938373574987e-05
0.00022955570602789516,1.6480031263199635e-05,-0.00046972857671789836,0.00022371097293216732,0.00010140753875020893
0.00017184070020448416,1.1661682037811259e-05,-0.0004771246167365462,0.00021484788157977164,0.00010792120156111196
0.0001855388836702332,-1.3046454114373773e-05,-0.0004720980941783637,0.00022703823924530298,0.00012402009451761842
0.00018087259377352893,-7.134757197491125e-06,-0.0005224182968959212,0.00019459790200926363,6.527941877720878e-05
0.0001868242397904396,6.257712811930105e-06,-0.0005351995350793004,0.00020085318828932938,6.608237163163722e-05
0.00017828981799539179,-1.2051773410348687e-05,-0.0005357789923436941,0.00018748220463749019,5.939642142038792e-05
0.00018794307834468785,-2.5908630050253126e-05,-0.00047379455645568674,0.0002098540717270225,0.00010198632662650198
0.00021807142184115944,1.8607499441714026e-05,-0.0004607670707628131,0.00024444502196274703,0.0001386775984428823
0.00028500304324552417,2.229234087280929e-05,-0.00048258359311148524,0.0002376193442614749,0.00015947670908644795
0.00018677351181395352,4.069337592227384e-06,-0.0005671048420481384,8.88677968760021e-05,2.564435453678016e-05
0.00016900969785638154,4.2026171286124736e-05,-0.0005566286854445933,0.0001524991384940222,1.865010563051328e-05
0.00014088914031162858,-3.270283195888624e-05,-0.0004993371549062432,0.0001910427235998213,6.018581916578114e-05
0.00015399506082758307,-3.764005305129104e-05,-0.00045473600039258605,0.00023906929709482935,0.0001380202593281865
0.00019135000184178352,7.508337876060978e-05,-0.0004312924866098911,0.0003008805797435343,0.00013684577425010502
0.0001977490610443056,1.7443991964682933e-05,-0.0004361374885775149,0.00024496184778399765,0.0001403542555635795
0.000199798378162086,1.3577055142377505e-05,-0.00047522352542728186,0.00023424782557412985,0.00011083103890996426
0.0001821802725316957,-3.363877112860792e-06,-0.0005049173487350345,0.00019802509632427243,6.151910201879217e-05
0.00019557143968995658,1.3429593309410848e-05,-0.0005027030711062253,0.00019234833598602563,6.112884148024024e-05
0.0001960675581358373,8.333756704814732e-05,-0.0005242719198577106,0.0002308195107616484,6.259485962800683e-05
0.00017445741104893386,-1.5494180843234062e-05,-0.0005371221923269331,0.00017469147860538212,4.0662715036887676e-05
0.00017765794473234564,2.8886686777696007e-05,-0.0004891302669420838,0.00020227195636834952,5.5555683502461754e-05
0.00018710154108703136,4.854418875765987e-06,-0.0005170042859390378,0.00019173274631612006,6.680734077235684e-05
0.00017475956701673567,6.752746685378953e-06,-0.000529652344994247,0.00019339403661433607,4.016502862214111e-05
0.0001930535800056532,9.357495400763582e-06,-0.0005355771281756461,0.00018804194405674932,5.762762157246471e-05
0.00018585727957542983,-2.2312538931146264e-05,-0.0005480429972521961,0.0001669108314672485,4.5917699026176706e-05
0.0001643700961722061,-1.997390245378483e-05,-0.0005261652986519039,0.00018576052389107645,4.85225573356729e-05
0.0001900569477584213,-1.345862983725965e-05,-0.0004996503703296185,0.00020286555809434503,9.153619612334296e-05
0.0002067814784822985,3.321505937492475e-05,-0.0004980568774044514,0.0002230670943390578,0.00010921490320470184
0.0002485458680894226,9.794307698030025e-05,-0.0005402056849561632,0.0002425679558655247,6.963113992242144e-05
0.00013982475502416492,-2.4925055186031383e-05,-0.0003320610558148473,0.00018750021990854293,4.515032924246043e-05
0.0002081247221212834,2.89561903628055e-05,-0.000580466294195503,0.00017352349823340774,3.286180071881972e-05
0.0002061268605757505,1.4186341104505118e-05,-0.0005472777411341667,0.0001778181758709252,4.596991857397371e-05
0.00019083717779722062,-1.459358372812858e-05,-0.0005331649444997312,0.00018696612096391616,4.4118791265646e-05
0.00019990555301774293,1.526278538221959e-05,-0.0005295296432450414,0.00020159667474217716,4.866850576945581e-05
0.00019247773161623627,5.268500444799429e-06,-0.0005249773385003209,0.00017196391127072275,6.400792335625738e-05
0.00017148253391496837,-9.313077498518396e-06,-0.0005450051976367831,0.00019335495017003268,4.937420089845546e-05
0.00021814949286635965,-1.0993313480867073e-05,-0.00045836268691346055,0.00023064376728143546,0.00012449806672520936
0.00019190162129234523,-2.50007778959116e-05,-0.00044824377982877195,0.00025764002930372953,0.0001492461160523817
0.0001723469904391095,8.297827662318014e-06,-0.00045780665823258465,0.00022773651289753619,0.00014490711328107864
0.00016958336345851421,1.4600628674088513e-05,-0.0004710253560915589,0.00022755128156859428,9.072252578334884e-05
0.00018978600564878434,3.140789340250194e-05,-0.0004901554784737527,0.00023771541600581256,8.544934826204553e-05
0.000212066835956648,1.817762677092105e-05,-0.0004663406871259213,0.0002127009647665545,8.516336674802004e-05
0.00018216409080196167,1.2812454770028125e-05,-0.0004885965608991684,0.0001851418346632272,4.1810377297224484e-05
0.00018776804790832105,-2.47052958002314e-05,-0.0005236933357082306,0.00019002880435436964,5.787076952401549e-05
0.00016774650430306792,4.064390304847621e-05,-0.0005229237140156329,0.00020763598149642348,3.8081318052718416e-05
0.00016793514078017324,-8.538410838809796e-06,-0.0005365012330003083,0.00018356312648393214,5.542975486605428e-05
0.00016471483104396611,-2.606298221508041e-05,-0.0005085340817458928,0.00019003645866177976,7.783181354170665e-05
0.00015787352458573878,-3.019267569470685e-05,-0.0005397078348323703,0.00017301482148468494,4.0968836401589215e-05
0.00017344650404993445,-2.559437416493893e-05,-0.0005222838371992111,0.00017438846407458186,5.654362757923082e-05
0.00017301122716162354,-1.950555451912805e-05,-0.0005253918934613466,0.00018076074775308368,5.8026809711009264e-05
0.00019456399604678157,-1.559103293402586e-05,-0.0005209919181652367,0.0001884975063148886,5.492148193297908e-05
0.00019477930618450048,-1.2394463738019112e-05,-0.0004980913363397121,0.000183705851668492,7.122629176592453e-05
0.00018186886154580859,-1.0176563591812737e-05,-0.0004924310487695038,0.0002276615123264492,8.062123379204422e-05
0.0002007608127314597,8.671065188536886e-06,-0.0005347098340280354,0.00020780040358658883,7.921515498310329e-05
0.0001857339811976999,-2.429026244499255e-05,-0.0005245512584224343,0.00017949147149920464,5.87525537412148e-05
0.00018280679068993777,7.105307759047719e-06,-0.0005142578156664968,0.0001778942096279934,6.702523387502879e-05
0.00017126610327977687,-1.0979227226926014e-05,-0.0005264102946966887,0.0002014158817473799,6.815412780269979e-05
0.00018058417481370268,-1.5278581486199982e-05,-0.0005295908194966613,0.00019923264335375282,5.540145866689272e-05
0.0001758624566718936,5.515415250556544e-05,-0.0005135234096087514,0.00023323348432313654,6.479147123172878e-05
0.0001594224013388157,2.3858363420004025e-05,-0.0005187262431718409,0.00021239509806036952,5.2825140301138156e-05
0.00017267378279939294,-1.7128340914496217e-05,-0.0005263366037979722,0.00019724857702385637,7.223310240078717e-05
0.00019456763402558866,4.066840483574197e-05,-0.0005191960372030735,0.00020044854318257419,6.019403008394874e-05
0.0001656303211348131,-5.110631718707737e-06,-0.0005283451173454523,0.0002025417488766834,6.447421765187755e-05
0.00019744310702662915,1.6719457562430762e-05,-0.00047848193207755685,0.00020103892893530428,7.221337000373751e-05
0.00017366002430208027,7.153365731937811e-05,-0.0004934869939461349,0.00022862871992401781,9.390095510752873e-05
0.0001807372900657356,-1.3303208106663076e-05,-0.0005256033036857842,0.00020522305567283183,7.072503649396822e-05
0.00016681631677784026,-2.0228024368407205e-05,-0.0005281643243506551,0.0001784807536751032,4.047365291626193e-05
0.00017998585826717317,-2.195028719143011e-05,-0.000519094814080745,0.00020114603103138504,7.049093983368948e-05
0.00016943467198871076,-2.8586007829289887e-05,-0.0005244469502940774,0.000165867866599001,5.687394877895713e-05
0.00016822472389321774,-2.0854084141319614e-05,-0.000500507652759552,0.00018038047710433602,7.14116613380611e-05
0.0001743588509270921,-1.4805368664383426e-05,-0.0005085106240585446,0.00019540627545211464,6.393671355908737e-05
0.00017495009524282068,-6.398619461833732e-06,-0.0004978488432243465,0.0001970844314200804,7.141435344237834e-05
0.0001938994682859629,1.2936835446453188e-05,-0.0005026793805882335,0.00020410622528288516,8.972520299721509e-05
0.0001868647086666897,-2.513101571821608e-05,-0.00045195440179668367,0.0002454533241689205,0.0001605256402399391
0.00017341157945338634,-1.3585827218776105e-05,-0.00044942594831809407,0.0002631109964568168,0.00017700440366752446
0.00020427130220923573,-1.6112828234327026e-05,-0.00043518317397683864,0.00027374632190912957,0.0001842936035245657
0.000200788039364852,2.6145926312892694e-05,-0.00040918166632764036,0.0002947563189081848,0.00026139564579352736
0.0001734122488414869,-3.814503725152463e-05,-0.00034819409484043723,0.00025128870038315654,0.00028427629149518907
0.00012116477591916919,-0.00010812407708726823,-0.0003433391102589667,0.0002616816200315953,0.0002792766026686877
0.00011964884470216929,-9.563245112076403e-05,-0.0004150231252424419,0.00022364147298503667,0.0001613208296475932
0.00014248130901250988,-4.245995660312474e-05,-0.0004891197313554585,0.00017488836601842195,7.64853393775411e-05
0.00014056767395231873,-2.2224703570827842e-05,-0.0005632763495668769,0.00014372797159012407,3.988914613728412e-05
0.00015134943532757458,-2.8158241548226208e-05,-0.0005507752648554742,0.0001381488109473139,1.8953358448925428e-05
0.00017763339565135539,3.103606559307082e-06,-0.0005508706672117113,0.0001667535543674603,2.2438725864049047e-05
0.00017323176143690944,6.335468788165599e-05,-0.0005290728295221925,0.00020037069043610245,3.648451092885807e-05
0.00014621271111536768,-2.287759525643196e-05,-0.0004761737945955247,0.0001814296265365556,3.4221404348500066e-05
0.00018503908358979968,1.624040669412352e-05,-0.0005417201900854707,0.00017585577734280378,4.957394776283763e-05
0.00018438947154209015,-5.495552250067704e-05,-0.0004885214730165899,0.00017380061035510153,0.00011112255015177651
0.00017627397028263658,5.2973933634348214e-05,-0.0005029737949371338,0.00024830325855873525,0.00011845592234749348
0.00015256012557074428,-1.571902794239577e-05,-0.0005167967174202204,0.00019387714564800262,9.166497329715641e-05
0.00014746497618034482,4.1958985093515366e-05,-0.0004976406926289201,0.00022726655879523602,6.918759754626079e-05
0.00016857364971656352,4.570385499391705e-05,-0.0005125075695104897,0.00023781108029652387,7.465133967343718e-05
0.00016321297152899206,-1.1841349987662394e-05,-0.0005216123536229134,0.00018132335389964285,4.556035491987132e-05
0.0001776571007212624,1.655023697821889e-05,-0.0005134447128511965,0.00020664506882894784,0.00011167131015099585
0.0002223386982223019,0.00011047764564864336,-0.0004531571175903082,0.0003446050977800041,0.0002093202929245308
0.00022837516735307872,9.552283154334872e-05,-0.0004431784036569297,0.00034396443516016006,0.0002329748240299523
0.00016406620852649212,-3.3555035770405084e-05,-0.0004615536017809064,0.00018698016356211158,0.00011187369091203435
0.00010154067422263324,-6.972827395657076e-05,-0.00041737174615263933,0.00023466168204322457,0.00016122768283821642
0.0001312878739554435,-5.994051753077656e-05,-0.0004547287826426327,0.0002118863194482401,0.00013017412857152522
0.00014123333676252514,-5.952525680186227e-05,-0.0004702503792941569,0.0002022237749770284,0.00010356125858379528
0.00016361872258130458,-3.078863664995879e-05,-0.00048475252697244287,0.00021280915825627744,0.00010446382657391949
0.00016155543562490493,-1.620454349904321e-05,-0.0005212249816395341,0.00018228127737529576,4.910301140625961e-05
0.00018185931548941883,-1.537850039312616e-05,-0.0004836242005694657,0.0002206910867244005,0.00012485255138017237
0.0002013718039961532,4.486163743422367e-05,-0.000474628439405933,0.00021927130001131442,0.00013895910524297506
0.0001593521737959236,-4.4218326365808025e-05,-0.0004905386595055461,0.00019543501548469067,8.597061969339848e-05
0.00016692445205990225,-1.2787524610757828e-05,-0.000524791597854346,0.0001943392708199099,8.770891872700304e-05
0.0001655641826801002,-6.798737558710855e-06,-0.0005314239533618093,0.00018256933253724128,4.933406671625562e-05
0.00019615876954048872,-3.2048499178927163e-06,-0.0005336280446499586,0.00020411962759681046,4.1493854951113456e-05
0.00017050695896614343,5.7239765737904236e-05,-0.0005277563468553126,0.00021234538871794942,2.9709570299019102e-05
0.00015862633881624788,-2.1126552383066155e-05,-0.0005465849535539746,0.0001690998469712213,4.6343386202352115e-05
0.00016210791363846508,-1.725424408505205e-05,-0.0005456700455397367,0.00018336166976951065,6.748633313691244e-05
0.00017137418035417795,-2.4520735678379424e-05,-0.0005337326438166201,0.00018508102220948783,4.074036041856744e-05
0.00017518131062388417,1.340239032288082e-05,-0.0005128090851940215,0.00019829240045510232,6.0533267969731235e-05
0.00018692035519052294,-2.7440958092483925e-06,-0.000483912619529292,0.00022470661497209218,0.00014818765339441597
0.00020624243188649416,-1.2512275134213267e-05,-0.00042042791028507054,0.0002521859132684767,0.00016443303320556882
0.0001864457881310955,-5.275665898807347e-06,-0.0004926316323690116,0.00020173436496406796,0.00013350143854040653
0.0001682068541413173,-3.62608625437133e-05,-0.0004918603226542473,0.0001924778625834733,9.39284946070984e-05
0.00014691910473629832,-1.0588160876068288e-05,-0.0005175600526854397,0.00018466515757609161,5.814293399453163e-05
0.00015279227227438239,5.132772639626637e-05,-0.0005144864553585649,0.00020174791279714555,8.564830932300538e-05
0.0001749996736180037,-1.3893699360778555e-05,-0.0004858554748352617,0.0002305249945493415,0.00014970720803830773
0.00024244088854175058,4.4644857553066686e-05,-0.00040963629726320505,0.0003366228484082967,0.0002986225299537182
0.00019956534379161892,-2.4790668248897422e-05,-0.0005688988603651524,0.00011691569670801982,8.813771273707971e-05
0.0001248047046829015,-4.534446634352207e-05,-0.0004956211196258664,0.0001865852827904746,7.647160236956552e-05
0.00011889151210198182,6.4973214648489375e-06,-0.0004353085241746157,0.000252679456025362,0.00012370801414363086
0.00013090109860058874,-2.07664543268038e-05,-0.00047082500532269483,0.0002050624752882868,0.00010922156798187645
0.00018204883963335305,-4.47129896201659e-05,-0.00046733702765777707,0.00019927670655306431,0.0001599790994077921
0.00019036394951399416,3.037029273400549e-06,-0.00047916566836647684,0.0001753841497702524,8.603006426710635e-05
0.0001750512165017426,-1.0137913704966195e-05,-0.0005137026309967041,0.00018268464191351089,5.713045538868755e-05
0.00016014362336136398,4.129310127609642e-06,-0.0005416297935880722,0.00019248998432885853,7.866469240980223e-05
0.0001807350490707904,-1.691924626356922e-05,-0.0005437376094050705,0.00017751504492480308,8.751142740948126e-05
0.000173318330780603,4.689352863351814e-05,-0.0005201537278480828,0.00021152412227820602,5.58446190552786e-05
0.0001618935348233208,4.377761797513813e-05,-0.0005272806156426668,0.0001915242610266432,3.129870310658589e-05
0.00018427235772833228,-1.3770365512755234e-05,-0.00048720574704930186,0.00020136937382631004,0.00010250539344269781
0.00020999218395445496,1.8293800167157315e-05,-0.0004917480982840061,0.00020987384777981788,0.00011108568287454543
0.0001704106543911621,3.92959154851269e-05,-0.00042424185085110366,0.0002543548471294344,0.00010263549484079705
0.0002444039564579725,4.591689139488153e-05,-0.0004709694185294211,0.00027534813852980733,0.00020452597527764738
0.00021673235460184517,2.5237220597773558e-06,-0.0006356446538120508,0.0001171547992271371,7.002846541581675e-05
0.00014249687956180423,-3.954177827836247e-06,-0.0005626091733574867,0.00010987088171532378,-3.450052099651657e-05
0.0001135069614974782,-6.306091381702572e-05,-0.0004314932157285512,0.00021662577637471256,0.00010171528992941604
0.00014462321996688845,1.2256553418410475e-05,-0.0003780671395361424,0.00028329991619102657,0.00019052106654271483
0.00015141713083721697,-2.8518104954855517e-05,-0.0004387340159155429,0.00027560879243537784,0.00016525411047041416
0.000195012689800933,-1.722294769024302e-06,-0.00046765556908212597,0.00022409021039493385,0.0001048119956976734
0.0001866565726231784,-1.2943455658387393e-05,-0.0004903034423477948,0.0001964233670150861,0.00010159910743823276
0.0002124104939866811,1.6582231410211534e-06,-0.0005113882361911237,0.00019660180259961635,7.557517528766766e-05
0.00019932174473069608,-2.0214511096128266e-05,-0.0005326654645614326,0.0001800413447199389,6.369427137542516e-05
0.0001864969526650384,-3.557156742317602e-05,-0.0005257472512312233,0.0001674945087870583,5.090422928333282e-05
0.00021404259314294904,2.913037064899981e-07,-0.0005216773133724928,0.00020926239085383716,8.628581417724492e-05
0.0002450790780130774,2.654561467352323e-05,-0.0005027802544645965,0.0001786462962627411,7.237298996187747e-05
0.00020595530804712325,-4.310390795581043e-05,-0.0004739852738566697,0.00020324722572695464,0.00011055682261940093
0.00018884106248151508,-2.3293232516152788e-05,-0.00052832649089396,0.0001592653279658407,5.138650158187375e-05
0.00022070012346375734,-1.270182565349387e-05,-0.0005417678039520979,0.00018167743110097945,7.817649748176335e-05
0.00021302542882040143,-2.4987808501464315e-05,-0.0005378209752961993,0.00016911090642679485,7.732689118711278e-05
0.00021381069382186982,4.596886719809845e-05,-0.0005196401616558434,0.0002175732079194859,7.397033914458007e-05
0.00015984667697921395,7.410580292344093e-05,-0.0005079923430457711,0.0002310167619725689,6.15009994362481e-05
0.00017028411093633622,8.384988177567719e-05,-0.0005195612902753055,0.00022320330026559526,5.847578722750768e-05
0.00016109598800539968,7.203777931863442e-05,-0.0005078415269963443,0.0002434806519886479,7.224246655823663e-05
0.00019255316874478007,0.00010045436647487804,-0.0004929128917865455,0.0002232900587841868,4.916146644973196e-05
0.00020792671421077105,9.454250539420173e-05,-0.0004263031005393713,0.00028189358999952674,0.0001442664070054889
0.0001967825955944136,9.289653826272115e-05,-0.00035900092916563153,0.00035307233338244265,0.00025684741558507085
0.00017129250045400113,8.209161751437932e-05,-0.00047558944788761437,0.00026488196454010904,0.00015050245565362275
0.00012772313493769616,6.940040475456044e-05,-0.000475461594760418,0.00022979697678238153,0.000102907870314084
0.00013320027210284024,3.4477525332476944e-05,-0.0004612730990629644,0.00024250461137853566,0.00010269871563650668
0.0001449813280487433,5.864700870006345e-05,-0.00046718353405594826,0.00025675035431049764,9.310413588536905e-05
0.00017437250062357634,6.607499381061643e-05,-0.00048721019993536174,0.0002513339568395168,7.500532228732482e-05
0.00015759716916363686,8.263094059657304e-05,-0.0004965309053659438,0.00023788677935954183,6.477630086010322e-05
0.00016946866526268423,7.123790419427678e-05,-0.0004781498282682151,0.0002487335295882076,8.229783270508051e-05
0.0001548168365843594,7.591052417410539e-05,-0.00045730313286185275,0.00024702379596419627,8.455268834950401e-05
0.00014338377513922748,8.104983862722293e-05,-0.00039291204302571714,0.0003361247363500297,0.00018489411741029468
0.0001289809733862057,3.836354881059378e-05,-0.00046175607712939387,0.0002459286479279399,0.00012606981908902526
0.000134621441247873,4.246506796334871e-05,-0.0004991563037037848,0.00021321189706213767,7.521343650296329e-05
0.00014173505769576875,2.994206442963332e-05,-0.0005004981649108231,0.00021199186448939142,6.188305997056887e-05
0.00013764404866378754,4.662632636609487e-05,-0.0005086729070171714,0.00020943926938343796,7.48402817407623e-05
0.00013633830531034619,5.152210724190809e-05,-0.0005204469198361039,0.00021491778898052869,5.4915482905926176e-05
0.00014915694191586226,5.910583058721385e-05,-0.0005183038301765919,0.00021153518173377958,7.057762559270486e-05
0.00016520297504030168,7.936266774777323e-05,-0.0005125097814016044,0.00024026681785471737,7.787717913743109e-05
0.000165141886100173,7.86075324867852e-05,-0.00047165117575787013,0.0002429312735330313,7.798095612088218e-05
0.00014134039520286024,4.857331805396825e-05,-0.00048804952530190354,0.00022933995933271945,8.625890041003004e-05
0.00016629311721771955,7.296019612113014e-05,-0.0004132641479372978,0.0002884605200961232,0.00015592666750308126
0.00017426098929718137,6.81283199810423e-05,-0.000401548546506092,0.00028226134600117797,0.00017121325072366744
0.00019040012557525188,6.93323599989526e-05,-0.0004925378598272799,0.00022152162273414433,9.055181726580486e-05
0.00017492420738562942,5.892148328712211e-05,-0.0004904689849354327,0.00021122483303770426,6.911586388014257e-05
0.00014123391883913428,5.0015576562145725e-05,-0.0005010018940083684,0.00021330964227672664,6.313998164841905e-05
0.00015548462397418916,5.7682376791490235e-05,-0.000508457247633487,0.00022352703672368082,6.967676745261997e-05
0.000150907741044648,7.378054579021409e-05,-0.0005015496863052249,0.0002514965308364481,9.247443813364953e-05
0.00016842193144839254,9.035800758283584e-05,-0.0004911959986202419,0.0002287305542267859,7.39208044251427e-05
0.00015824257570784542,7.859194010961801e-05,-0.0004557633656077087,0.00023635661636944858,9.07617577468045e-05
0.0001549153821542859,5.3730400395579636e-05,-0.0004941503866575658,0.0002236354339402169,7.234399527078493e-05
0.00014924234710633755,7.068787817843258e-05,-0.0005138508277013898,0.00022312044166028502,8.032889309106395e-05
0.00013738461711909622,4.910169809591025e-05,-0.0005094464868307114,0.0002182395983254537,7.129852019716053e-05
0.00016249113832600415,5.0195954827358946e-05,-0.0005134404054842888,0.0002126586914528161,7.248618203448132e-05
0.00014155934331938624,4.873952275374904e-05,-0.0005184911424294113,0.0002177151181967929,6.161346391309053e-05
0.00016166600107681006,5.366720142774284e-05,-0.000511124380864203,0.00022047467064112422,5.966928438283504e-05
0.00014613699750043452,7.595770148327574e-05,-0.0005013289046473801,0.00024109684454742816,8.125775639200583e-05
0.0001943549432326108,0.00010389844101155175,-0.0004855614679399878,0.00022469133546110245,7.463403017027304e-05
0.0001687626208877191,9.19116719160229e-05,-0.00046694130287505686,0.00023444842372555288,9.627445979276672e-05
0.0001655320229474455,6.91055684001185e-05,-0.00047151203034445643,0.0002433299669064581,0.00010978142381645739
0.00014261959586292505,5.978562694508582e-05,-0.0004616613441612572,0.00025360524887219066,9.88474566838704e-05
0.00015106129285413772,6.715900963172317e-05,-0.0005043128039687872,0.00023568457982037216,7.008710963418707e-05
0.0001490650320192799,5.9295085520716384e-05,-0.0005127149634063244,0.0002209687954746187,8.599304419476539e-05
0.00013236467202659694,5.5452444939874106e-05,-0.0005084890872240067,0.0002109166089212522,5.350586070562713e-05
0.00014311609265860167,5.4551634093513706e-05,-0.0005000159726478159,0.00022593469475395977,9.591644629836081e-05
0.00014054356142878532,7.596459181513636e-05,-0.0004895618185400963,0.0002508867473807186,9.748281445354223e-05
0.00015234651800710708,6.271395250223577e-05,-0.0005016743671149014,0.00021181091142352668,6.422379374271259e-05
0.00014309387188404799,7.240469130920246e-05,-0.0005050228792242706,0.0002258616295875981,8.659937157062814e-05
0.0001804136554710567,8.290202822536229e-05,-0.0005002775578759612,0.0002355379401706159,0.00011355184688000007
0.0001594121858943254,7.743443711660802e-05,-0.0004993699258193374,0.0002341262734262273,9.135042637353763e-05
0.0001617548696231097,5.971180871711113e-05,-0.0004883101209998131,0.00021716959599871188,6.5085623646155e-05
0.00015800137771293518,8.5658066382166e-05,-0.0004470043058972807,0.0002560389111749828,0.0001390194083796814
0.00014592490333598107,6.531674443976955e-05,-0.0004983136313967407,0.00023614277597516772,6.300921086221933e-05
0.0001616009685676545,6.466569902841002e-05,-0.0004960932419635355,0.00023543782299384477,8.978868572739884e-05
0.00014863282558508215,6.878407293697819e-05,-0.0004877346509601921,0.00024789568851701915,0.000105150043964386
0.00013947332627139986,5.950029662926681e-05,-0.0004857961903326213,0.00024222103820648042,9.732005128171296e-05
0.00015895292744971812,8.526809688191861e-05,-0.0004693213559221476,0.00023755455913487822,0.00011339673073962332
0.0001330869272351265,5.307264291332103e-05,-0.0004650630289688706,0.0002408497530268505,0.00010795055277412756
0.0001831179688451812,8.004571282071993e-05,-0.00044691990478895605,0.00030144781339913607,0.00017641036538407207
0.00015758039080537856,5.6829579989425845e-05,-0.00040877237915992737,0.00031984035740606487,0.00023722056357655674
0.00014543127326760438,4.6459863369818784e-05,-0.000422093115048483,0.0003058940346818417,0.00023522824631072584
0.00012661416258197278,6.669101276202126e-05,-0.0004419625038281083,0.0002962954749818892,0.00018013828957919034
0.0001437347091268748,4.853523932979442e-05,-0.00046089288662187766,0.0002760866773314774,0.000154814581037499
0.00013856102304998785,5.953494473942556e-05,-0.00046763257705606526,0.0002546460891608149,0.00010009588004322725
0.00014246119826566428,5.551725189434365e-05,-0.0004495196917559952,0.00026169605553150177,0.00012325988791417328
0.00018206745153293014,0.00010450374247739092,-0.0003734895726665855,0.0002998551062773913,0.0002439602540107444
0.0001419146719854325,7.100534276105464e-05,-0.0005055018700659275,0.00023309305834118282,0.00015915534459054467
0.00010533050954109058,2.2035987058188766e-05,-0.0004478244518395513,0.0002261400513816625,0.00014036278298590332
0.00011175618419656531,1.1751212696253788e-05,-0.0004574175691232085,0.0002361423248657957,0.00014257323346100748
0.00011394589091651143,2.576713086455129e-05,-0.0004790314997080714,0.00023455427435692402,0.0001280801952816546
0.00013670491171069443,3.6007877497468144e-05,-0.000507957418449223,0.0002102277212543413,8.646706555737181e-05
0.00013164090341888368,6.227536505321041e-05,-0.000515254563651979,0.0002204038028139621,8.391984738409519e-05
0.00014250316598918292,5.3627245506504544e-05,-0.0004920607316307724,0.0002563245943747461,9.328257874585688e-05
0.0001358411245746538,6.835418025730178e-05,-0.0005092271021567285,0.00022091052960604435,9.936621790984644e-05
0.0001354192936560139,4.6021137677598745e-05,-0.00047626841114833946,0.0002266049705212936,7.729700882919133e-05
0.00016061830683611333,9.366680023958908e-05,-0.0004580131499096751,0.0002368151763221249,9.214528108714148e-05
0.00015263432578649372,9.95666632661596e-05,-0.0004962088423781097,0.00023505212448071688,8.471227192785591e-05
0.00013603473780676723,6.539371679536998e-05,-0.0004908774280920625,0.00023043960391078144,9.646931721363217e-05
0.00014259203453548253,6.324487912934272e-05,-0.0005127229378558695,0.00022957897454034537,0.00010217232920695096
0.00013730474165640771,7.464541704393923e-05,-0.0005142716108821332,0.00024776853388175374,8.263217023340985e-05
0.0001348217047052458,7.192822522483766e-05,-0.0005182577879168093,0.0002176399721065536,7.642464333912359e-05
0.00016460170445498082,8.581296424381435e-05,-0.0005083992728032172,0.00023209939536172897,0.00011262704356340691
0.0001283389428863302,5.63183639314957e-05,-0.0004944937536492944,0.00022475677542388442,9.821561252465473e-05
0.0001341168535873294,7.87193130236119e-05,-0.0005016921786591411,0.00021225027740001678,0.00010309257777407764
0.0001518267672508955,6.936316640349105e-05,-0.00047415378503501415,0.0002717202587518841,0.00014722940977662802
0.00015220316709019244,8.773821900831534e-05,-0.0004920994397252798,0.00022811967937741426,0.00010417716111987828
0.00017982558347284794,6.0780217609135434e-05,-0.00048687093658372765,0.0002673656854312867,0.00016006380610633641
0.00015578044985886666,0.00013466674135997894,-0.0004551513993646949,0.00026857349439524114,0.0001224490697495639
0.00015340797835960984,0.00010480100172571838,-0.00046781118726357823,0.00024546514032408595,0.00015755523054394868
0.00015656545292586088,0.00010518122144276276,-0.0005009325686842203,0.0002667374210432172,9.795171354198828e-05
0.00015695173351559788,8.06013194960542e-05,-0.0005016904906369746,0.00023918380611576143,0.00012002082803519444
0.00014781656500417742,7.05736456438899e-05,-0.000501708942465484,0.00023534031060989946,0.00010294679668731989
0.00014388842100743204,9.17396755539812e-05,-0.0005043982528150082,0.000262806803220883,0.0001599585666554049
0.0001513850293122232,6.843372830189764e-05,-0.0005165464244782925,0.00022365411859937007,6.973243580432609e-05
0.00015533927944488823,0.00011675222049234436,-0.0004958260687999426,0.00028131500585004693,0.0001323935721302405
0.00018799591634888202,0.00012054001126671209,-0.000499510730151087,0.0002718284376896918,0.00012442923616617918
0.00015974156849551946,0.00011070662731071934,-0.0004996344796381892,0.00025922371423803264,0.00011719368194462731
0.00015989797248039397,9.452101221540944e-05,-0.000498834706377238,0.0002306925889570266,0.0001223050494445488
0.000180899296537973,7.155568164307624e-05,-0.0004880887863691897,0.00022980579524300992,0.00014172925148159266
0.0001519564975751564,6.883557944092901e-05,-0.0004775524139404297,0.00025259019457735116,0.00014486291911453011
0.00019601434178184718,5.125134703121148e-05,-0.0004623628046829253,0.00025530211860314006,0.00013456457236316058
0.0001667456526774913,9.73651694948785e-05,-0.0004512400191742927,0.0002712362911552191,0.00015350105240941048
0.00015485400217585266,8.30870121717453e-05,-0.0004975085030309856,0.00024180026957765224,0.00012772517220582813
0.0001699529093457386,7.588341395603493e-05,-0.0004760379670187831,0.0002579975116532296,0.0001886983518488705
0.0002063455613097176,9.63774000410922e-05,-0.0005071688792668283,0.0002460859250277281,0.00012960938329342753
0.00017190292419400066,8.763080404605716e-05,-0.0004913067677989602,0.00025458948221057653,0.00016543811943847686
0.0001898108748719096,0.00012746109860017896,-0.0004591347824316472,0.00025741607532836497,0.00016357211279682815
0.00021125127386767417,5.058648457634263e-05,-0.00040124246152117854,0.0002439978852635249,0.000240440625930205
0.00021327649301383644,0.00011161063594045117,-0.0004347646608948708,0.0002448259619995952,0.00016390231030527502
0.0002293747238582,0.00017700059106573462,-0.0005585750914178789,0.00026581736165098846,0.00017727191152516752
0.00018574619025457648,0.00018640665803104642,-0.0005419054068624972,0.00026421481743454933,0.00014909470337443054
0.00017197075067088008,0.00012234345194883645,-0.0005128823686391115,0.0002743505174294114,0.00015606629312969744
0.0001424625952495262,0.00011036318028345703,-0.0004958010395057499,0.00027000252157449717,0.00014834234025329354
0.00010966460104100406,0.00010863137140404433,-0.00046591623686254025,0.00025498704053461546,0.00011352914589224385
0.00013936827599536628,0.0001011764834402129,-0.00048272483400069177,0.00025754349189810455,0.00010570707672741264
0.00012896355474367738,8.741825877223164e-05,-0.0004930216236971319,0.0002558343985583633,0.0001347605575574562
0.00015608291141688824,8.943967259256169e-05,-0.0004862979403696954,0.00025831209495663643,0.00014165195170789957
0.00019322524894960225,9.524937922833487e-05,-0.0004796695720870048,0.00025356106925755745,0.00019625933782663202
0.00019140332005918026,9.076941205421464e-05,-0.00047759371227584785,0.00025000135065056384,0.00018880701099988076
0.00022337630798574537,0.00010327700147172436,-0.00044733626418747013,0.00026803865330293775,0.00015783472917973998
0.0002212002873420716,0.00012436193355824798,-0.00048118832637555897,0.0002792607119772583,0.0001886248792288825
0.0001819422614062205,0.0001238065742654726,-0.0004537919594440608,0.00029179384000599384,0.00013776522246189415
0.0001731479133013636,9.973935812013224e-05,-0.0004480553034227341,0.00029209998319856817,0.00017786129319574684
0.00020953612693119794,0.00015195878222584724,-0.00048131658695638185,0.00025415359414182603,0.00019070693815592682
0.00018966635980177668,0.00011392650048946963,-0.0004536621854640544,0.0002725260856095701,0.00020141893764957783
0.00015519486623816192,0.00011667434591799973,-0.00046777777606621385,0.00029258517315611243,0.0001186151203000918
0.00017716540605761108,8.179798169294372e-05,-0.00044966154382564133,0.00026089747552759945,0.00023263513867277647
0.0001544680999359116,0.00015492591774091122,-0.0005056844674982129,0.0002750839339569211,0.00020536956435535106
0.00010409665264887735,0.00014314813597593457,-0.0005010272725485264,0.00026243607862852514,0.00013060834317002443
0.00010541820665821432,0.00011390479630790652,-0.0004950651782564819,0.00025390929658897216,0.00013107186532579362
0.00012703497486654672,0.00010154535993933678,-0.0004629267496056855,0.0002583272580523044,0.00016324281750712544
0.000141327764140442,8.052219345699996e-05,-0.00046411127550527453,0.0002610640076454729,0.0001544102851767093
0.00015529655502177775,0.00010006196680478753,-0.0004569926531985402,0.00026813760632649064,0.0001705714239506051
0.00016525319369975475,8.15762541606091e-05,-0.00044655948295257986,0.0002645525673869997,0.00016404471534769982
0.00022494654695037755,0.0001213678187923506,-0.0004531146259978414,0.00026434718165546656,0.0002296660386491567
0.00017657826538197696,0.00021795692737214267,-0.00046956530422903603,0.0003078723093494773,0.00017596664838492868
0.00014573280350305143,0.00012693846656475216,-0.00047457605251111085,0.0002946826280094683,0.00011985996388830245
0.00019091043213848025,0.00019253516802564266,-0.0004326560592744499,0.00034035748103633523,0.00017299267346970734
0.00010729576024459676,0.00011099591938545927,-0.0001851130073191598,0.00047800596803426737,0.00035015848698094487
0.00010314535029465333,2.59864391409792e-05,-0.0001834597351262346,0.0004779870505444706,0.0004134968912694603
9.410153143107892e-05,1.7803557057050053e-05,-0.00031606314587406814,0.0003755426441784948,0.00029898519278503954
0.00010414299322292209,1.8338902009418234e-05,-0.0004069603455718607,0.0002627327630762011,0.0002247207157779485
0.00013851207040715965,1.5827219613129273e-05,-0.00043676994391717017,0.00023203188902698457,0.0001970984740182757
0.00019584220717661083,8.15068924566731e-05,-0.00046469885273836553,0.00022969812562223527,0.00019258640531916169
0.00023800667258910835,0.000201325659872964,-0.0005805541295558214,0.00023071344185154882,0.00015330062888097018
0.0001961670204764232,0.0001265474274987355,-0.0004727995838038623,0.00025737026589922607,0.00014128006296232343
0.000185757817234844,9.273798787035048e-05,-0.00045198210864327853,0.0002557191182859242,0.0001832856360124424
0.00022370860096998515,0.00010191468754783271,-0.00044319176231510937,0.00025451622786931694,0.00018593619461171332
0.00023489510931540283,7.620554970344529e-05,-0.0004153879708610475,0.0002358454221393913,0.00018598961469251665
0.00020901026437059042,-2.077267345157452e-05,-0.0003792513743974269,0.00024553833645768464,0.00022562313824892047
0.0001530058798380196,1.745235022099223e-05,-0.0004403354541864246,0.00022920398623682559,0.00019361794693395493
0.00015054215327836573,5.9892510762438185e-05,-0.00046487440704368055,0.0002449760504532605,0.00017435933114029467
0.0001575167116243392,6.753536581527442e-05,-0.00048738886835053563,0.00024039429263211787,0.00020713527919724584
0.00015054539835546166,5.725362643715926e-05,-0.0004806429205927998,0.00024034990929067135,0.00016111633158288896
0.00015944040205795318,6.814135849708691e-05,-0.00047785561764612805,0.00023818493355065587,0.00017164912424050272
0.0001910315622808412,5.762909859186038e-05,-0.00047328372602351015,0.0002416191273368895,0.0002192838437622413
0.00019060839258600024,7.866287342039868e-05,-0.00045070282067172224,0.00025137278134934604,0.00023964444699231532
0.00017764070071280005,7.569025910925121e-05,-0.00046461567399092024,0.0002554143138695508,0.0002053385105682537
0.0002054665092146024,0.00014871500025037676,-0.0005426930729299784,0.00024850518093444407,0.00016646113363094628
0.00019507751858327538,0.00013327696069609374,-0.0005265971994958818,0.00028540598577819765,0.00023814020096324384
0.0001983609690796584,7.243701111292467e-05,-0.00047712906962260604,0.0002580006548669189,0.0002195715351263061
0.0001813879644032568,6.462851160904394e-05,-0.00046326409210450947,0.00026083367993123835,0.00024147260410245508
0.0002205800265073776,9.150137339020148e-05,-0.0004442634526640177,0.0002522324793972075,0.00021667648979928344
0.00018910525250248608,6.114035932114348e-05,-0.00043881902820430696,0.0002590382646303624,0.00022193547920323906
0.00021799410751555118,4.8519345000386245e-05,-0.00045308264088816935,0.0002513730723876506,0.0002546622126828879
0.00017534387006890031,4.9858510465128354e-05,-0.0004597129591275007,0.0002502615097910166,0.00023151938512455675
0.000208423487492837,8.104452717816457e-05,-0.00047925286344252527,0.0002630565140862018,0.0002485734003130346
0.0001851235720096156,3.4044431231450296e-05,-0.0004595633072312921,0.00024217976897489282,0.00022830392117612067
0.0001901908835861832,4.502027877606452e-05,-0.0004640046681743115,0.0002492021303623915,0.0002266719093313441
0.00018245050159748646,6.655964534729719e-05,-0.0004739332071039825,0.000252970727160573,0.0002589399227872491
0.00023574725491926074,5.0767121138051145e-05,-0.0004560807719826697,0.0002571538789197802,0.00023305395734496412
0.00019254321523476392,5.5081163736758754e-05,-0.00046385987661778927,0.0002837043721228838,0.0002373012976022437
0.00020900862000416962,6.360235420288518e-05,-0.0004637907259166241,0.00028554964228533214,0.0002525978779885918
0.0002050949988188222,8.516558591509238e-05,-0.0004664986045099795,0.00025675728102214634,0.00024450014461763203
0.00022643464035354555,0.00014789927809033546,-0.0004990086308680475,0.00025554938474670047,0.0001782335457392037
0.00019613439508248118,7.670970808248967e-05,-0.00045499045518226916,0.00026598715339787304,0.00023138157848734409
0.00017123628640547395,5.5058502766769386e-05,-0.0004831617407035082,0.000253585196333006,0.00016955303726717832
0.00020563976431731132,5.647891157423146e-05,-0.0004516781191341579,0.0002491361810825765,0.00023410747235175225
0.00020292570115998387,5.656010762322694e-05,-0.000476057903142646,0.00025194432237185543,0.00022737601830158383
0.0002013508783420548,4.728267231257632e-05,-0.00047588354209437966,0.0002583492605481297,0.00019816092390101403
0.00019483052892610433,5.559264900512062e-05,-0.00046615450992248947,0.0002522361173760146,0.0002127123734680936
0.00020709776435978708,4.217976675136015e-05,-0.00047656716196797783,0.00025001703761517996,0.00022097869077697402
0.0002117687254212797,7.712966908002272e-05,-0.0004540332884062082,0.00026048312429338694,0.0002583522291388362
0.00021309987641870973,7.42301417631097e-05,-0.00044091962627135217,0.00029417421319521964,0.0002735696325544268
0.00027896641404367983,7.615587674081326e-05,-0.0004364052438177168,0.00026936072390526533,0.0003254858602304012
0.0001940248039318249,5.080432674731128e-05,-0.00045986063196323807,0.00025835010455921287,0.00026699271984398365
0.0001985885901376605,7.792051474098116e-05,-0.0004631601041182876,0.00027366698486730456,0.00021761664538644254
0.00022727131727151573,6.51156369713135e-05,-0.00046418313286267216,0.00027611691621132195,0.0002612735843285918
0.00018610284314490852,4.621393964043818e-05,-0.0004728463245555759,0.00024643284268677235,0.00018698857456911355
0.00021186900266911837,4.815728971152566e-05,-0.00046246696729213,0.00025017178268171847,0.00022553259623236957
0.0002086637687170878,5.016111390432343e-05,-0.00047058257041499024,0.00024874325026758015,0.00023565717856399718
0.00021142407786101103,6.810505874454975e-05,-0.00046490461681969453,0.00025285911397077143,0.00021805314463563263
0.00020209090143907813,5.144140595803037e-05,-0.0004708535270765424,0.00025235279463231564,0.00020544674771372232
0.00020174944074824447,4.945021646562964e-05,-0.0004510921135079116,0.00025368764181621367,0.0002253719430882484
0.0002067850873572752,7.26635116734542e-05,-0.00046881430898793036,0.0002493231149856001,0.00022154564794618636
0.00018524157349020245,5.4084441217128194e-05,-0.00045019254321232444,0.00023838717606849966,0.00020403215603437275
0.00021656649187207225,7.741511217318475e-05,-0.0004484404053073376,0.0002912514610216021,0.00025343135348521173
0.00022284516307991,8.506244921591133e-05,-0.00042320409556850786,0.0002785959804896265,0.0002929331385530532
0.00019133697787765414,9.312529437011108e-05,-0.00043915639980696136,0.0002603847242426127,0.00023075241188053042
0.00021757750073447824,8.849060395732522e-05,-0.00046962880878709257,0.0002558958949521184,0.0002258900640299544
0.00020294236310292035,5.717469321098177e-05,-0.0004469421110115944,0.00025127764092758303,0.0002237354638054967
0.00020624104945454744,9.125814540311694e-05,-0.0004605234425980598,0.00025643547996878624,0.000237849191762507
0.0002174977125832811,8.130547939799726e-05,-0.0004588292504195124,0.00026459142100065947,0.00024959558504633605
0.00022641110990662128,7.102900417521596e-05,-0.0004721883742604405,0.00027073081582784647,0.0002681214245967567
0.000211505321203731,7.667452882742508e-05,-0.0004452995199244469,0.0002633976109791547,0.0002551504294387996
0.00021644127264153207,9.431736543774605e-05,-0.0004790720995515585,0.0002644626656547189,0.0002500031550880521
0.0002046348381554708,9.818505350267516e-05,-0.0005162329762242733,0.00023920787498354912,0.0002213994594058022
0.0002093776420224458,0.00010177725198445842,-0.0004781412135343999,0.000252176687354222,0.00022661946422886103
0.000189019730896689,0.00011997970432275906,-0.00048796582268550987,0.00026538613019511104,0.0001802884362405166
0.00021641250350512564,9.329390013590456e-05,-0.0004716792027465999,0.0002762606018222868,0.0002702924539335072
0.00021383933199103922,0.00012904182949569076,-0.0005117245600558816,0.0002591251686681062,0.0002159327123081312
0.00020932151528541001,0.00016753806266933682,-0.000570625823456794,0.0002397026983089745,0.00020468498405534774
0.00021803003619425,0.0001512553135398775,-0.0005429656594060361,0.00027303193928673863,0.0002099535631714389
0.00016742783191148192,0.00013891693379264325,-0.0005111245554871856,0.0002543085720390081,0.0002203151670983061
0.00020462767861317843,0.0001110146040446125,-0.0004771539533976466,0.00025716109666973347,0.0002174864639528096
0.00021421695419121534,0.0001396736042806879,-0.0004456867754925042,0.00026389086269773543,0.00024288326676469296
0.00020531535847112536,8.434779738308862e-05,-0.00048147005145438015,0.00025425045168958604,0.00022695143707096577
0.0002061980194412172,9.951925312634556e-05,-0.0004386221407912672,0.00028535153251141315,0.0002645759959705174
0.00019306786998640746,6.670981383649632e-05,-0.00044941538362763817,0.00028847609064541757,0.00021292304154485464
0.00018964851915370676,8.05882955319248e-05,-0.0004320904845371842,0.0002729635452851653,0.00017412198940292
0.0001998040970647708,0.00011562299187062307,-0.00045376899652183056,0.0002587480703368783,0.0002440032985759899
0.00019443611381575465,0.00010903662041528149,-0.0004912720760330559,0.00027086693444289267,0.00023407953267451376
0.0002126005419995636,0.00010571999882813543,-0.0005042207194492222,0.00027033852529712016,0.00021574404672719536
0.00022252762573771181,9.96870148810558e-05,-0.00048741535283625126,0.00027032906655222183,0.00025602831738069654
0.0001928744313772768,9.905255865305662e-05,-0.0004666082095354796,0.00025817650021053845,0.00021529439254663885
0.0002110250934492797,8.859189256327227e-05,-0.0004869728873018176,0.00026168182375840843,0.00023828716075513512
0.0002129609347321093,9.563071944285184e-05,-0.0004707127809524536,0.00026995845837518573,0.0002729732950683683
0.00020382224465720358,9.617753676138818e-05,-0.00047625260776840145,0.0002624554035719484,0.00023852339654695245
0.00020613416563719508,7.389314123429358e-05,-0.0004226836026646197,0.00026214050012640655,0.0002712631830945611
0.00021117302821949124,9.983704512706025e-05,-0.00043448040378279984,0.00030979298753663903,0.0003028648789040745
0.0001970239245565608,0.00010535169712966308,-0.00045220903120934963,0.00027696366305463016,0.00023012151359580455
0.0002002339897444472,0.00010078053310280667,-0.0004332761454861611,0.00025720373378135264,0.00020172887889202684
0.00019093111041001976,8.632303797639906e-05,-0.00044855769374407833,0.0002575052785687149,0.00020935403881594541
0.00022254967188928282,9.143744682660326e-05,-0.00048446143046021467,0.0002591960947029293,0.00022555605391971767
0.0001913893356686458,7.865002407925202e-05,-0.00044152393820695584,0.00025941774947568774,0.00024382396077271548
0.00020785747619811443,8.186110790120438e-05,-0.0004687778418883681,0.00026422779774293303,0.0002394677285337821
0.0002044588181888685,9.542720363242553e-05,-0.00047207533498294646,0.00026147611788474023,0.00021301768720149994
0.00021606059453915802,0.00011191563680768013,-0.0004666999448090792,0.0002772498119156808,0.00024179041793104258
0.00020326652156654743,7.243647269206122e-05,-0.00046893456601537764,0.00025893267593346536,0.0002162815508199856
0.00019594324112404135,9.712629253044724e-05,-0.00046158293844200665,0.0002624331100378185,0.00022703206923324615
0.00019509394769556818,9.746354771777989e-05,-0.00045220062020234764,0.0002718191535677761,0.0002475265937391669
0.00019208213780075312,0.00010290592035744339,-0.00044945062836632127,0.00025410251691937447,0.00020624871831387281
0.00022298750991467384,0.00012032693484798074,-0.00047709699720144266,0.00029006655677221715,0.00024586380459368234
0.00016144964320119468,8.825071563478559e-05,-0.00044210458872839814,0.0002661689941305667,0.00019648461602628234
0.00021591597760561854,0.0001034449669532478,-0.0004374581039883197,0.0002866516006179154,0.00026775788865052164
0.0002208451187470928,0.00013547476555686444,-0.00047717551933601504,0.0002641401079017669,0.00018782139522954824
0.00018548750085756185,0.00012175284064142031,-0.0004241797141730786,0.00026448635617271066,0.00020760558254551145
0.000204883108381182,0.00012531099491752684,-0.0004788096412084997,0.0002708634710870683,0.00020584417507052424
0.00018928499775938692,9.823995060287416e-05,-0.0004601114196702838,0.00026582865393720567,0.0002153732202714309
0.0002003923145821318,8.723743667360395e-05,-0.00047481743968091916,0.00026220918516628444,0.00023402826627716425
0.0001966013514902443,0.0001125195703934878,-0.000468220969196409,0.0002748901897575706,0.0002097072720061988
0.0001981691020773724,0.00010599091183394195,-0.00047508816351182764,0.0002575360704213381,0.00020353941363282504
0.00022073407308198512,8.570755744585766e-05,-0.0004808709782082588,0.0002557447005528957,0.0002117116237059236
0.0002088971668854356,9.03406908037141e-05,-0.000472332292702049,0.00026966730365529656,0.00023441831581294537
0.00018508080393075946,0.0001061926450347528,-0.00045597547432407737,0.0002659744932316244,0.0002226908691227436
0.00023203559976536783,6.874476093798876e-05,-0.00045329384738579387,0.00025820391601882875,0.0002581197768449784
0.0001901566283777356,9.151306585408747e-05,-0.0004743743920698762,0.0002328380651306361,0.00020809831039514398
0.00019934863667003808,0.00010413731070002541,-0.00045650728861801326,0.0002736629394348711,0.0002471179468557238
0.00020364471129141748,9.816093370318411e-05,-0.00047683253069408243,0.00026288582012057304,0.00022921366326045245
0.00017467328871134669,0.0001135906932177022,-0.0004542350943665952,0.00027362635591998696,0.00022251252084970474
0.00020163254521321503,0.00011085841106250881,-0.0004906569956801832,0.0002634729607962072,0.0002211489772889763
0.00022113422164693477,0.00010734896932262929,-0.0004807901277672499,0.0002722683129832149,0.0002284758083987981
0.00018815978546626863,0.00010829814709722996,-0.0004717420088127256,0.00025640614330768585,0.0002169478393625468
0.00018714900943450632,9.677708294475451e-05,-0.0004474639135878533,0.0002572597877588123,0.0001950214646058157
0.0002273789286846295,5.234522177488543e-05,-0.00044774136040359735,0.0002377428172621876,0.00024546001804992557
0.00019080292258877307,0.00012758604134432971,-0.00047914392780512566,0.0003039256553165614,0.00022723381698597223
0.0001731110533000901,0.0001410697586834431,-0.0004680699203163386,0.0003039648290723562,0.00022464765061158687
0.00016395817510783672,0.00013492106518242508,-0.0004927655099891126,0.00026526564033702016,0.0001872024586191401
0.00021979230223223567,0.00021285029652062806,-0.0004389352397993207,0.00032913600443862384,0.00020468478032853452
0.0002038748643826693,0.00010080139327328652,-0.00045056821545585985,0.00027920131105929613,0.0002415133640170097
0.00019828727818094197,0.0001138039369834587,-0.0004882900975644587,0.00025998064666055143,0.0002015968639170751
0.00019446213264018297,0.00010844298958545552,-0.00047057904885150487,0.00026722659822553396,0.0002119189448421821
0.00021327115246094763,0.00011235083366045727,-0.0004848438838962466,0.00026129611069336534,0.00021783172269351783
0.00020694824343081564,9.587698878021912e-05,-0.00046608733828179544,0.00025877021835185593,0.00021381596161518246
0.00024414778454229236,0.0001032742584357038,-0.0004495955654419959,0.0002626354107633233,0.00023557594977319238
0.00022314100351650268,0.00011298056779196487,-0.0004809495294466615,0.00026114046340808267,0.0002149201900465414
0.00022651978360954672,0.00012829055776819587,-0.0004934741300530732,0.0002622928295750171,0.00022943028307054195
0.000205400021513924,0.00014084752183407545,-0.0005123744485899807,0.0002810897422023117,0.0001877340546343476
0.00022080414055380968,0.00015422080468852073,-0.00048748904373496765,0.00032571068732067937,0.00019237119704484942
0.00021205634402576837,0.0001188678143080324,-0.000497932662256062,0.0002627368667162955,0.00021064131578896197
0.00018207273387815803,0.00011589234782150017,-0.0004944765823893249,0.0002575078106019646,0.0001448738476028666
0.0002213415282312781,0.0001003190118353814,-0.0004925630637444557,0.0002534415107220412,0.00023415785108227285
0.00020978605607524517,7.964164251461625e-05,-0.00047031976282596594,0.0002592268283478916,0.00021154388377908615
0.00023526485892944038,0.00012328253069426862,-0.000482038885820657,0.0002568472118582576,0.00021006035967729983
0.00022153618920128795,0.00011753159924410284,-0.0004678287659771741,0.0002802933740895241,0.00023039332882035524
0.00021116771677043292,8.920449181459844e-05,-0.00048039012472145265,0.00026329737738706166,0.00021021533757448202
0.00020244510960765183,0.00010405832290416585,-0.00046814072993583977,0.00026849127607420087,0.0002463562705088407
0.00020472660253290087,7.908470433903858e-05,-0.0004664620209950953,0.00027564199990592897,0.00018572117551229891
0.00019061302009504288,6.60340374452062e-05,-0.00045722018694505095,0.0002651200338732451,0.00014968588948249817
0.0002094688970828429,0.00010562747047515586,-0.00045521525316871697,0.00030023432918824255,0.00024067540653049946
0.00019524432718753812,0.00014840687799733132,-0.00047550222370773554,0.00025610046577639883,0.00017858254432212561
0.00021103600738570094,8.309677650686352e-05,-0.0004889416159130633,0.0002507158205844462,0.0002117909025400877
0.0002238969900645316,9.380170376971364e-05,-0.00046945558278821414,0.0002634939446579665,0.0002436279464745894
0.0002487367019057274,0.00010901883069891484,-0.00047714781248942023,0.00025686033768579364,0.00018884107703343037
0.0001793502306099981,8.089265611488372e-05,-0.00044873202568851417,0.00025635992642492056,0.0001343263138551265
0.00019363101455383003,7.525194087065755e-05,-0.00045198708539828664,0.00025899536558426917,0.00020559811673592776
0.0002082930586766452,4.495714165386744e-05,-0.0004150942259002477,0.0002773698361124844,0.00019928954134229568
0.00023642549058422446,0.00011278472811682151,-0.0004758928262162953,0.00026810020790435374,0.0002829321019817144
0.00018874979286920282,9.322701953351498e-05,-0.00048748811241239315,0.00025653891498222947,0.0001748194481479004
0.00020643926109187305,0.00015422787691932172,-0.0005067754536867142,0.0002691181434784085,0.00018387241289019585
0.0001773960393620655,0.00011258899758104236,-0.00048637622967362404,0.0002696038282010705,0.00019824321498163044
0.00017610377108212558,0.00010307817865395918,-0.0005041162949055433,0.00026889063883572817,0.00015707525017205626
0.0001946575939655304,0.00011043842823710293,-0.00047005343367345637,0.0002780245849862695,0.00021720313816331327
0.0002193074469687417,0.00011841222294606267,-0.000477422378025949,0.0002776275505311787,0.00018497058772481975
0.00020615989342331886,0.000141061726026237,-0.0004669174668379128,0.0002780172217171639,0.0001991060271393508
0.00022110591817181557,0.00010650630429154262,-0.00047088187420740724,0.00028018897864967585,0.00020414173195604235
0.00021849876793567089,0.00011262600310146809,-0.00044459605123847723,0.00028734005172736943,0.00022014338173903525
0.00017189713253173977,7.888036634540185e-05,-0.0004653227515518665,0.00026654216344468296,0.00015969296509865671
0.00020486045104917142,9.395136294187978e-05,-0.00047856275341473514,0.00027065392350777984,0.0001992850302485749
0.00017077424854505807,7.004528742982075e-05,-0.00047204789007082576,0.00024900276912376285,0.00021171987464185804
0.00021090995869599285,0.00010737610864453018,-0.00047147384611889715,0.0002704882645048201,0.0001932736195158213
0.00021164113422855732,9.848330228123814e-05,-0.0004710415669251232,0.0002618221915327012,0.00021315581398084757
0.00021656375611200931,7.609431486343965e-05,-0.00046521655167452986,0.00025626589194871485,0.00019935092132072896
0.00016561250959057358,7.881478813942522e-05,-0.0004627731395885348,0.00025232590269297356,0.00022118483320809903
0.00022608711151406166,0.00010229273902950808,-0.00046101928455755115,0.00027196400333195925,0.00021858834952581674
0.00021843063586857167,8.417855860898271e-05,-0.00045239462633617217,0.0002741102944128216,0.00012946364586241543
0.00017539202235639098,9.723381663206965e-05,-0.0004812832630705088,0.00027876064996235067,0.00020058082009200007
0.00018288035062141722,0.00010218827810604124,-0.00046416281838901336,0.0002843073743861169,0.0002170888619730249
0.00018462978187017143,8.446985157206656e-05,-0.00043868031934835017,0.0003064325137529522,0.0001506268308730796
0.0002250527177238837,0.00010275761451339348,-0.0004776803543791175,0.00027759509976021945,0.00020299198513384908
0.00015765709395054728,8.091784548014402e-05,-0.00046174562885425996,0.0002664177736733109,0.00013526875409297645
0.00018713415192905813,8.229958621086553e-05,-0.0004070539143867791,0.00029324102797545487,0.00023602605506312105
0.00019565745606087148,6.714603659929708e-05,-0.0004377343284431845,0.00026821318897418683,0.00024328933795914054
0.00021656924218405038,0.00010971221490763128,-0.0004960452206432818,0.0002751855354290456,0.00016877471352927387
0.00021470602951012552,0.00012828993203584105,-0.0005082992720417677,0.00026446182164363563,0.00019348649948369712
0.00015663125668652356,0.00017807069525588304,-0.0005048157763667406,0.0002744820376392454,0.00017005177505780011
0.00018663742230273783,0.00011297419405309485,-0.0004932741867378353,0.0002712678106036037,0.00017968137399293482
0.0001881570933619514,0.0001246202300535515,-0.0004746137419715524,0.00027716316981241107,0.0002047410816885531
0.00018197840836364776,0.00011804350651800632,-0.0005054246867075561,0.0002745024976320565,0.00017262226901948452
0.00018322239338885995,8.630895899841562e-05,-0.0004555322229862213,0.00025580878718756145,0.00013804459013044834
0.00024516510893590754,7.567315333290026e-05,-0.00046731147449463606,0.000275606958894059,0.00022426644864026454
0.00016659853281453252,8.055788930505514e-05,-0.0004915536264888941,0.00026488592266105115,0.00013108395796734842
0.00019191305909771472,8.579731365898624e-05,-0.00043679928057827055,0.00024682842195034027,0.00020407166448421774
0.00016428602975793183,0.0001310771331191063,-0.0004565924755297602,0.0002961645368486643,0.00011967673344770446
0.0001878878683783114,0.00013995901099406183,-0.0004762133758049458,0.0002825781120918691,0.00018229505803901705
0.00016112452431116253,7.729534263489768e-05,-0.000492061662953347,0.00025404393090866506,8.814941975288093e-05
0.0001973498292500153,0.0001032696382026188,-0.000460221286630258,0.0002711066335905344,0.00021902199659962207
0.00022074182925280186,9.84020225587301e-05,-0.0004464111407287419,0.00028365981415845454,0.0002413988404441625
0.0001669149205554277,7.136098429327829e-05,-0.00045517514809034765,0.00029775855364277964,0.00017256666615139693
0.00015489051293116066,0.00012493474059738221,-0.00045484220026992267,0.0002735478919930756,0.0001370297686662525
0.00019525537209119648,9.073712863028051e-05,-0.0004753410757984966,0.0002710220287553966,0.00023912220785859967
0.00018453037773724643,7.735464168945327e-05,-0.0004805104981642216,0.0002742949873209,0.00017344461230095476
0.0002037216763710603,0.00010150078742299229,-0.00046680180821567774,0.00027732952730730176,0.00023016449995338922
0.00020880537340417504,8.566464384784922e-05,-0.0004811160906683653,0.0002503141586203128,0.00020386819960549474
0.0002096281386911869,6.596058665309101e-05,-0.00046563128125853837,0.00025611752062104637,0.00023373891599476337
0.00015635721501894298,5.776881516794674e-05,-0.0004720684955827892,0.00025246263248845935,0.00015792055637575686
0.0001783971965778619,8.608447387814522e-05,-0.00048151426017284393,0.00026046077255159616,0.00016023413627408445
0.00017930490139406174,6.184992525959387e-05,-0.00048225946375168865,0.0002459108654875309,0.00017822373774833977
0.00016538333147764206,7.515331526519732e-05,-0.0004845494113396854,0.00025366630870848894,0.0001619425747776404
0.0001639641996007413,7.556899072369559e-05,-0.0004762047028634697,0.0002531790814828128,0.00016786542255431414
0.00016915176820475608,8.992201765067875e-05,-0.0004407453816384077,0.0002870291646104306,0.000181517651071772
0.00019085306848865,8.77674901857972e-05,-0.0003892610257025808,0.0002512260980438441,0.0001768531947163865
0.00016182431136257946,9.352304914500564e-05,-0.0004657483077608049,0.00026458894717507064,0.00016172106552403417
0.00015339319361373782,7.244274456752464e-05,-0.00046911145909689367,0.00025130168069154024,0.0001616874651517719
0.00017332384595647454,5.574773240368813e-05,-0.00048634145059622813,0.00023564542061649263,0.00015760051610413941
0.00015910012007225305,6.86686034896411e-05,-0.00047430378617718816,0.00023799175687599927,0.00015208082913886756
0.00019900419283658263,7.065030513331294e-05,-0.00042432031477801496,0.00024081012816168368,0.00019601771782618016
0.0002189163933508098,0.00014162425941322,-0.0005414161132648587,0.00024596726871095603,0.00014129652117844668
0.00016331121150869876,0.00013922122889198366,-0.000504288065712899,0.00027346107526682317,0.00019536289619281888
0.0001467635011067614,0.00010490403656149283,-0.0004799916932824999,0.00028156206826679414,0.0001954705658135936
0.00012668303679674864,8.634589903522283e-05,-0.00047440695925615733,0.0002504118601791561,0.00017090889741666615
0.00015746927238069475,5.846978456247598e-05,-0.0004692956572398544,0.00026512754266150296,0.00019334447279106823
0.00013434095308184624,5.4331645515048876e-05,-0.0004668172623496503,0.0002540322893764824,0.00015171458653640002
0.00015743073890917003,8.272361446870491e-05,-0.0004786548961419612,0.0002653947740327567,0.0001652149949222803
0.00014646515774074942,6.490495434263721e-05,-0.0004717053088825196,0.0002510348276700824,0.00015207770047709346
0.00014785773237235844,7.216104859253393e-05,-0.0004861194465775043,0.00025286470190621907,0.00013375456910580397
0.0001551638124510646,8.455389615846798e-05,-0.00047923609963618224,0.00025500886840745807,0.0001556643983349204
0.00013405896606855094,7.769942749291657e-05,-0.00048953847726807,0.00024056948313955215,0.0001263573649339378
0.00013535832113120702,9.416571265319361e-05,-0.000481772207422182,0.00022894103312864902,0.00013672247587237507
0.0001496266049798578,8.362912922166288e-05,-0.0004609540337696672,0.00023895590857136997,0.00013573003525380045
0.00015996972797438502,6.88492800691165e-05,-0.000479000766063109,0.00024531452800147235,0.0001415445003658533
0.0001838267926359549,8.156152034644037e-05,-0.0004590367898344993,0.00026864276151172817,0.000154359862790443
0.00011640580487437546,8.148718188749626e-05,-0.0004363949410617352,0.0002501139824744314,0.00011047953012166543
0.00013804480840917677,8.387715206481516e-05,-0.00048482397687621415,0.00024497881531715393,0.00010683084838092328
0.00019614867051132023,8.821566734695807e-05,-0.0004647317691706121,0.0002628830843605101,0.00016546703409403565
0.0001680619752733037,6.820775888627395e-05,-0.0004914496676065029,0.0002374400501139462,0.0001388952223351225
0.0001480590435676277,7.001804624451324e-05,-0.0004824198840651661,0.00025433776318095624,0.0001404163776896894
0.0001206416345667094,7.437376189045608e-05,-0.00048128433991223563,0.00025450842804275453,0.000131336651975289
0.000129507141537033,7.890908455010504e-05,-0.0004831857804674655,0.00027476935065351427,0.00012529490049928427
0.00014142914733383805,8.082007843768224e-05,-0.0004963229293935001,0.0002463890123181045,0.00012681118096224964
0.00014790908608119938,6.995727744651958e-05,-0.0004923169035464525,0.00023336969024967402,0.00012362124107312408
0.00015384743164759132,6.72683454467915e-05,-0.0004683439328800887,0.0002537452382966876,0.00016626340220682323
0.00014002874377183616,5.798808342660777e-05,-0.0004584379494190216,0.0002646873763296753,0.00015772870392538607
0.00013645710714627055,5.445910937851295e-05,-0.00046478316653519874,0.00025381820159964263,0.00014054661733098328
0.00012785020226147026,8.675056596985087e-05,-0.00048019693349488085,0.00023716794385109097,0.00010727996414061636
0.00014522933633998036,6.302339897956699e-05,-0.0004697567783296108,0.00024921217118389904,0.00013873552961740645
0.00013138157373759896,7.317068229895085e-05,-0.0004686765605583787,0.0002500521659385413,0.00011255347635596989
0.00011799003550549968,6.172728171804921e-05,-0.0004688178596552461,0.0002548620686866343,0.00010933999146800488
0.0001469695853302255,7.507803820772097e-05,-0.0004897714825347066,0.00024870605557225645,0.0001309973740717396
0.0001262366131413728,5.2154853619867936e-05,-0.0004876318853348493,0.0002354999742237851,0.00011709250247804448
0.0001381716429023072,8.085215085884556e-05,-0.0004991897731088102,0.0002547639305703342,0.00010814015695359558
0.00011989591439487413,7.060509960865602e-05,-0.00046914539416320617,0.0002477097732480616,0.0001009997504297644
0.00012418613187037408,7.359043956967072e-05,-0.0004933240707032381,0.0002419918455416337,8.686645742272958e-05
0.00016012288688216358,8.062205597525463e-05,-0.0004912156728096306,0.00025229452876374125,0.00011863822146551685
0.00013013732677791268,5.020723619963974e-05,-0.00047183348215185106,0.0002379130310146138,0.00010389319504611194
0.0001500590587966144,6.950853276066482e-05,-0.0004778068396262825,0.0002535519888624549,0.00011864031694130972
0.00013114191824570298,5.595796392299235e-05,-0.00046831244253553445,0.00023906932619865986,0.00011570111382752656
0.00013476105232257396,6.835187377873808e-05,-0.0004795717832166701,0.0002343941741855815,0.00010354573896620424
0.00010603237751638515,5.5173764849314466e-05,-0.00048581080045551067,0.00023593533842358735,9.418009722139686e-05
0.0001485143729951233,6.821459828643127e-05,-0.00046039090375415975,0.00025212764739990234,0.0001244265440618619
0.00013853862765245142,5.748052353737876e-05,-0.00047985711717046797,0.00024232486612163487,0.00011191981320735068
0.00015196124149952084,7.643351273145528e-05,-0.0005005003768019378,0.00025853360421024263,0.00010698736150516196
0.0001474752207286656,8.309272379847242e-05,-0.0005015180795453488,0.00024962783209048206,0.00011119722330477087
0.0001305140613112599,7.344603363890201e-05,-0.00047155685024335975,0.00025417725555598736,0.00010462049249326809
0.0001156395228463225,8.637307473691179e-05,-0.00046479114098474383,0.000242024747421965,8.463483391096815e-05
0.00016148085705935958,8.548130426788703e-05,-0.000482999806990847,0.0002463108394294977,0.00012420958955772218
0.00015161483315750957,5.663558476953767e-05,-0.0004919602070003748,0.00024448815383948386,9.351196786155924e-05
0.00016232514462899417,7.02329125488177e-05,-0.00048370359581895167,0.00025157493655569846,9.487029456067829e-05
0.00014660721353720874,8.197245188057423e-05,-0.0005025806603953242,0.00024249232956208291,9.221376240020618e-05
0.00013879894686397162,8.561163849662991e-05,-0.0004956490593031049,0.0002540614514146,8.854486804921179e-05
0.00011137583351228386,6.28937195870094e-05,-0.0004834646824747324,0.0002386993146501481,9.134385618381202e-05
0.0001134018020820804,6.297130312304944e-05,-0.0004910968709737061,0.00023566620075143876,7.957129855640233e-05
0.00013693982327822596,8.484981663059443e-05,-0.0004909210838377477,0.00024167142692022026,9.627971303416416e-05
0.0001418624451616779,4.916634134133346e-05,-0.0004770086670760064,0.00023443922691512853,8.496730879414827e-05
0.00014038423250894996,8.230782259488478e-05,-0.00048046858864836395,0.00026166599127463996,0.000111803223262541
0.0001385805371683091,7.871799607528374e-05,-0.0004887727554887533,0.0002535835956223309,0.00010543956159381196
0.00013612954353448004,5.174360558157787e-05,-0.0004893545992672443,0.00023196036636363715,7.968101272126658e-05
0.0001384869683533907,6.471717642853037e-05,-0.00048424917622469366,0.0002452796616125852,0.00011277460725978015
0.00011689202801790088,6.850081263110042e-05,-0.0004941799561493099,0.0002447939768899232,7.044381345622241e-05
0.00012662183144129813,7.235301745822653e-05,-0.0005003640544600785,0.00023793682339601221,6.207133992575109e-05
0.00012716292985714972,6.300866516539827e-05,-0.0004900249186903238,0.00023181470169220117,7.241946877911687e-05
0.0001356988650513813,7.769218791509047e-05,-0.000495080545078963,0.00024276088515762242,9.190195851260796e-05
0.00011058615200454368,5.482565029524267e-05,-0.0004776718851644546,0.0002381666126893833,8.779891504673287e-05
0.00011025507410522549,6.14274395047687e-05,-0.0004727336927317083,0.00023977122327778486,0.00012047083146171643
0.00013437989400699737,6.0931051848456264e-05,-0.00048024489660747355,0.00024540798040106887,0.00010675637895474209
0.00013809544907417148,7.437211752403526e-05,-0.00048396049533039337,0.0002488394384272397,8.335292659467086e-05
0.00014366662071552128,6.620171916438267e-05,-0.0005018365918658674,0.00023866794072091582,9.068025974556804e-05
0.00013515172759070992,7.463913789251819e-05,-0.0004978164215572177,0.00024281832156702882,9.632480941945688e-05
0.00012053580576321109,7.214571087388322e-05,-0.00048579982831142843,0.00023866703850217164,8.932966011343524e-05
0.00011749859550036491,6.418659177143128e-05,-0.0004856066661886871,0.00022266087762545797,7.450702105415985e-05
0.00013374230184126643,6.740209209965542e-05,-0.0004879357002209872,0.000255934486631304,9.996928565669803e-05
0.00012801555567421022,7.171443576226011e-05,-0.0004705936880782247,0.0002607023052405566,0.00010565908451098947
0.00012462747690733522,6.43442472210154e-05,-0.000474131025839597,0.00024656031746417284,0.00010435989679535852
0.0001273991510970518,7.434869621647522e-05,-0.0004963839892297983,0.0002425626153126359,7.570379239041357e-05
0.00012642527872230858,6.821987335570158e-05,-0.00048249561223201454,0.0002576742845121771,0.00012528430670499802
0.00013036552991252393,7.48663951526396e-05,-0.0004949543508701026,0.00024154690618161112,9.881556616164744e-05
0.00014957186067476869,8.489439642289653e-05,-0.0004875383456237613,0.0002521324495319277,9.243412932846695e-05
0.00012442737352102995,7.265243766596541e-05,-0.0004917315673083067,0.0002479149552527815,8.355059253517538e-05
0.00010926549293799326,4.999253724236041e-05,-0.0004740367585327477,0.00024271951406262812,8.465557766612618e-05
0.00011966115562245248,8.055460057221353e-05,-0.0004918636404909194,0.00024960466544143856,7.94247316662222e-05
0.00011332314170431346,8.569588680984452e-05,-0.00047228770563378936,0.00027198769384995103,0.00011232970427954571
0.0001419900654582307,6.25066095381044e-05,-0.000478960428154096,0.00023207181948237118,0.00011589642235776408
0.00012868831981904805,6.581468915101141e-05,-0.0004913832526654005,0.00023851513105910274,8.674299897393212e-05
0.00011577512486837806,4.957433338859119e-05,-0.0004876170423813164,0.00023324007634073496,8.981338032754138e-05
0.00011421945237088947,7.02956021996215e-05,-0.0004962592502124609,0.00023712226538918912,8.554967644158751e-05
0.00012663377856370062,8.32139267004095e-05,-0.0004890433046966791,0.0002538617991376668,8.584224997321144e-05
0.00013703960576094687,6.321229011518881e-05,-0.0004760897718369961,0.00024322669196408242,9.311930625699459e-05
0.00012062708265148103,6.713870243402198e-05,-0.00048565233009867376,0.0002392428577877581,8.072468335740268e-05
0.00012160721234977244,7.188026211224496e-05,-0.0004905584501102567,0.0002473330532666296,0.00010302315786248073
9.882775339065121e-05,5.5368622270179906e-05,-0.0004753501561935991,0.0002502866263967008,0.0001065312317223288
0.00011489113239804284,4.9806942115537815e-05,-0.0004905339446850121,0.00022746095783077183,7.486916729249059e-05
0.00013232453784439713,5.6785789638524875e-05,-0.0004939347854815422,0.00023216841509565708,7.588958396809176e-05
0.00012547653750516474,7.367937359958887e-05,-0.0004933971795253456,0.00023464928381145,8.988591434899718e-05
0.00014626412303186953,6.539144669659436e-05,-0.0004877117462456226,0.00024430043413303787,0.00010776120325317606
0.00013209010649006814,8.045589493121952e-05,-0.0004883716464973986,0.00025818412541411817,9.517222497379407e-05
0.00012208834232296797,7.266928150784224e-05,-0.00046691906754858786,0.00026500827516429126,0.00011406584962969646
9.9036747997161e-05,6.236772605916485e-05,-0.0004931136500090362,0.00023967665038071573,7.121329690562561e-05
0.00010816506255650893,5.358451744541526e-05,-0.0004799803136847913,0.00023738853633403775,8.818239439278841e-05
0.0001269546628464013,6.512190884677693e-05,-0.0004936910117976367,0.00024392803607042882,8.795210305834189e-05
0.00011602568702073766,6.36446857242845e-05,-0.00048592526582069695,0.00024176988517865536,8.671831892570481e-05
0.00013993967149872333,5.2338473324198276e-05,-0.0004887829418294132,0.00023754464928060767,9.595327719580382e-05
0.00011376648762961851,6.901338929310441e-05,-0.0004895927268080413,0.00023481667449232194,8.919110405258834e-05
0.00011698981688823552,5.879808668396436e-05,-0.0004883136716671288,0.00023684313055127862,8.751055429456757e-05
0.00011401182564441116,6.552958075189963e-05,-0.0004963790997862817,0.00023266079369932413,7.500199717469513e-05
0.00012920683366246521,-2.542541551520117e-05,-0.0005010050954297185,0.0001916667097248137,8.467441512038931e-05
0.00015205590170808136,-5.108605023451672e-07,-0.0004881058412138373,0.000202879382413812,9.570658585289492e-05
0.00011518507380969822,2.3453449102817107e-05,-0.00048421151586808253,0.0002157698618248105,8.660679304739459e-05
0.00013707112520933149,-3.040025330847129e-05,-0.0005287900567054749,0.00017416347691323608,6.369300535880029e-05
0.00013104167010169476,-2.6889350920100696e-05,-0.0005225325003266335,0.00018287618877366185,6.44191968603991e-05
0.0001376033469568938,-2.327093898202293e-05,-0.0005173294339329004,0.00019564811373129487,7.293617818504572e-05
0.00015439845446962863,-1.7464824850321747e-05,-0.0005027718143537642,0.00019459170289337638,4.474609886528924e-05
0.0001298085262533277,8.334095764439553e-05,-0.0004983555409125984,0.0002552791847847402,9.285004489356652e-05
0.00013900322664994746,0.00012076610437361524,-0.0004738100979011506,0.0002955429372377693,0.00012290214363019913
0.00014547559840139002,7.590658060507849e-05,-0.00048524540034122765,0.00025162362726405263,0.000104053076938726
0.00012233498273417354,6.90293818479404e-05,-0.0004947792622260749,0.0002381278318352997,0.00010511297296034172
0.00012700726801995188,-1.3258665603643747e-05,-0.0005184703040868044,0.0001876189926406369,5.8237874327460304e-05
0.00012230814900249243,-1.8225762687507086e-05,-0.0005143185844644903,0.0001919343048939481,6.212302832864225e-05
0.00013914899318479002,-1.6448302631033584e-05,-0.0004967060522176325,0.00019469008839223534,7.98700493760407e-05
0.00013351115921977907,-3.0720275390194736e-05,-0.0004908305127173662,0.00019612222968135032,8.792950393399224e-05
0.00015529431402683258,-2.059890357486438e-05,-0.0005059951217845082,0.0002136961411451921,9.887447231449188e-05
0.0001369312813039869,8.601670560892671e-05,-0.0004927197587676346,0.00023216570843942466,8.020229870453477e-05
0.00012862599396612495,-1.3475333616952412e-05,-0.0005147968186065555,0.0001949859724845737,6.899394793435931e-05
0.00013774755643680692,-2.4541019229218367e-05,-0.0005119385896250607,0.0001900923816720024,8.012819307623431e-05
0.00012092454562662171,-3.235118856537156e-05,-0.0005031455657444893,0.00019744245219044387,7.673936488572508e-05
0.000129173175082542,5.377494017011486e-05,-0.0004979727091267705,0.00023072956537362188,7.940445357235149e-05
0.00012312339094933122,6.757163646398112e-05,-0.0004921200452372432,0.00023471978784073144,7.915763853816316e-05
0.00012732022150885314,6.609378033317626e-05,-0.000496435328386724,0.00022197181533556432,7.191113400040194e-05
0.00013016018783673644,-2.9216458642622456e-05,-0.0005208288785070182,0.00019375306146685037,6.747307634213939e-05
0.00013886201486457142,-2.17018932744395e-05,-0.0005178262363187969,0.00019908083777409047,6.897441926412284e-05
0.00013510975986719131,-1.579008312546648e-05,-0.0005203593755140902,0.00019820375018753114,6.690008740406483e-05
0.00011305328371236101,-3.445971742621623e-05,-0.0005177617422305048,0.00017580586427357048,5.70138763578143e-05
0.00013508074334822595,-1.0329813449061476e-05,-0.0005237850709818304,0.00018526207713875917,5.833715113112703e-05
0.00014701270265504718,-2.801981827360578e-05,-0.0004887405666522682,0.00019918076577596366,9.049789514392613e-05
0.00015741214156150818,1.5035183423606213e-05,-0.00044998110388405616,0.00020479362865444275,7.761841698084027e-05
0.00015052937669679525,-1.847537896537688e-05,-0.0005099886329844594,0.00019433005945757031,6.989637768128887e-05
0.00014391023432835934,-1.6881434930837713e-05,-0.0005186966154724361,0.00019075015734415501,7.487245602533221e-05
0.0001450608833692968,1.2674386198341379e-06,-0.0005191641394048929,0.00020140083506703377,6.54605682939291e-05
0.00013797789870295674,-1.9131713997921906e-05,-0.0005240242462605238,0.0001824013743316755,6.073322219890542e-05
0.00011074014764744787,2.976212817884516e-05,-0.0004946117987856269,0.00022082908253651112,6.2832776166033e-05
0.00013385081547312438,-2.639170816109981e-05,-0.0005188435316085815,0.0001946073316503316,6.644958921242505e-05
0.0001408082462148741,-2.9453267416101885e-06,-0.0005198458675295116,0.00019669889297801999,5.819228681502864e-05
0.00013061235949862748,-1.4379977983480787e-05,-0.0005224035703577101,0.0001971686288015917,6.480856245616451e-05
0.0001191918636322953,-2.8213809855515137e-05,-0.000525713840033859,0.00018692889716476202,5.687462544301525e-05
0.00011921514669666067,-3.041827767447103e-05,-0.0005141581641510129,0.00018418955733068287,5.6134809710783884e-05
0.00012680576764978466,-2.3118969693314284e-05,-0.0005168351344764234,0.00018373073544353247,5.7616503909230225e-05
0.00012776549556292593,-2.4849008696037345e-05,-0.0005049814935773611,0.00019264697039034218,7.239027763716878e-05
0.00011133743100799619,-3.3166645152959966e-05,-0.0005035956273786724,0.0001908397825900465,7.447726966347545e-05
0.00012266125122550878,-2.776130168058444e-05,-0.0005225066561251879,0.0001879844930954277,6.732987094437702e-05
0.00011702701885951684,-4.288583295419812e-05,-0.0005199355073273182,0.00017506771837361154,6.456283153966069e-05
0.000121758712339215,-3.171303978888318e-05,-0.0005087437457405031,0.00018867122707888484,5.24345705343876e-05
0.00015562953194603324,-3.87099271392799e-06,-0.0004943073727190496,0.00020033562032040209,8.438339864369482e-05
0.0001482776424381882,-8.91065883479314e-06,-0.000533060752786696,0.00017594362725503745,5.79280749661848e-05
0.0001372206170344725,-2.2389383957488466e-05,-0.000514418410602957,0.0001984213740797713,8.252164116129279e-05
0.00012569934187922627,-1.660218731558416e-05,-0.0005066850571893157,0.00020378988119773567,8.882383554009721e-05
0.00012982093903701752,-2.1748346625827253e-05,-0.0005175741389393806,0.0001993298064917326,6.612170545849949e-05
0.00012387796596158296,-3.551868212525733e-05,-0.0005168535863049328,0.0001874110457720235,5.9837511798832566e-05
0.0001280888100154698,-1.60531544679543e-05,-0.00048146783956326544,0.0002096572279697284,0.00010116780322277917
0.0001301270822295919,-2.0772680727532133e-05,-0.0005154372774995863,0.00020400418725330383,9.044149919645861e-05
0.00011275686119915918,-4.1590392356738455e-05,-0.0005051082116551697,0.00018994869606103748,5.36216248292476e-05
0.00012746854918077588,-2.6548355890554376e-05,-0.0005120352143421768,0.0001945042458828539,6.186169775901362e-05
0.0001151849064626731,-3.3688153052935384e-05,-0.0005122476723045112,0.00019459052418824285,6.575226143468171e-05
0.00013341629528440538,-2.5700002879602835e-05,-0.0005230313399806619,0.00018135491700377318,5.8262368838768446e-05
0.00013180192036088556,-2.3780019546393305e-05,-0.0005142666632309557,0.00019702379358932376,6.615322490688413e-05
0.00012085285561624914,-2.2065949451643974e-05,-0.0005206300411373377,0.0001946785778272897,6.46685148240067e-05
0.00011635643022600559,-3.052056126762181e-05,-0.0005242681945674121,0.00017805043898988515,3.913387627108023e-05
0.0001218945108121261,-2.007295006478671e-05,-0.0005095385131426157,0.0001931184815475717,5.067967504146509e-05
0.00014349730918183923,-3.0686420359415933e-05,-0.0005103288567624986,0.00017616731929592788,5.307611718308181e-05
0.00015843345317989588,-6.449942247854779e-06,-0.0005194343393668532,0.0001925064279930666,7.317129347939044e-05
0.00011907802399946377,-3.5834498703479774e-05,-0.0005145055474713446,0.00018112384714186192,7.38316375645809e-05
0.0001581399847054854,-7.044796802802011e-06,-0.0004903231165371835,0.0002043843123828992,8.358167542610317e-05
0.00012059786968166009,-2.3095735741662796e-05,-0.0005031001637689768,0.00019658987002912912,7.228326285257936e-05
0.00011253939010202883,-2.255738581879996e-05,-0.0005152293597348034,0.00019520730711519718,6.961415056139231e-05
0.0001136928840423934,-1.9643806808744557e-05,-0.0005221421597525476,0.0001972027966985479,5.250654430710711e-05
0.00011456589709268884,-1.5470082871615887e-05,-0.0005249016103334725,0.00019543625239748508,6.073110125726089e-05
0.00011738506145775317,-2.5479006581008434e-05,-0.0005157570703886449,0.00019061233615502715,7.027897663647309e-05
0.0001272221707040444,-3.1381507142214105e-05,-0.0005155233666300774,0.0001866883831098676,6.82867321302183e-05
0.00011792630539275706,-1.6266012607957236e-05,-0.0005128730554133654,0.00019777608395088464,5.965754098724574e-05
0.0001090421064873226,-2.876769758586306e-05,-0.0005236381548456848,0.00018882739823311567,5.5531661928398535e-05
0.00010686218593036756,-2.4193868739530444e-05,-0.000535325496457517,0.00018005033780355004,4.1810166294453666e-05
0.00012361272820271552,-2.3350512492470443e-05,-0.0005139157292433083,0.00019054005679208785,4.8696885642129935e-05
9.109264647122473e-05,-4.283372982172296e-05,-0.00039719213964417577,0.00022512444411404434,6.650115392403677e-05
0.00013125172699801624,7.060975622152908e-05,-0.0004939609789289534,0.0002077142708003521,5.467798109748401e-05
0.00012417002290021628,-1.6184056221391074e-05,-0.0005418604123406112,0.00017777438915800306,4.91478931508027e-05
0.00012156856973888353,-1.5433461157954298e-05,-0.0004321259912103415,0.0002047423186013475,5.429963493952528e-05
0.00014176389959175142,2.885787807827001e-06,-0.0004384546482469887,0.00019463866192381832,2.7983132895315063e-05
0.00016109005082398653,6.392085197148845e-05,-0.0005443447735160589,0.00021053815726190803,7.393725536530837e-05
0.00012566449004225433,-1.614814391359687e-05,-0.0005433782935142517,0.00017846192349679768,5.139289351063781e-05
0.00014982862921897322,4.617818376573268e-06,-0.0005088979960419239,0.0002114366361638531,9.563093772158028e-05
0.0001365204225294292,-4.664350399252726e-06,-0.0005125700263306499,0.00020671942911576482,6.795776425860822e-05
0.0001288263883907348,-2.6525040084379725e-05,-0.0004957971978001297,0.0001974862097995356,9.084701741812752e-05
0.0001205428852699697,-1.1807768714788835e-05,-0.0004914043820463121,0.00019502895884215832,9.299932571593672e-05
0.0001297726994380355,-2.2270443878369406e-05,-0.0005163083551451564,0.0001849830005085096,6.87252904754132e-05
0.00012157222226960583,-3.074842970818281e-05,-0.0005193755496293306,0.00018211810674984008,5.300362317939289e-05
0.00012916943524032828,-2.9886792617617168e-05,-0.0005107417819090189,0.0001919793576234952,6.962013867450878e-05
0.0001260056160390377,-1.822047670430038e-05,-0.000510153011418879,0.00019762915326282382,6.823086732765661e-05
0.0001174814606201835,-3.5521585232345394e-05,-0.0005135706742294133,0.0001857026945799589,5.807307024952024e-05
0.00013878723257221282,-1.5705894838902168e-05,-0.0005166424089111388,0.00019347318448126321,5.234516720520333e-05
0.00011772844300139695,-3.804922380368225e-05,-0.0005148391355760397,0.00017624704923946408,6.730590393999591e-05
0.00012611654528882354,-2.6383941076346673e-05,-0.0005270217079669237,0.00018313631881028414,5.8929141232511035e-05
0.0001140253953053616,-2.537108593969606e-05,-0.0005185685004107653,0.00019028602400794625,5.9851976402569555e-05
0.00012721896928269416,-1.5342306141974404e-05,-0.0005238964804448186,0.0001900058123283088,6.154004950076342e-05
0.00012065996997989714,-2.7469050110084936e-05,-0.0005113972001709044,0.00020228473294992,6.570922414539382e-05
0.00013071797729935494,-4.263897608325351e-06,-0.0005041597760282457,0.0001948733988683671,7.467562681995332e-05
0.0001221086276927963,-5.6158023653551945e-06,-0.0005115559324622153,0.0001924016687553376,6.103273699409328e-05
0.0001273599627893418,-3.068381920456886e-05,-0.0005142843583598733,0.0001816745789255947,7.087553240125999e-05
0.00014624765026383102,-1.917022200359497e-05,-0.0004982710815966129,0.00019667373271659017,6.912549724802375e-05
0.00011028983135474846,-9.249581125914121e-06,-0.0005124355084262788,0.00019875762518495319,5.456995495478623e-05
0.00011391384759917857,-1.887861117211287e-06,-0.0005154265090823174,0.00020015898917336017,5.755455276812427e-05
0.00012560223694890738,-3.628023114288226e-05,-0.0005150200449861586,0.000186809862498194,6.111443508416413e-05
0.00012179562327219172,-2.7975354896625507e-05,-0.000525551731698215,0.00019065877131652087,6.0274727729847655e-05
0.00013518755440600214,-1.8905499018728733e-05,-0.0005035220528952777,0.00019141209486406296,7.204106805147603e-05
0.00013160622620489448,-2.6167297619394958e-05,-0.0005055948277004063,0.0001942329108715057,7.656186789972708e-05
0.00011948221799684687,-2.661785765667446e-05,-0.0005082158022560179,0.0001861825439846143,5.918379247304984e-05
0.00012945549678988755,-3.399632987566292e-05,-0.0005213483818806708,0.00018259660282637924,6.346488953568041e-05
0.00011507636372698472,-3.770623516174965e-05,-0.0005169468349777162,0.00018367834854871035,4.929453643853776e-05
0.00012808310566470027,-6.603780548175564e-06,-0.0005026729195378722,0.00021531837410293517,7.938771159388125e-05
0.00013129094440955671,-8.697712473804131e-06,-0.0005101551068946719,0.00018943047325592488,5.3592604672303417e-05
0.00011715061555150896,-3.845207902486436e-05,-0.0005219743470661342,0.00017830867727752775,4.765890480484814e-05
0.00012189988046884537,-2.984442289744038e-05,-0.0005186814232729375,0.00019022714695893228,6.640132778557016e-05
0.00012500562297645956,-3.3637104934314266e-05,-0.0005023848498240113,0.0001855448354035616,8.102202991722152e-05
0.00012521143071353436,-2.605136796773877e-05,-0.0005100893322378397,0.00018008409824687988,6.787564052501693e-05
0.0001192423005704768,-3.0432125640800226e-05,-0.0005092805367894472,0.00018906596233136952,6.431403744500129e-05
0.00012785385479219258,-3.2271269446937374e-05,-0.0005256342119537294,0.00019040559709537772,4.497377813095227e-05
0.00011438237561378628,-2.8930418920936066e-05,-0.0005275808507576585,0.0001733263343339786,4.145901039009914e-05
0.0001338324073003605,-2.416945608274545e-05,-0.0005150308134034276,0.00019502273062244055,8.13822916825302e-05
0.00013630901230499148,-2.1913116142968647e-05,-0.0005008276784792542,0.00019243343558628112,8.143197192111984e-05
0.0001314382679993287,-2.779614987957757e-05,-0.0005185649497434497,0.00018136345897801218,5.7683479099068784e-05
0.00011989109043497592,4.915099998470396e-05,-0.0004824517818633467,0.00022568173881154507,7.070519495755434e-05
0.0001226735912496224,-3.077439032495022e-05,-0.0005243331543169916,0.00017670645320322365,5.489454269991256e-05
0.0001193791613331996,-1.3874677279090976e-05,-0.0005232402472756803,0.00019504304509609938,5.7949535403167836e-05
0.0001298195420531556,-6.639411367359571e-06,-0.0005202527390792966,0.00018807359447237104,6.073037366149948e-05
0.00013285948080010712,-2.5738210752024315e-05,-0.0005162556772120297,0.00018383256974630055,5.23434609931428e-05
0.00011593666567932814,-3.6188677768222994e-05,-0.0005186052876524627,0.0001854026922956109,5.3545922128250816e-05
0.00010983425454469398,5.5622123909415684e-05,-0.00048950279597193,0.0002333325828658417,8.884823910193518e-05
0.00011296464799670503,-2.3940039682202038e-05,-0.0004935858887620269,0.00017868891882244498,6.963214400457218e-05
0.00012983218766748902,-2.265189505123999e-05,-0.0005192192038521171,0.00018420598644297567,6.741322431480512e-05
0.00012150948896305637,-1.9866129150614146e-05,-0.0005176460254006088,0.0001847467356128618,7.080277282511815e-05
0.0001366643118672073,-3.0001230697962452e-05,-0.0005193433607928455,0.00019066863751504568,7.392471889033914e-05
0.00015199983317870647,-2.998012678290252e-05,-0.0005013613845221698,0.00019889936083927748,7.59227987146005e-05
0.0001330002851318568,4.754755354952067e-05,-0.00048732559662312264,0.00022442413319367915,7.210885087260976e-05
0.00013067615509498864,-2.8322770958766338e-05,-0.0005153891397640108,0.000188911595614627,7.017748430371284e-05
0.00011322059435769917,-3.443293826421723e-05,-0.0005162652814760804,0.0001883731165435165,5.044988938607276e-05
0.00012904725736007094,-1.733629142108839e-05,-0.0005252606933936477,0.0001893470762297511,5.201013846090064e-05
0.0001289085776079446,-2.0685243725893088e-05,-0.0005148139316588639,0.00019302748842164877,5.5854954553069554e-05
0.00012483945465646684,-2.423839396215044e-05,-0.0005161161534488201,0.00019064200751017782,6.929315713932738e-05
0.00012317569053266197,-2.6442192393005826e-05,-0.0005148835480213165,0.00019257288658991456,6.597667379537596e-05
0.00012683929526247084,-2.556422623456456e-05,-0.0005223734187893571,0.00018585968064144254,5.642062751576304e-05
0.0001276895491173491,-1.2719669030047951e-05,-0.0005088782636448741,0.00020047977159265431,7.61200426495634e-05
0.00011914856440853328,-3.011360968230292e-05,-0.0005123582668602467,0.00018768593145068732,6.163193756947294e-05
0.00012784516729880124,-2.4598582967882976e-05,-0.0005200504092499614,0.00019349958165548745,6.798084359616041e-05
0.00012645113747566938,5.2942883485229686e-05,-0.00048586755292490125,0.00023196959227789193,7.310195360332727e-05
0.00011697575973812492,6.532780389534311e-05,-0.0004840325855184346,0.0002445113204885274,9.057594434125348e-05
0.00012276324559934437,6.071066309232264e-05,-0.0005011496832594275,0.00022946676472201943,5.339167546480894e-05
0.00012654731108341366,-1.6713031072868034e-05,-0.0005148828495293857,0.0001942872040672228,5.871785106137395e-05
0.0001171207841252908,-2.7068188501289114e-05,-0.0005106811877340078,0.00018689311400521547,5.771625001216307e-05
0.00012309482553973794,-1.778176738298498e-05,-0.0005020337994210422,0.000186758887139149,5.248220986686647e-05
0.00011714163701981306,-2.738463808782399e-05,-0.0004983227117918432,0.00022048353275749835,7.484246452804655e-05
0.00012387700553517791,-3.4547185350675136e-05,-0.0004800788301508874,0.00017463705444242805,4.268844350008294e-05
0.0001496789627708495,4.773291948367842e-06,-0.0005277645541355014,0.0002032068732660264,8.185421029338613e-05
0.00012828678882215172,-1.5901950973784548e-05,-0.0005230428068898618,0.0001871261338237673,6.742939149262384e-05
0.0001322897878708318,7.002730126259847e-05,-0.00047760998131707316,0.00023668588255532089,7.738939893897623e-05
0.00011398259812267494,6.47777851554565e-05,-0.00048036372754722834,0.00023549985780846328,7.393191481241955e-05
0.00012077247083652763,5.2206451073288924e-05,-0.00047403085045516486,0.00024208586546592412,8.331068238476291e-05
0.00011996426474070175,7.031431596260518e-05,-0.00048401791718788445,0.00025232817279174924,0.00010205191210843624
9.680700168246403e-05,7.422845374094322e-05,-0.0004667270404752344,0.00025083383661694825,9.982995106838644e-05
0.00010879120964091273,8.363446249859408e-05,-0.00047555955825373536,0.0002625555207487196,9.076607238966972e-05
0.00011155446554766968,7.659022958250716e-05,-0.00047032881411723787,0.00026512728072702885,8.68055722094141e-05
0.00010897728498093784,7.989347795955837e-05,-0.0004882965586148202,0.00023152760695666075,8.223325130529702e-05
0.00011009217996615915,8.324145164806397e-05,-0.00048789908760227263,0.0002509168698452413,6.734433554811403e-05
0.00011256415018578991,9.247731213690712e-05,-0.00047547518624924123,0.00025969717535190284,0.00010025056690210477
0.00012188428809167815,8.118753612507135e-05,-0.00048698778846301133,0.0002523502625990659,0.00010307785123586656
0.00011477484804345295,6.772990309400484e-05,-0.0004924017703160644,0.00023548964236397296,6.396741082426159e-05
0.0001009878469631076,5.011868051951751e-05,-0.0004937199410051106,0.0002193390391767025,6.753851630492136e-05
0.00010754993127193302,7.797333091730252e-05,-0.0004741857992485166,0.0002450000320095569,8.569564670324326e-05
0.00014949931937735528,9.7654752607923e-05,-0.000468703918159008,0.00026783414068631833,0.00011035976785933602
0.00011633562098722902,7.519185601267964e-05,-0.000465031829662621,0.00024396035587415096,0.0001000472839223221
0.0001013217624858953,6.98310395819135e-05,-0.00046659671352244914,0.0002470551989972592,8.083833381533623e-05
0.00010660774569259956,6.257159839151427e-05,-0.000485764438053593,0.0002435836213408038,7.18564770068042e-05
0.00010029925761045888,5.8482844906393445e-05,-0.00048539089038968086,0.00023552867060061544,7.678983820369467e-05
9.076824790099636e-05,8.212569809984417e-05,-0.0004912299918942153,0.00025509027182124555,6.940554158063604e-05
0.00010563192336121574,7.757639832561836e-05,-0.0004777995345648378,0.00026901796809397643,9.28868175833486e-05
0.00011599907884374261,7.643988647032529e-05,-0.00048157037235796446,0.0002418065123492852,9.048402716871352e-05
0.00011472741607576609,6.842116272309795e-05,-0.0004864611546508968,0.0002397310599917546,8.81738233147189e-05
9.832690557232128e-05,6.781828415114434e-05,-0.00048595349653624004,0.00023561590933240953,8.118615369312465e-05
9.81915945885703e-05,7.495040335925296e-05,-0.0004812438564840704,0.0002412642352283001,6.790372572140768e-05
0.00010270570055581628,6.927973299752921e-05,-0.0004897419712506236,0.00024179407046176493,7.704751624260098e-05
0.00012131892435718328,7.35876164981164e-05,-0.00048207840882241726,0.00025260268012061715,9.503681940259412e-05
0.00010913982987403871,8.982225699583067e-05,-0.00048004437121562665,0.0002481606206856668,7.597928924951701e-05
0.0001190679249702953,6.512094842037186e-05,-0.00048260731273330754,0.00023926631547510624,8.105996676022187e-05
0.00012255870387889442,6.889689393574372e-05,-0.0004811909166164696,0.0002487945021130145,9.231475996784866e-05
0.00010656542872311547,6.978400779189542e-05,-0.00047557783545926213,0.000246334180701524,8.762509969528763e-05
0.00010737421689555048,6.969222158659251e-05,-0.0004742196470033378,0.00025354159879498184,9.533619595458731e-05
9.858467819867656e-05,5.628812868962996e-05,-0.00047813067794777453,0.00023191784566733983,8.071290358202532e-05
0.00011687807273119688,6.740696699125692e-05,-0.00048801492084749043,0.00024396312073804438,7.396833825623617e-05
9.688619320513679e-05,5.516558303497732e-05,-0.0004860479093622416,0.00023840628273319453,6.181929347803816e-05
9.61211117100902e-05,7.515025208704174e-05,-0.0004910050774924457,0.00024494127137586474,6.994982686592266e-05
0.0001040495844790712,8.71990414452739e-05,-0.0004946087137795986,0.000245613104198128,7.213303615571931e-05
0.00010082396329380572,9.262926323572174e-05,-0.0004816594591829926,0.00025114711024798453,8.507456368533894e-05
0.00011620926670730115,6.969220703467727e-05,-0.000457916030427441,0.00025022431509569293,9.847832552623004e-05
9.99490439426154e-05,5.813749521621503e-05,-0.00047418987378478045,0.0002355661999899894,7.656001980649306e-05
0.00010047647811006756,7.213136996142566e-05,-0.00048692591371946037,0.00024096076958812773,7.932014705147594e-05
0.00010017869499279186,6.778600800316781e-05,-0.00047071743756532664,0.00025685876607894903,8.672609692439437e-05
0.000113381480332464,6.177985051181167e-05,-0.00047140251263044775,0.0002446443249937147,8.915497164707631e-05
9.79647084022872e-05,4.793029438587837e-05,-0.00047896779142320156,0.00023174533271230763,8.062192500801757e-05
0.00010274269152432679,5.882146797375754e-05,-0.0004885056405328214,0.00022976398759055883,7.669923070352525e-05
0.00010137592471437529,6.0101618146291e-05,-0.00048422877443954343,0.00023084178974386305,6.796542584197597e-05
0.00012129258539061992,8.498892566421999e-05,-0.00047853786963969474,0.00024510693037882447,8.651832467876375e-05
0.0001185180954053067,7.306708721444011e-05,-0.0004765056946780533,0.00024469304480589926,8.019114466151223e-05
0.00010140076483367012,7.341784657910466e-05,-0.00047225705930031836,0.00025103471125476057,7.572167669422925e-05
0.00010832888801814988,5.7816963817458607e-05,-0.00047998214722611015,0.00023925365530885761,7.4308984039817e-05
0.00010236388334305956,6.475646659964696e-05,-0.00046715306234546006,0.00024944863980636,8.655796409584582e-05
0.00010369917436037211,6.170434789964929e-05,-0.0004545213596429676,0.00024046917678788304,8.5392028267961e-05
0.00011874319898197429,7.42546035326086e-05,-0.0004846160300076008,0.00023639990831725297,7.19135714462027e-05
0.0001262154255528003,7.526327681262046e-05,-0.00048667108057998115,0.00024057160771917554,6.823215517215431e-05
0.00010362680040998384,6.122974446043372e-05,-0.0004831023397855461,0.00024184722860809413,8.599780994700268e-05
0.00010745738109108059,6.767616287106648e-05,-0.00048350272118113935,0.00023379278718493882,8.264302596217021e-05
0.0001076602638931945,7.44808858144097e-05,-0.00048602905008010566,0.00024343963013961908,7.717517291894184e-05
9.431024955119938e-05,5.7014527556020766e-05,-0.00047728634672239423,0.0002351821749471128,8.202579920180142e-05
0.00010797767026815563,6.584624497918412e-05,-0.0004734861722681672,0.00025496518355794246,8.724891085876152e-05
0.00010810051026055588,7.645529694855212e-05,-0.00048295065062120557,0.00024534884141758084,8.824447286315262e-05
0.00010756602569017559,7.008529792074114e-05,-0.0004929210990667343,0.00023831427097320562,7.1647074946668e-05
0.0001062637020368129,7.51259212847799e-05,-0.0004908732953481376,0.00024438663967885077,7.001524500083177e-05
9.996355220209809e-05,7.534478936577216e-05,-0.0004782877222169191,0.0002498107496649027,0.00010003621719079092
0.00012541330943349752,9.62225894909352e-05,-0.0004724006575997919,0.0002498017565812916,8.202097524190323e-05
0.00012402585707604882,8.314406295539811e-05,-0.0004812064580619335,0.00024408256285823882,7.325674960156903e-05
0.0001000366173684597,5.9399942983873195e-05,-0.00047521427040919656,0.0002417660434730351,7.833929703338073e-05
9.931193926604465e-05,5.4363950766855844e-05,-0.0004792607796844095,0.00023321334447246045,8.58277635416016e-05
0.00010808892693603411,7.13042463758029e-05,-0.00048381602391600614,0.00023409262939821934,6.46706175757572e-05
0.00011619485303526743,7.51090847188607e-05,-0.0004877390747424215,0.0002493256179150194,7.222671411000192e-05
0.0001045828830683604,7.55294895498082e-05,-0.0004798196023330093,0.0002442421391606331,7.309833745239303e-05
9.667636186350136e-05,5.014494672650471e-05,-0.0004831652040593326,0.00023174549278337508,7.360513700405136e-05
0.00010305389150744304,8.147948392434046e-05,-0.0004914171877317131,0.0002447584993205965,9.080018935492262e-05
0.0001182810665341094,8.947045716922729e-05,-0.0004916581674478948,0.0002637837314978242,8.155750401783736e-05
0.00012480278383009136,9.427015902474524e-05,-0.000491198617964983,0.0002521037240512669,7.562476821476594e-05
0.00012633822916541249,7.626119622727856e-05,-0.0004763863980770111,0.00024078227579593658,8.474958303850144e-05
0.00011708921374520288,7.395155262202024e-05,-0.00047969771549105644,0.00024545370251871645,7.455126615241171e-05
0.00010965839464915915,7.321508746827021e-05,-0.00047778539010323584,0.00024281698279082772,6.964070780668408e-05
8.915462967706844e-05,6.249078433029354e-05,-0.0004895748570561409,0.00023563939612358809,6.533433042932302e-05
0.00010760805162135512,8.224074554163963e-05,-0.00047258118866011506,0.0002479517424944788,8.743564831092954e-05
0.00011793600424425676,7.473914592992513e-05,-0.00046599970664829016,0.00024275381292682138,7.11748652975075e-05
0.0001079387729987502,7.026034290902317e-05,-0.0004944226238876581,0.0002377899072598666,7.208433089544998e-05
0.00012103190238121897,8.301158959511667e-05,-0.0004927041591145097,0.0002502351417206228,7.160670065786691e-05
0.00010251456842524932,6.026129631209187e-05,-0.0005019168020226061,0.0002140368305845186,4.4421471102396026e-05
0.0001242846337845549,8.827925921650603e-05,-0.00046717733494006103,0.0002683521306607872,0.0001213920404552482
0.00014760237536393106,6.186814425745979e-05,-0.000476579909445718,0.000254262296948582,6.138054595794529e-05
0.00016407905786763877,7.046476093819365e-05,-0.00041781456093303865,0.000286299764411524,0.00014161484432406723
0.00010512170410947874,7.562938844785094e-05,-0.0004966268315911293,0.0002435577480355278,8.124527812469749e-05
0.00015755837375763804,6.899283471284434e-05,-0.00047058612108230585,0.00022969393467064947,9.411381324753164e-05
0.00012309984595049173,7.678606925765052e-05,-0.0004384058120194823,0.00026522498228587205,0.00012599959154613316
9.339354437543079e-05,7.00321834301576e-05,-0.0004546139389276505,0.0002582486777100712,9.033559763338415e-05
0.00010494365415070206,8.818376954877749e-05,-0.00048655591672286386,0.0002499907277524472,7.536426710430534e-05
0.00011081867705797775,8.195100963348523e-05,-0.0004800268507096917,0.0002484242431819439,8.22883885120973e-05
0.0001232950744451955,8.099665137706324e-05,-0.00045896778465248644,0.0002562686859164387,0.00010021669004345313
0.00011691858526319265,6.472925451816991e-05,-0.0004651907947845757,0.00025214217021130025,0.00010950928117381407
0.00011785503738792612,9.640599455451591e-05,-0.0004714639217127114,0.0002515925152692944,8.076054655248299e-05
0.00010290450154570864,8.692621486261487e-05,-0.00047927224659360945,0.0002500357513781637,7.499726052628829e-05
0.00010604660201352091,7.755124534014612e-05,-0.00047011440619826317,0.0002445149584673345,9.485381451668218e-05
0.00010962582018692046,6.419671262847261e-05,-0.0004853126883972437,0.0002284712390974164,6.841823778813705e-05
0.00012358710227999836,8.03725270088762e-05,-0.0004733440291602165,0.0002471237676218152,0.00010697351535782218
0.00010314428072888404,5.9026770031778135e-05,-0.00046940019819885487,0.00023419868375640365,8.219780283980072e-05
9.852368384599686e-05,7.556644413853064e-05,-0.0004725410544779152,0.0002493129868526012,7.728371565463021e-05
0.0001227707543876022,7.218754763016477e-05,-0.0004696338146459312,0.00024911979562602937,9.747649164637552e-05
0.00010329172800993548,7.178098894655704e-05,-0.00046543829375877976,0.00023864599643275142,8.606457413407044e-05
0.00011410777369746938,8.035694190766662e-05,-0.00047805899521335965,0.00024239225604105743,7.37651062081568e-05
0.00013705017045140266,8.513005741406232e-05,-0.00047678689588792617,0.0002481403644196689,9.745966963237152e-05
0.00010135521006304772,7.317374547710642e-05,-0.00048612276441417634,0.00024761256645433605,6.712298636557534e-05
0.00010766115156002344,7.334477413678543e-05,-0.00047888208064250653,0.00024581441539339716,7.676722452742979e-05
0.00011042047844966875,7.001890480751172e-05,-0.00048010281170718366,0.0002355937467655167,8.454540511593223e-05
0.0001128437070292421,6.124608626123518e-05,-0.0004675737873185426,0.00024388667952734974,9.069734369404614e-05
0.00011118747352156787,7.994830230018124e-05,-0.00047063312376849353,0.0002513773215468973,8.888625598046929e-05
0.00011374182940926404,7.890682172728702e-05,-0.00048564866301603615,0.00023493143089581278,7.561088568763807e-05
9.804674482438712e-05,7.425463263643907e-05,-0.0004932940355502068,0.00023828743724152446,6.571490666829051e-05
0.00010060891509056093,7.235504745040089e-05,-0.0004819976747967303,0.00023820668866392222,7.124753028620034e-05
0.000102766185591463,6.561051122844219e-05,-0.00047810343676246697,0.00023614241217728707,7.351388921961188e-05
0.00010791829117806628,5.834722469444386e-05,-0.0004486789111979307,0.00024183451023418456,8.41681321617216e-05
0.00012646593677345663,6.609535921597853e-05,-0.00047489328426308935,0.00022839692246634516,7.015439769020304e-05
0.00010468832624610512,6.65551851852797e-05,-0.000482649658806622,0.00022904410434421152,7.453605940099806e-05
0.00011331702262395992,7.625173020642251e-05,-0.00048030223115347326,0.00023987915483303368,7.311912486329675e-05
0.00010479975026100874,7.391216786345467e-05,-0.000481704919366166,0.00023241234885063022,6.701609527226537e-05
0.00013991762534715238,0.00010070323332911356,-0.0004860666813328862,0.0002594856487121433,0.00010236986418021844
0.00015253748279064894,0.00011419066868256778,-0.0004774928675033152,0.00024297260097227988,5.3228755859890946e-05
0.00010223665594821796,6.561547343153507e-05,-0.0004724082828033716,0.00023629887436982247,8.271450496977195e-05
0.00011295165313640611,7.022425415925683e-05,-0.0004746362683363259,0.0002546216419432312,7.443375216098502e-05
0.00011306925443932414,7.477747567463666e-05,-0.00047579177771694964,0.0002517261600587517,9.274721378460526e-05
9.885604231385514e-05,7.089546852512285e-05,-0.00047439039917662734,0.00024539211881347,7.341548189288005e-05
9.737094660522416e-05,6.660836515948176e-05,-0.00047256349353119726,0.00023296230938285592,6.577219028258696e-05
0.00011592661030590534,6.911548553034663e-05,-0.0004733032255899161,0.00025427286163903773,9.825850429479031e-05
0.00011146733595523985,7.511518924729899e-05,-0.00046073834528215235,0.000237871237914078,7.434561848640442e-05
0.00011436707427492364,8.048847666941583e-05,-0.0004670536727644503,0.00024501263396814466,8.420335507253185e-05
9.739068627823144e-05,7.03433106536977e-05,-0.00047795296995900566,0.0002380204387009144,7.008813554421067e-05
0.00012425713066477329,9.102427429752424e-05,-0.00047944369725883007,0.000258706189924851,8.908963354770094e-05
0.00013331657100934535,7.518152415286751e-05,-0.00047430250560864806,0.000248224736424163,8.006782445590943e-05
9.765832510311157e-05,9.104279888560995e-05,-0.0004889009869657457,0.00024366076104342935,6.869422213640064e-05
0.00011547071335371585,8.526483725290744e-05,-0.00048375406186096365,0.00024199321342166513,7.766113412799314e-05
0.00011785467359004541,5.677318767993711e-05,-0.0004824719508178532,0.00023116520605981347,7.168647425714879e-05
0.00011083020217483865,7.657709647901356e-05,-0.0004740307340398432,0.0002356432378292084,7.143378752516583e-05
0.000122040968562942,9.704322292236613e-05,-0.0004680925630964339,0.00024481781292706733,6.509785453090444e-05
0.00012057385902153328,3.9650502003496506e-05,-0.0004504447570070624,0.00022033376444596803,6.12086514593102e-05
0.0001336066925432533,-2.2409012672142126e-05,-0.0005265893996693193,0.0001780128659447655,5.3151507017901174e-05
0.00012255605543032289,-2.538574881327804e-05,-0.0005094860098324716,0.0001856535382103175,6.326320726657286e-05
0.0001087046548491344,-3.438660496613011e-05,-0.0005143561866134405,0.0001665473828325048,4.0476836147718125e-05
0.0001221675629494712,-3.086335345869884e-05,-0.0005261468468233943,0.0001739629660733044,3.9222828490892425e-05
0.00012883200543001294,-2.7287727789371274e-05,-0.0005029278108850121,0.00020501638937275857,0.00010060413478640841
0.00013888916873838753,-1.509770027041668e-05,-0.0005130236968398094,0.0002056190278381109,9.087008947972208e-05
0.00011208877549506724,-3.0447448807535686e-05,-0.000525187118910253,0.00017191105871461332,3.837367330561392e-05
0.00012568669626489282,-2.352543015149422e-05,-0.0005251116817817092,0.0001805759675335139,5.4806889238534495e-05
0.0001368959347018972,-2.398267861281056e-05,-0.0005107171600684524,0.00018047260527964681,5.121761932969093e-05
0.0001297985581913963,-2.1765144992969e-05,-0.0005114877130836248,0.00018957140855491159,5.789428541902453e-05
0.00012356344086583704,-2.3453774701920335e-05,-0.0005189322400838137,0.00018449129129294303,5.7026198192033923e-05
0.00011208083014935256,-2.291081545990892e-05,-0.0005194658879190683,0.00018974175327457488,5.876237264601514e-05
0.00013299350393936038,-1.471916402806528e-05,-0.000512641214299947,0.00019537565822247416,7.056154572637752e-05
0.0001344755874015391,-1.4104655747360086e-05,-0.0004770212108269334,0.00019157587666995826,5.8601923228707165e-05
0.0001312860258622095,-7.201034350146074e-06,-0.0005080210394226015,0.00018363278650213038,6.804724398534745e-05
0.00011178575368830936,-3.0646915547549725e-05,-0.000513656297698617,0.0001864657097030431,4.740807344205678e-05
0.00013057701289653778,-2.2117663320386786e-05,-0.0005193529650568962,0.00018648050900083038,6.481414311565459e-05
0.00011526609887368977,-4.790603998117149e-05,-0.0004903055378235877,0.00018650291895028204,7.311308581847696e-05
0.0001201575287268497,-3.8515299820574e-05,-0.0005135505343787372,0.00018278491916134956,5.13560080435127e-05
0.00012390427582431585,-6.4266323533956884e-06,-0.0005211199168115853,0.00020797815523110333,4.885937960352749e-05
0.00012415079982019958,8.782249642536044e-05,-0.00044942725799046457,0.0002524223818909377,8.443892147624865e-05
0.00013437384041026235,8.670858369441703e-05,-0.0004537812783382833,0.0002669445821084082,0.00011090578482253477
0.00010357151040807366,6.867647607577965e-05,-0.0004583252593874932,0.00023368655820377168,6.115573341958225e-05
0.00011636607814580202,7.788608490955086e-05,-0.00047685817116871487,0.00024401377595495435,7.445469964295626e-05
0.00010576963541097939,7.385217759292573e-05,-0.00047519485815428203,0.0002364390384173021,7.258300320245326e-05
0.00010681389539968221,7.817704317858444e-05,-0.0004722593002952635,0.00024211191339418287,7.249533518915996e-05
0.00010378775914432481,7.360693416558206e-05,-0.00047530923620797694,0.00024348702572751793,7.874498260207474e-05
0.00011441227252362295,6.29232672508806e-05,-0.00048478017561137676,0.00022822072787676007,6.033770841895602e-05
0.00014253823610488325,-2.1392670532804917e-05,-0.0004897474427707493,0.00021674679010175169,9.554642747389151e-05
0.00017051557369995862,-1.4082635061640756e-05,-0.0005173449171707034,0.0001999807427637279,8.126153261400759e-05
0.00013679607945960018,-1.8000873751589097e-05,-0.0005124355666339396,0.00018954726692754773,7.659753464395179e-05
0.00010620575631037353,-3.325329453218728e-05,-0.0005063812714070082,0.0001699352142168209,5.858591248397715e-05
0.0001085535404854454,-4.9481768655823544e-05,-0.0005106266471557318,0.00017774100706446916,5.6644661526661366e-05
0.0001243539445567876,-4.2485637095524e-05,-0.0005206797504797578,0.00018448854098096493,5.068217433290556e-05
0.00012165072985226288,-3.4009186492767185e-05,-0.0005210927920415998,0.0001815917494241148,5.2915667765773826e-05
0.00012319383677095175,-3.07252375932876e-05,-0.000527466821949929,0.00017703625780995935,4.558347791316919e-05
0.0001156542930402793,-2.6656851332518272e-05,-0.0005062397685833275,0.0001933894673129544,7.244254811666906e-05
0.0001265335304196924,-2.958345612569246e-05,-0.0005086996825411916,0.000187687503057532,7.900383934611455e-05
0.00012691835581790656,-2.5715216906974092e-05,-0.0005150418146513402,0.00019293987134005877,5.695599611499347e-05
0.0001230409980053082,-2.617276368255261e-05,-0.0005130425561219454,0.0001849601831054315,5.194428740651347e-05
0.0001068541969289072,-3.3099146094173186e-05,-0.0005296880844980478,0.00016743333253543824,2.9736354917986322e-05
0.0001253858354175463,-4.011914643342607e-05,-0.0005114912055432795,0.000186563323950395,6.597875471925363e-05
0.00010653534991433844,-5.1612139941426e-05,-0.0005144660826772451,0.00017426542763132602,4.926774272462353e-05
0.00010857305460376664,-4.218811955070123e-05,-0.0005201718304306269,0.0001574255438754335,3.886227204930037e-05
0.00012863060692325234,-4.817808803636581e-05,-0.0005071524647064507,0.00019408825028222052,7.000792538747191e-05
0.00013156022760085762,-3.188848859281279e-05,-0.0005187466740608215,0.0001741592859616503,5.265604340820573e-05
0.00013603389379568398,-3.888394712703303e-05,-0.0005100638954900205,0.00018417030514683572,6.146797386463732e-05
0.00012000020069535823,-4.197226371616125e-05,-0.0004949660506099463,0.0001854045840445906,6.84794649714604e-05
0.00012190692359581592,-3.699826993397437e-05,-0.000516828615218401,0.00018113658006768676,5.6712804507696994e-05
0.0001257240364793688,-2.5854529667412866e-05,-0.0005276853335089982,0.00017575202218722552,4.1442162910243496e-05
0.0001284725876757875,-3.608745464589447e-05,-0.0005125207826495171,0.000182704912731424,6.259793008212e-05
0.00012772063200827688,-2.940332160505932e-05,-0.0005088013713248074,0.0001886583777377382,6.77334246574901e-05
0.0001275238610105589,-4.847952368436381e-05,-0.0005131756188347937,0.000189573664101772,5.8480884035816416e-05
0.00012295377382542938,-3.701204332173802e-05,-0.000512105762027204,0.0001859204203356057,6.812745414208621e-05
0.0001267074840143323,-4.103415631107055e-05,-0.0005113594816066325,0.00018631415150593966,4.588187584886328e-05
0.00011233793338760735,-5.323969162418507e-05,-0.0005194420809857547,0.00016654860519338402,5.320630589267239e-05
0.000126704151625745,-3.943894262192771e-05,-0.000518410059157759,0.00017665393534116447,6.0959067923249684e-05
0.0001235303498106077,-3.682397436932661e-05,-0.0005313458386808634,0.00017530350305605682,5.1459086535032845e-05
0.00012378269457258284,-3.106780059169978e-05,-0.000522721151355654,0.0001789993402780965,6.777900125598535e-05
0.00011786538379965349,7.059890776872635e-05,-0.00047757124411873514,0.00023648813657928258,7.886470120865852e-05
0.0001349018857581541,8.141047874232754e-05,-0.000488903431687504,0.0002342013322049752,7.155670027714223e-05
0.0001092672609956935,7.287791959242895e-05,-0.0004802488547284156,0.0002485211007297039,7.899543561507016e-05
0.00012652730219997466,8.400297519983724e-05,-0.00043809329508803785,0.0002552037476561964,8.37137849885039e-05
0.0001117787105613388,6.999703327892347e-05,-0.00047835754230618477,0.00023610501375515009,8.65123001858592e-05
0.0001030884959618561,7.810714305378497e-05,-0.00048449516179971397,0.0002422875550109893,6.972047413000837e-05
0.00012642369256354868,7.601591642014681e-05,-0.0004719740245491267,0.0002490737533662468,8.402834646403791e-05
0.00012355748913250864,8.349726704182103e-05,-0.0004795627610292285,0.00025247756275348365,8.526442979928106e-05
0.00010406508226878941,5.8433142839930945e-05,-0.00047859470942057664,0.00023559649707749486,6.866299372632055e-05
0.0001240821002284065,7.270214700838551e-05,-0.0004779672308359295,0.0002477382950019092,8.59267747728154e-05
0.00011635236296569929,8.600802539149299e-05,-0.00048014082130976016,0.00025118616758845747,8.212168904719874e-05
0.00010098640632349998,8.041531691560523e-05,-0.00047940929653123016,0.000251146120717749,7.669499609619379e-05
0.00010625307913869621,6.760658288840204e-05,-0.00048150183283723885,0.00022773774981033057,7.877693133195862e-05
0.00010052970901597293,7.454379374394193e-05,-0.0004882835200987756,0.00024267283151857555,7.092791929608211e-05
0.00010337752610212192,7.760374865029007e-05,-0.00048803823301568633,0.0002417780488030985,7.290778012247756e-05
0.00012192603026051074,8.842584793455899e-05,-0.00047867753892205656,0.00025655480567365885,8.17965919850394e-05
0.00010891720012295993,8.831764716887847e-05,-0.0004774312546942383,0.00024931391817517584,7.110185833880678e-05
9.96212547761388e-05,6.765680882381274e-05,-0.00047327848733402783,0.00023960039834491909,7.175016071414575e-05
0.00011873179028043523,8.733362483326347e-05,-0.00043966766679659486,0.0002489181060809642,7.9742370871827e-05
0.00015431924839504066,8.094336953945458e-05,-0.0005068073514848949,0.0002225540520157665,7.442868081852794e-05
0.0001244127779500559,8.807923586573452e-05,-0.0004789956728927791,0.00026136267115361994,0.00011113152868347241
0.00012110027455491944,8.598758722655475e-05,-0.0004671547212637961,0.00025736409588716924,0.00010360952728660776
0.00010937794286292046,8.514797809766605e-05,-0.0004730672808364033,0.0002585185575298965,9.661733929533511e-05
0.00011420669034123421,8.638144208816811e-05,-0.00045858215889893467,0.0002633458934724331,0.00010730104258982465
0.00012916760169900954,7.901218486949801e-05,-0.00045025435974821443,0.00024945352924987674,0.0001081306327250786
0.00011205873306607828,8.797235932433978e-05,-0.0004541662055999041,0.0002537271357141435,9.966878860723227e-05
9.944936755346134e-05,7.662105053896084e-05,-0.00047639090917073185,0.00023768036044202745,8.218095172196627e-05
0.00011365700629539788,6.552891863975674e-05,-0.00048024498391896486,0.00024449400370940566,7.924353121779859e-05
0.00010650273179635407,7.077063492033629e-05,-0.00047509846626780927,0.0002376484189881012,7.845317304600029e-05
9.494095866102725e-05,7.364949124166742e-05,-0.0004781649040523917,0.00023241013695951548,6.734261842211708e-05
0.00011725512740667911,6.733200279995799e-05,-0.0004653688229154795,0.00024264771491289142,9.913059329846874e-05
0.00010836606816155836,7.256449316628277e-05,-0.0004746687482111156,0.00024112309620250014,9.056657290784642e-05
0.00010273575753672048,7.604856364196166e-05,-0.0004691145441029222,0.00024828442838042974,8.156673720804974e-05
0.00010794558329507707,8.454995258944109e-05,-0.0004780797462444753,0.00023307881201617417,7.914674642961472e-05
0.0001031837091431953,6.0125508753117174e-05,-0.00048149161739274865,0.00023134532966651025,8.701771730557084e-05
0.00013179013330955058,8.531487401342021e-05,-0.0004572905309032648,0.000248786440351978,0.00010039877815870568
0.00010755183757282794,7.534974429290742e-05,-0.00045939377741888165,0.00024446070892736316,8.424228144576773e-05
0.00010408075468149036,6.341720290947707e-05,-0.00047414522850886,0.0002412592002656311,8.403237006859854e-05
0.00011172510130563752,7.351324165938422e-05,-0.00048274148139171297,0.00024163931084331122,7.066365651553497e-05
0.00011095993249909951,6.868195487186314e-05,-0.00048502607387490565,0.00023374710872303692,6.448003114201128e-05
0.00010114905308000743,7.504583481932059e-05,-0.00047242554137483245,0.00024060090072453022,7.943619129946455e-05
0.00010332112287869677,5.615844929707237e-05,-0.0004631048650480807,0.00023791809508111328,8.324328518938273e-05
0.00012287966092117128,7.858432218199596e-05,-0.00047761082532815646,0.00024878623662516475,9.073012188309804e-05
0.00011489856842672451,8.744210936129093e-05,-0.0004706204636022449,0.0002469200117047876,8.433728362433612e-05
0.00010861820919672027,7.887687388574705e-05,-0.00047502489178441465,0.0002357138873776421,7.805446512065828e-05
0.00010556792403804138,7.242957508424297e-05,-0.0004781330062542111,0.00025577787891961634,8.989893831312656e-05
0.00011981650459347293,5.9061600040877245e-05,-0.00046926637878641486,0.00023368759138975287,7.672993524465709e-05
0.00010837207082659006,6.986769585637376e-05,-0.0004751113301608712,0.00023566656454931945,6.35047399555333e-05
0.0001360134192509577,9.075788693735376e-05,-0.0004913063603453338,0.0002385639090789482,7.575325435027479e-05
0.00012209943088237193,6.79663717164658e-05,-0.00047161930706352,0.00024203189241234213,7.169281889218837e-05
0.00011494606587802993,7.224837463581935e-05,-0.0004809203674085438,0.000239302491536364,7.512127922382206e-05
0.0001115654013119638,8.665339555591345e-05,-0.0004572788311634213,0.00025941056082956493,0.00010775343253044412
0.00011984182492597029,8.203757170122117e-05,-0.0004491574363783002,0.0002592548553366214,9.270936425309628e-05
9.568224049871789e-05,6.118712190072984e-05,-0.0004588919691741467,0.00024668933474458754,8.874301420291886e-05
0.00012229119602125138,6.848096381872892e-05,-0.0004635693039745093,0.00023025764676276597,7.803715561749414e-05
0.00012555753346532583,8.435407653450966e-05,-0.0004719379940070212,0.0002355415053898469,7.985401316545905e-05
0.00013822484470438212,0.0001016300084302202,-0.0004607622686307877,0.0002523776201996953,8.819562208373101e-05
0.00013557035708799958,8.217592403525487e-05,-0.00047488202108070254,0.00023002813395578414,6.935434066690506e-05
0.00010237557580694556,7.555858610430732e-05,-0.0004737425188068301,0.00024818858946673567,6.844195740995929e-05
0.00011350740533089265,6.344339635688813e-05,-0.0004752933164127171,0.00023553792561870068,7.940841169329359e-05
0.0001200786718982272,8.255326974904165e-05,-0.00047761460882611573,0.00024568423395976424,8.558422268833965e-05
0.00011101129348389804,6.174247391754761e-05,-0.00046710192691534763,0.0002444782003294676,9.467148629482836e-05
0.00011063518468290569,6.865056639071554e-05,-0.00047758480650372803,0.00022624830307904628,6.538816523971036e-05
0.00013477428001351655,7.662198186153546e-05,-0.0004707155749201775,0.00024943723110482097,0.00010113081225426868
0.00011549137707334012,0.00010802206816151738,-0.000463280885014683,0.0002598078281152993,8.983165753306821e-05
0.00010017426393460482,5.886182771064341e-05,-0.00047114148037508135,0.00024314569600392133,6.619873602176085e-05
0.00010844741336768493,6.742709229001775e-05,-0.00047444098163396125,0.00023922784021124244,6.688133726129308e-05
0.0001011357962852344,5.5163105571409694e-05,-0.0004783164185937494,0.00022668235760647804,6.876626139273867e-05
0.00011010662274202332,6.703491817461327e-05,-0.00048528553452342754,0.00023292825790122154,6.841429421911016e-05
0.00011845646804431452,8.473556226817891e-05,-0.0004733379173558205,0.00024273982853628692,9.057723218575121e-05
0.0001256518007721752,8.1824699009303e-05,-0.00047632952919229865,0.00024448963813483715,8.454824273940176e-05
0.00012048907956341282,8.5036524978932e-05,-0.00046890811063349247,0.0002313596196472645,6.61939411656931e-05
0.00012243849050719288,8.6202759121079e-05,-0.000474568543722853,0.0002419625088805333,7.499712228309363e-05
0.00010294096864527093,7.36946240067482e-05,-0.00046725739957764745,0.0002524217125028372,9.413777297595516e-05
0.00011353717127349229,6.408763147192076e-05,-0.0004544725525192917,0.0002531476202420891,0.00011000062659149991
0.0001207686509587802,9.824671724345536e-05,-0.0004651789495255798,0.00025225695571862156,7.137930515455082e-05
0.00011157909466419368,7.39102324587293e-05,-0.0004762540920637548,0.00024193762510549282,8.25828465167433e-05
0.00010243400902254508,7.96613676357083e-05,-0.0004860765766352415,0.00024071520601864901,7.79861438786611e-05
0.00010238192044198512,8.288447861559689e-05,-0.0004748585633933544,0.00023514422355219722,7.08148509147577e-05
0.0001374948624288663,7.36611254978925e-05,-0.0004709141212515533,0.0002471434127073735,8.654147677589208e-05
9.966910147340968e-05,7.653147622477263e-05,-0.00046562164789065724,0.00023171804787125438,7.682119758101179e-05
0.00011137880937894808,8.438400982413441e-05,-0.0004834235296584666,0.0002548696647863835,8.244026685133575e-05
0.00010729883797466756,7.307909254450351e-05,-0.0004947251291014254,0.00023058512306306508,6.251910235732794e-05
0.00011162873852299526,8.238546433858573e-05,-0.00048049099859781563,0.00024752216995693743,7.435934094246477e-05
0.00010197584924753757,6.956805736990646e-05,-0.0004860978515353054,0.0002333084703423083,6.676602060906589e-05
9.940878226188944e-05,5.051435437053442e-05,-0.0004844701034016907,0.00022473346325568852,6.78105279803276e-05
9.721855167299508e-05,6.390635826392099e-05,-0.00047199122491292655,0.00023186225735116747,7.525377441197634e-05
0.00011063500278396533,8.320221968460828e-05,-0.00046706179273314763,0.0002497149398550391,7.948642451083289e-05
0.00013607446453534067,9.87747189356014e-05,-0.00046720061800442636,0.00025390068185515696,9.381260315421967e-05
0.00015302002429962158,8.884124690666795e-05,-0.00046753464266657835,0.00024186275550164282,8.660322782816365e-05
0.00011871426249854268,7.156492938520387e-05,-0.0004828463133890182,0.00022839523444417867,8.314139267895371e-05
0.00010152017785003409,7.02358374837786e-05,-0.00046829719212837517,0.00024960763403214514,6.940173625480385e-05
0.00011389562860131265,8.916349906940013e-05,-0.0004703010781668127,0.0002597156271804124,9.164197399513796e-05
0.00011771066056098789,7.095122418832034e-05,-0.0004850188852287829,0.00022741715656593442,6.212636799318716e-05
0.0001103365357266739,6.458797724917531e-05,-0.0004800152673851698,0.0002371332229813561,7.656120578758419e-05
0.00014178536366671324,8.144778257701546e-05,-0.0004712316731456667,0.00024059350835159418,8.4759209130425e-05
0.00012995043653063476,8.092345524346456e-05,-0.00046983122592791926,0.000246313022216782,8.086785237537697e-05
9.775225043995306e-05,8.506590529577807e-05,-0.0004653194628190249,0.00025086355162784457,8.311193232657388e-05
0.00011471112520666792,8.315868763020262e-05,-0.00046712008770555263,0.000253254926064983,9.532226977171376e-05
0.00011210195225430652,8.741691272007301e-05,-0.00047196584637276834,0.0002419963711872697,6.881674926262349e-05
0.00012122714542783797,6.803018186474219e-05,-0.0004829127283301205,0.00022404204355552798,7.013903086772189e-05
0.00012310811143834144,5.655652421410196e-05,-0.0004671472706831992,0.00023748280364088717,7.26512516848743e-05
0.00012621958740055558,7.480099884560332e-05,-0.0004667696193791926,0.0002540099376346916,9.71260160440579e-05
0.00012515597336459905,7.667598401894793e-05,-0.000470643484732136,0.00024804018903523684,9.068900544662027e-05
0.00011132242070743814,7.072106382111086e-05,-0.0004907486145384611,0.00023111629707273096,6.397010292857884e-05
0.00011118117981823159,6.264329567784443e-05,-0.00047661282587796444,0.0002315957244718448,6.960300379432738e-05
0.0001123689507949166,7.708733028266579e-05,-0.0004850880068261176,0.00023806966783013198,6.564016075571999e-05
0.00014074375212658197,9.256708290195091e-05,-0.0004834586579818279,0.00024008334730751807,7.376482972176746e-05
0.00013169285375624895,8.992360380943865e-05,-0.0004621488624252379,0.00023933970078360292,8.054439967963845e-05
0.00010290503269061446,6.579670298378915e-05,-0.0004908014670945704,0.0002283393550897017,6.341041444102302e-05
0.00010982869571307674,6.250802834983915e-05,-0.0004738820134662092,0.000234255610848777,8.09459961601533e-05
0.00010174591443501413,6.77081843605265e-05,-0.0004756459966301918,0.00023615403915755448,8.118375990306959e-05
0.0001103472604881972,7.092809391906485e-05,-0.00048484420403838163,0.00024143562768585983,7.917764742160216e-05
0.0001033806474879384,7.236607052618638e-05,-0.00046919079613871867,0.00026095178327523166,8.670242095831782e-05
0.0001018726106849499,5.878617230337113e-05,-0.0004644818254746497,0.0002442134427838028,0.0001002023709588684
0.00014160010323394093,0.00011024306877516209,-0.00047809674288146203,0.00024747688439674675,7.341074524447322e-05
0.00011445752897998318,7.518333586631343e-05,-0.00045852229231968517,0.00023397919721901417,6.706668500555679e-05
0.00011143324809381738,9.036374103743584e-05,-0.00047286076005548244,0.0002507678000256419,8.381424413528293e-05
0.0001064397147274576,6.991474219830707e-05,-0.00047447931137867266,0.0002316325408173725,7.959183858474717e-05
0.00011036000796593726,8.159105345839635e-05,-0.00047915495815686887,0.0002482919953763485,7.279188139364123e-05
0.00010368329822085798,8.670050010550767e-05,-0.0004857568128500134,0.00024150672834366557,6.703528197249398e-05
0.00011476186773506923,9.790486365091056e-05,-0.00047820893814787263,0.0002587069175206125,7.529457798227668e-05
0.00011965805606450887,8.631850505480543e-05,-0.0004903116496279836,0.00024676817702129483,8.336543396580964e-05
0.00010854454740183428,8.533515938324854e-05,-0.00046196061884984363,0.0002407098218100145,7.699713751208037e-05
0.0001035712193697691,7.85057054599747e-05,-0.0004906915710307658,0.00023192043590825048,5.5496660934295505e-05
0.00011111154162790625,8.535935921827331e-05,-0.00046228070277720684,0.0002491563209332526,8.401402010349557e-05
0.00010091638978337868,8.24398230179213e-05,-0.00048500634147785593,0.000245898641878739,6.759539246559143e-05
0.0001106025738408789,7.436837768182158e-05,-0.0004713724774774164,0.000245921895839274,8.539159171050414e-05
0.00013485054660122842,8.895262726582587e-05,-0.0004803418414667249,0.0002400671073701233,6.995567673584446e-05
0.00013166580174583942,9.543659689370544e-05,-0.0004854998551309108,0.00025210296735167503,8.53914680192247e-05
0.00011694292334141208,8.294467988889664e-05,-0.00048227651859633625,0.00024611398112028837,6.537179433507845e-05
0.00011853749310830608,8.672520925756544e-05,-0.0004778575093951076,0.0002470269682817161,9.091445826925336e-05
0.00010923575609922409,6.75863921060227e-05,-0.0004228086327202618,0.0002293256111443043,5.963594958302565e-05
0.00011827985144918784,8.081543637672439e-05,-0.00045813104952685535,0.0002452896151226014,9.691950253909454e-05
0.00011843565880553797,6.246698467293754e-05,-0.00046474751434288914,0.0002466292935423553,9.928476356435567e-05
0.00010599259985610844,6.792612111894414e-05,-0.00046855883556418115,0.00024135867715813217,9.344185673398897e-05
0.00011126838944619519,7.629948231624441e-05,-0.00046891998499631887,0.00024435127852484584,8.454111230093986e-05
0.00011693323176586999,7.315751281566918e-05,-0.0004856091691181064,0.0002376952907070517,7.634816574864091e-05
0.0001226955937454477,7.656241359654814e-05,-0.00047590801841579383,0.000229356563067995,6.846086034784093e-05
0.00010767287312773988,9.12732066353783e-05,-0.00046944001223891973,0.00025947767426259816,9.352737106382848e-05
0.00011728897516150028,6.43051680526696e-05,-0.0002441846008878201,0.0002751176070887596,0.00018587337399367243
0.00014633129467256367,0.00010392007970949636,-0.00023334912839345634,0.0002689735556486994,0.00018801203987095502
0.0001533241884317249,0.00013734727690462023,-0.0005411472520790994,0.0002418119402136654,7.30169122107327e-05
0.0001308185019297525,0.00011080403055530039,-0.0005123793962411582,0.00023454148322343824,5.492630225489848e-05
0.00011272192205069588,8.61651060404256e-05,-0.0004955428303219378,0.00023607445473317057,6.564299837918951e-05
0.00012017945118714124,6.495833804365246e-05,-0.0004684500454459339,0.0002368996210861951,7.78499961597845e-05
0.00012668993440456686,9.180841880152002e-05,-0.00047514188918285066,0.0002512111095711589,6.902224413352087e-05
0.00010529042629059404,7.327817002078518e-05,-0.0004819352470804006,0.000234611114137806,6.934724660823123e-05
0.00012558985326904804,7.482874934794381e-05,-0.00047050660941749817,0.000242647307459265,8.383579552173615e-05
0.00012745731510221958,6.761691474821419e-05,-0.0004603952693287283,0.00024733380996622145,9.731897443998604e-05
9.734635386848822e-05,6.43386083538644e-05,-0.00046184461098164315,0.0002434796333545819,8.087395690381527e-05
0.00013436881999950856,8.093177166301757e-05,-0.0004833898274227977,0.00023494649212807417,9.087552462005988e-05
0.00011578341218410058,7.446179370163009e-05,-0.00045353354653343564,0.0002497851965017617,8.895143400877714e-05
0.0001374019484501332,6.799100083298981e-05,-0.000446654885308817,0.00026026397245004773,0.00011012189497705546
0.00012183823855593799,6.549867975991219e-05,-0.00047921566874720156,0.00022464462381321934,7.161148096201941e-05
0.00010290603677276522,6.826912431279197e-05,-0.00048404038534499705,0.00023704649356659502,6.699973891954869e-05
0.00011770308628911152,7.489237032132223e-05,-0.0004722759476862848,0.0002429211308481172,8.604274626122788e-05
9.845791646512224e-05,6.794685032218695e-05,-0.00048244418576359743,0.00023518463422078642,6.826964090578258e-05
0.00011342192738084124,7.4020164902322e-05,-0.00045593403046950703,0.0002497138921171427,8.831347076920792e-05
0.0001172607153421268,8.997615077532828e-05,-0.00048251176485791797,0.0002511449565645308,7.475544407498091e-05
0.00011126767640234905,6.936510180821642e-05,-0.0004762425378430635,0.0002516699605621397,9.005796891869977e-05
0.00011538113903952761,6.679511716356501e-05,-0.00046618102351203566,0.00024371901236008853,9.489470539847388e-05
0.00013334500545170158,8.507719030603766e-05,-0.0004719457938335836,0.00025287203607149417,7.504824316129088e-05
0.00011571271170396358,7.499504863517359e-05,-0.000457827583886683,0.0002417870127828792,8.037881343625486e-05
0.00011143835581606255,6.520075839944185e-05,-0.0004628325114026666,0.00024412924540229144,7.573612674605101e-05
0.00011269253445789219,4.297587656765245e-05,-0.00046217898488976067,0.0002307702961843461,8.633642573840916e-05
0.00010236031084787099,7.167331932578236e-05,-0.0004599557723850012,0.00022653760970570147,7.267769979080185e-05
0.00011538183025550096,8.623861504020171e-05,-0.00047405331861227756,0.0002562074223533273,9.350283653475344e-05
9.464676259085536e-05,6.215809844434261e-05,-0.00047990307211875916,0.00022434322454500943,5.748226976720616e-05
0.00011106355668744072,6.759183452231811e-05,-0.0004775834095198661,0.00023099953250493852,7.471019489457831e-05
0.00011709635145962238,7.803942571626976e-05,-0.00048209904343821114,0.00023639779828954488,7.265124440891667e-05
0.00012556047295220196,8.452029578620568e-05,-0.0004692522925324738,0.000244595343247056,7.307086343644187e-05
0.00010437036689836532,6.407993350876495e-05,-0.00047468169941566885,0.00023220281582325697,7.505491521442309e-05
0.00011732662096619607,6.522896001115441e-05,-0.00046563037903979415,0.00024738771026022727,9.952425170922653e-05
0.00012531175161711872,7.53792264731601e-05,-0.00043762024142779415,0.0002427104191156104,8.99482547538355e-05
0.0001137791114160791,7.610058673890308e-05,-0.00045350997243076563,0.00024123412731569258,9.350321488454938e-05
0.00010947536065941676,6.565713556483388e-05,-0.00046503049088642,0.00023899503867141905,9.04855114640668e-05
0.00010415082215331496,6.536060391226783e-05,-0.00047178147360682493,0.00023214571410790089,8.518862159689888e-05
0.00010682182619348168,7.663535507163033e-05,-0.00047637641546316445,0.00024481207947246736,7.405715587083249e-05
0.00011732627899618821,8.854459883878008e-05,-0.00046963934437371785,0.00025817242567427456,7.96645472291857e-05
0.00011629655637079851,8.575819811085239e-05,-0.00047468734555877756,0.0002134428796125576,5.077875903225504e-05
0.0001389320386806503,9.739688539411873e-05,-0.0004179060342721641,0.0002970854984596372,0.00016563132521696391
0.00014510838082060218,7.254803495015949e-05,-0.00044562318362295633,0.0002800223301164806,0.00014681206084787846
0.00013829048839397726,7.449007534887642e-05,-0.00046186294639483083,0.00024627312086522585,0.00010020546324085444
0.00012258667265996334,7.830325921531768e-05,-0.00047860748600214714,0.00024533120449632406,6.762337579857558e-05
0.00010296589607605709,7.707213808316737e-05,-0.00046662567183375364,0.00024998688604682684,8.114446973195301e-05
0.00010514180030440912,8.017423533601686e-05,-0.00047842206549830735,0.00024681934155523777,6.489285442512481e-05
9.649555431678891e-05,7.687210745643824e-05,-0.00047379030729644006,0.0002461924741510302,6.998759636189789e-05
0.00010502088116481899,8.211324166040868e-05,-0.0004769601800944656,0.00025071483105421066,8.767093095229939e-05
0.00010594358900561927,7.213567732833326e-05,-0.00048475310904905195,0.00024331574968528003,7.90333651821129e-05
9.603150101611392e-05,6.851637590443714e-05,-0.0004755174741148949,0.00024001501151360566,7.22629265510477e-05
0.00010233472858089954,6.634518649661914e-05,-0.0004753090906888247,0.00023551529739052055,7.325221667997539e-05
0.00011104623263236135,7.383109186775981e-05,-0.00047439878107979894,0.0002490868791937828,8.742472709855065e-05
0.00014930292672943324,0.00012152363342465833,-0.00044943732791580265,0.0002495126391295344,8.537076791981235e-05
0.00010565725824562831,9.233273885911329e-05,-0.00039888964965939516,0.0002515236847102642,9.868969209492208e-05
0.00010401352483313532,6.522804324049503e-05,-0.000462721596704796,0.0002305589732713997,7.668319449294358e-05
0.0001124413174693473,8.559646084904671e-05,-0.00047096374328248203,0.000251811055932194,8.658245496917516e-05
0.00010996728815371169,6.493884575320408e-05,-0.0004665791348088533,0.00023675670672673727,7.498171180486679e-05
0.0001223251165356487,8.378839993383735e-05,-0.00047320657176896935,0.0002489904290996492,7.699693378526717e-05
0.00010290231875842437,7.0690963184461e-05,-0.0004415204166434705,0.0002525387390051037,9.182751819025724e-05
0.00010734771058196202,8.490364416502416e-05,-0.0004816426371689887,0.00025417155120521784,7.70608166931197e-05
0.000109364882519003,8.360735228052363e-05,-0.000462000141851604,0.00024950303486548364,7.744870526948944e-05
0.00011788916162913665,7.962475501699373e-05,-0.0004812748229596764,0.00023880871594883507,7.113979518180713e-05
0.00011555440141819416,7.54664433770813e-05,-0.00047015081509016443,0.0002408078144071624,7.787977665429935e-05
0.0001194411306641996,9.030733053805308e-05,-0.0004745683690998703,0.00024720182409510016,7.639901014044882e-05
0.00011926818115171045,9.376366506330668e-05,-0.0004532799648586661,0.00026313195121474564,9.345918806502597e-05
0.00010125487460754812,6.34741663816385e-05,-0.00045321814832277596,0.00024588036467321217,8.941064879763871e-05
0.00012399998377077281,7.785441994201392e-05,-0.0004851631529163568,0.0002314203011337668,7.292726513696833e-05
0.00010477349132997917,7.763555913697928e-05,-0.00047077288036234677,0.0002374549367232248,7.398806337732822e-05
0.00010465256491443142,7.003517384873702e-05,-0.0004613927158061415,0.00024854220100678504,8.749481639824809e-05
0.00010212980123469606,6.67665881337598e-05,-0.00047286401968449354,0.0002369945286773145,7.593070768052712e-05
0.0001063794334186241,7.336596900131553e-05,-0.00048801029333844786,0.00023328358656726778,6.368216418195516e-05
0.0001129936208599247,7.246392488013953e-05,-0.0004699674900621176,0.00024771044263616204,8.618871652288362e-05
0.0001269611966563389,7.233748328872025e-05,-0.00045856274664402013,0.00025278952671214944,8.045002323342487e-05
0.00011973320215474814,7.780332089168951e-05,-0.00046655980986543,0.00025180887314490974,8.914040517993271e-05
0.00011464744602562858,8.568546763854101e-05,-0.00045123524614609783,0.00026188994525000453,9.511188545729965e-05
0.00013390849926508966,7.690175698371604e-05,-0.0004712464287877083,0.00024086340272333476,8.442199759883806e-05
9.631398279452696e-05,7.925860700197518e-05,-0.00047981963143683965,0.00024284241953864694,6.273359031183645e-05
0.00010781937453430146,7.169741002144292e-05,-0.00047127460129559035,0.0002405408886261284,7.124206604203209e-05
0.00011253832781221719,7.945865945657715e-05,-0.0004755154950544238,0.00024594351998530334,7.976021151989698e-05
0.00011718997848220171,7.994227053131908e-05,-0.00046871075755916536,0.0002415785274934024,0.00010487528197700158
0.0001151875767391175,9.490331285633148e-05,-0.00046236746129579837,0.00024649716215208173,9.214983583660796e-05
0.00011034841008950025,7.955922774272041e-05,-0.0004590369062498212,0.000267431081738323,9.279314690502359e-05
0.00011070015898440032,8.228195656556636e-05,-0.00046797189861536026,0.00023578542459290475,7.545212429249659e-05
0.00010997887875419109,7.648469181731343e-05,-0.00047114666085690265,0.00024163530906662345,8.567800978198647e-05
0.00011493846977828072,8.401567174587399e-05,-0.00047750817611813545,0.00024367417790926998,7.927149272290991e-05
0.00010279497655574232,7.699640264036134e-05,-0.0004824400239158422,0.00022950318816583604,6.214025052031502e-05
0.00011720549082383513,7.778582948958501e-05,-0.00047506051487289364,0.0002398884098511189,8.704839274287224e-05
0.00011736794112948701,7.308015483431518e-05,-0.00048198318108916277,0.00023941158724483105,8.085696754278615e-05
9.189979755319656e-05,6.1161867051851e-05,-0.0004548566357698292,0.00023948802845552564,8.157441334333272e-05
9.723919356474652e-05,6.859176210127771e-05,-0.0004744352481793612,0.0002394483890384436,7.254021329572424e-05
0.00011891933536389844,8.060019899858162e-05,-0.00047624649596400564,0.00023744418285787106,7.239205297082664e-05
0.00012141781917307527,9.75858129095286e-05,-0.0004833723360206932,0.0002491325722075999,8.435408381046727e-05
0.00011540108971530572,7.404087955364957e-05,-0.0004606095317285508,0.0002496899396646768,0.00010254393419018017
0.00010848164674825965,7.18570954632014e-05,-0.00046343996655195946,0.0002474872162565589,9.024846804095432e-05
9.946347563527524e-05,7.770449883537367e-05,-0.00046939853928051884,0.00024126579228322953,7.386620563920587e-05
0.00011779425403801723,7.961741357576102e-05,-0.0004711916844826192,0.00026522899861447513,0.00010769555228762327
0.00012484073522500694,8.79429790074937e-05,-0.00047362767509184783,0.000256489118328318,9.721888636704534e-05
0.00010822071635629982,9.108363883569837e-05,-0.00047089866711758077,0.00025135488249361515,6.754739297321066e-05
0.00011632467794697732,7.948567508719862e-05,-0.0004648206813726574,0.00025365722831338644,8.244287164416164e-05
0.00010291868966305627,7.130412268452346e-05,-0.00046548608224838967,0.0002477882953826338,9.140749170910567e-05
0.00010450174886500464,7.773006655042991e-05,-0.0004837888409383595,0.00023603378213010728,6.679235957562923e-05
0.00015278065984603018,7.450277189491317e-05,-0.00046361406566575164,0.0002386978012509644,7.688209007028492e-05
0.00013306144683156165,7.55002402001992e-05,-0.0004400146426633,0.00024941394804045563,9.3939685029909e-05
0.000123254707432352,7.903811638243496e-05,-0.00045924657024443155,0.0002454779460094869,8.539912960259244e-05
0.00012633719597943127,9.860617137746884e-05,-0.000467185367597267,0.00024720883811824024,8.804715616861357e-05
0.000105895429442171,7.73946667322889e-05,-0.000458359660115093,0.00024854190996848047,8.052453631535172e-05
0.00010941561049548908,6.545070209540427e-05,-0.0004732556699309498,0.00022721228015143422,6.223036325536667e-05
0.00013577431673184034,6.838099216111003e-05,-0.0004776169953402132,0.00022964445815887305,6.918187136761844e-05
0.00010012558050220832,5.219352169660851e-05,-0.0004569216107483953,0.00023373564181383702,8.925978909246624e-05
0.0001178584643639624,0.00010124760592589156,-0.0004708381602540612,0.00025072181597352033,7.79221736593172e-05
0.00010614712664391844,8.337210601894185e-05,-0.0004651225463021547,0.00026280205929651856,8.316228922922164e-05
0.00011821810767287387,8.097423415165396e-05,-0.0004648806934710592,0.00024640950141474605,9.118531306739897e-05
0.0001114211554522626,8.925578731577843e-05,-0.00047044488019309943,0.00025085220113396645,8.953862561611459e-05
0.00012734721531160176,0.00010519478382775559,-0.0004648253961931914,0.00025689095491543407,9.42000187933445e-05
0.00011300823098281398,6.786902667954564e-05,-0.00047199940308928484,0.00023350447008851918,8.086120215011759e-05
0.00011225896014366299,7.287744665518403e-05,-0.00047545743291266257,0.0002331407304154709,6.56668926239945e-05
0.00012200492346892132,7.441593334078789e-05,-0.0004706686304416508,0.00023275428975466642,7.996065687621012e-05
0.00012157626770203933,8.431750029558316e-05,-0.0004747395578306168,0.00024086331541184336,7.735817052889615e-05
0.00010894837032537907,7.314113463507965e-05,-0.0004650986811611802,0.00023170838539954278,8.001740206964314e-05
0.00014054948405828327,0.00010055921302409844,-0.00046420778380706906,0.00023601646535098555,8.903699927031994e-05
0.0001339268492301926,9.73542482824996e-05,-0.000400151708163321,0.00025293350336141884,9.51326364884153e-05
0.000123073419672437,8.670823444845155e-05,-0.0004920819774270059,0.0002386113628745079,7.789480150677264e-05
0.0001102513779187575,7.082406955305487e-05,-0.00044627828174270684,0.00024343220866285264,8.591455843998119e-05
0.00011045961582567544,6.583428330486639e-05,-0.00045816937927156687,0.00025237252702936536,8.799139322945848e-05
0.0001139378728112206,7.667080353712663e-05,-0.0004922045045532286,0.0002346014225622639,7.671200728509575e-05
0.0001134941849159077,8.910505857784301e-05,-0.00046410673530772334,0.00025906931841745967,9.069812949746849e-05
9.385848534293471e-05,7.975498010637239e-05,-0.0004378580779302865,0.0002527111500967294,0.00010151864989893512
0.00012090524978702888,7.646750600542873e-05,-0.00045761009096167976,0.0002480973780620843,0.00010741365258581936
0.00012961194443050772,7.829364039935172e-05,-0.00046248617582023133,0.000258076936006546,0.00010108210699399932
0.00013554948964156208,0.00010351627133786678,-0.0004491624131333083,0.00024983237381093204,7.884698425186798e-05
0.00011976201494690032,9.763208799995482e-05,-0.0004535697808023542,0.0002537780092097819,8.982439612736925e-05
0.00012609566329047084,8.611960947746411e-05,-0.0004639625840354711,0.00025521815405227244,9.007750486489384e-05
9.645016689319164e-05,6.935617420822382e-05,-0.00044987327419221396,0.00024555096752010286,7.107420969987288e-05
0.00011128565529361367,7.351310341618955e-05,-0.0004682909930124879,0.00024850302725099027,7.053487206576392e-05
0.00011041701509384438,9.415840031579135e-05,-0.00045863952254876494,0.0002505956799723208,8.541069109924138e-05
0.00010868765093619004,7.996111526153982e-05,-0.0004737105336971581,0.00024769894662313163,8.885956049198285e-05
0.0001136505525209941,8.098877151496708e-05,-0.0004717604897450656,0.0002332039875909686,8.274432184407488e-05
0.0001253318041563034,9.933437104336916e-05,-0.00044818353489972646,0.0002679868484847248,0.00011042588448617607
0.00011946374434046447,6.780658441130072e-05,-0.00046336674131453037,0.0002336445759283379,7.122425449779257e-05
0.00014309432299342006,8.076390076894313e-05,-0.0004927226691506803,0.00023871602024883032,6.355690857162699e-05
0.00010736817057477309,7.569768058601768e-05,-0.00046221120283007616,0.0002558878331910819,8.689557580510154e-05
0.00010823585762409492,6.421832222258672e-05,-0.00047468516277149314,0.0002408858708804473,7.885305967647582e-05
0.00011283763160463423,7.30639003450051e-05,-0.00045014690840616817,0.0002533428778406233,0.0001196102166431956
0.00011602712766034529,7.712929800618441e-05,-0.00046027067583054304,0.0002507891331333667,7.851103146094829e-05
0.00012200790661154316,0.00011149172496516258,-0.00044854657608084386,0.00025058010942302644,9.29459638427943e-05
0.00012403859000187367,9.36713331611827e-05,-0.00046943407505750656,0.0002531710779294372,8.280709153041244e-05
0.0001164148052339442,8.768379484536125e-05,-0.00045342405792325735,0.00028226911672391003,0.00010896795720327647
0.00010071766882902011,6.350210605887696e-05,-0.00046278620720840985,0.0002333859301870689,6.751050386810675e-05
0.00010005526564782484,6.436088006012142e-05,-0.000467830483103171,0.00022918092145118862,7.813899719621986e-05
0.00011198387801414356,6.799512630095705e-05,-0.0004664012230932713,0.0002292749413754791,6.454245158238336e-05
0.00011386955884518103,9.15892596822232e-05,-0.00046739904792048037,0.00025474693393334746,8.937480015447363e-05
0.0001264368329429999,8.39426284073852e-05,-0.000454863446066156,0.0002553881786298007,0.00011525370791787283
0.00012876084656454623,9.046315972227603e-05,-0.0004914719029329717,0.00024491234216839075,7.99341723904945e-05
0.00012658891500905156,7.466605165973306e-05,-0.00044759444426745176,0.00025675451615825295,0.00010454522998770699
0.00011788960546255112,9.597803000360727e-05,-0.00044342546607367694,0.00026842267834581435,0.0001031302017509006
0.00013998241047374904,8.386002446059138e-05,-0.00046566370292566717,0.0002653307747095824,0.00010326402116334066
0.00013119519280735403,9.055350528797136e-05,-0.00045284279622137547,0.00025181486853398377,9.183022484648973e-05
8.517092646798119e-05,7.143476250348613e-05,-0.0004605765861924737,0.0002453891502227634,6.731311441399157e-05
0.00011780099157476796,9.605196828488259e-05,-0.00047726140473969275,0.00026033501490019256,9.215562749886884e-05
0.00012595362204592675,9.701790258986877e-05,-0.00048061413690447813,0.0002608392096590251,9.124643111135809e-05
0.00011178442218806597,8.91345480340533e-05,-0.0004550220328383148,0.00024294298782479013,9.625245729694144e-05
0.00013414512795861808,9.054756810655816e-05,-0.0004527574346866458,0.00025153282331302757,8.446880383417009e-05
0.00012691305892076346,5.760318163083866e-05,-0.0004557113570626825,0.00025314409867860377,0.0001171426847577095
0.00011271527910139412,9.034929098561406e-05,-0.000461101095424965,0.00025800379808060825,0.00010611877951305358
0.00011376527254469693,7.457445462932809e-05,-0.0004505258111748845,0.00026723399059847,0.00010296278196619824
9.955660061677918e-05,5.755480742664077e-05,-0.0004641731502488256,0.00023265449272003022,7.491597352782264e-05
0.0001174063072539866,6.569381366716698e-05,-0.0004461308417376131,0.0002459216339047998,9.973510896088555e-05
0.00010466335515957326,7.795771671226248e-05,-0.00047315159463323653,0.00023650459479540586,6.403667794074863e-05
0.00010762361489469184,6.744084384990856e-05,-0.0004731733060907573,0.000246227253228426,9.045924525707959e-05
9.905680781230329e-05,8.463918493362144e-05,-0.00047931366134434944,0.0002488411264494061,8.345514652319251e-05
0.0001105701012420468,7.557952631032093e-05,-0.00046347410534508526,0.00023423453967552632,8.075804362306371e-05
0.000121874654723797,9.440050780540332e-05,-0.00045933236833661795,0.0002467384038027376,9.13545081857592e-05
0.00012009403872070835,7.9467507021036e-05,-0.0004522428498603404,0.0002391767775407061,9.164690709440038e-05
0.00011723198258550838,6.66688647470437e-05,-0.00047954247565940017,0.0002328834088984877,7.693215593462809e-05
0.00012307564611546698,7.540065416833386e-05,-0.00046562787611037493,0.000237298445426859,7.761483720969409e-05
0.00010794002446345984,7.164397538872437e-05,-0.0004670266644097865,0.00023519518435932696,6.0358062910381705e-05
0.00013825904170516878,0.00010244308941764756,-0.0005036836373619735,0.00024299306096509102,5.116100510349497e-05
0.00011439627996878698,9.781622793525456e-05,-0.00046414139796979725,0.0002464989956934005,8.948703180067241e-05
0.00011656974675133823,7.165392889874056e-05,-0.00045754975872114295,0.0002435375354252756,8.575925312470645e-05
0.00011848901340272278,7.563769759144634e-05,-0.0004594017809722573,0.00025178835494443774,8.934955985751003e-05
0.0001015049492707476,6.93720648996532e-05,-0.00046782949357293546,0.0002426850114716217,9.391296771354972e-05
0.00010739114804891871,8.225574129028246e-05,-0.0004581643734127283,0.0002519795671105385,9.316612704424189e-05
0.00016965571558102963,9.733654587762429e-05,-0.0004442067292984575,0.00025830682716332376,9.688697173260152e-05
0.00011780997738242151,8.314748993143439e-05,-0.00044106354471296067,0.00024942995514720684,9.780009713722393e-05
0.0001091295707738027,7.331345113925636e-05,-0.00044609326869249344,0.00025675148935988545,8.518441609339789e-05
0.00010985558037646116,7.799448212608695e-05,-0.0004669500922318548,0.0002459876704961061,9.779094398254527e-05
0.00010645242582540959,6.243431562324987e-05,-0.00045679966569878166,0.00024072967062238604,8.219348092097789e-05
0.00011838448699563743,9.505333582637832e-05,-0.00047690854989923537,0.00024800281971693044,0.00011057982192141937
0.00011059574899263679,9.132658306043596e-05,-0.00047566226567141706,0.000247262854827568,7.685022137593478e-05
0.00015701942902524024,7.83814539317973e-05,-0.00045527858310379093,0.00025985907996073365,0.00010165367712033913
0.00015827230527065694,0.00010645864676916972,-0.00043099324102513487,0.0002771989966277033,0.00014330606791190803
9.052296081790699e-05,3.7401980080176145e-05,-0.0003639950882643461,0.0002848714357241988,0.00019349779176991436
8.863207040121779e-05,3.0280811188276857e-05,-0.0003641044604592025,0.0002988603082485497,0.00022432945843320343
5.346245234250091e-05,-5.639508162857965e-05,-0.00032740156166255474,0.00020387240510899574,0.00018706335686147213
1.2251201951585244e-05,-7.245486631290987e-05,-0.00023669149959459904,0.00034299917751923203,0.0003065165947191417
1.4731012925039975e-05,-2.5554018066031862e-05,-0.0001074681567843072,0.0004803901538252831,0.000461959425592795
6.45257969154045e-05,1.0894331353483722e-05,-6.91353197908029e-05,0.0005681615439243616,0.0005397915374487637
6.662217492703348e-05,-7.400238246191292e-06,-4.652264397009276e-05,0.0005595954135060309,0.0005321879289112985
7.651927444385365e-05,-1.7684713384369388e-05,-0.00044514893670566375,0.0001416105660609901,4.9786325689638034e-05
6.013215534039773e-05,2.9198559786891565e-05,-0.00043229656876064837,0.0002536750689614564,0.00010364179615862669
7.251109491335228e-05,3.646710320026614e-05,-0.00040935349534265697,0.0002693680871743709,0.00011596583499340342
0.00014199898578226564,9.423658048035576e-05,-0.0004515532637014985,0.0002340925275348127,6.745442806277424e-05
0.0001997113140532747,0.00012046664051013069,-0.0005498273530974983,0.000193255880731158,8.038690793910064e-06
0.0002258943859487772,0.00017361574282404035,-0.0006284370319917798,0.00017666850180830806,-5.5696895287837826e-05
0.0002259645407320932,0.00018957169959321615,-0.0006071110838092864,0.00019927439279854298,-1.913236337713897e-05
0.00017616395780351013,0.0001722272572806105,-0.0006214608438313007,0.0002102690632455051,-2.653500814631116e-05
0.00017260736785829067,0.0001863828074419871,-0.0005782092921435832,0.00023631518706679347,2.5949106202460825e-05
0.00017062411643564698,0.000152390799485147,-0.0005604484467767179,0.0002481559058651328,3.34478791046422e-05
0.0001439048646716401,0.0001248681073775515,-0.0005318000912666321,0.00023451515880879015,5.046967635280453e-05
0.00014564509910997003,0.00011163006274728103,-0.0005176388658583164,0.00025617805658839643,7.802371692378074e-05
0.00014125724555924535,0.00010981571540469304,-0.0004824200586881489,0.000264704751316458,0.000104349477624055
0.00020035712805110958,0.00011882718536071479,-0.0004802816838491708,0.00026585755404084915,0.00011130818165838718
0.00017032967298291624,0.00013675035734195262,-0.0004776767455041409,0.00026762619381770486,0.00010431687405798584
0.00016310605860780922,0.00011455850471975283,-0.00045442412374541163,0.0002444224082864821,0.00013488237163983283
8.936983067542315e-05,6.391353235812858e-05,-0.00040214526234194636,0.00028862565523013467,0.00015700836956966668
9.220550418831408e-05,5.854068513144739e-05,-0.0004049299168400466,0.00028638282674364746,0.00014139170525595546
0.0001144743146141991,7.722978625679389e-05,-0.0004393195849843323,0.00028565948014147585,0.00014473251940216866
0.00010975963959936053,9.47668304434046e-05,-0.0004630693874787539,0.0002761798386927694,9.641383803682402e-05
0.00011918358359253034,9.15015916689299e-05,-0.0004740089643746615,0.00027138492441736156,9.612309077056125e-05
0.00011998361878795547,0.00010150301386602224,-0.0004814903368242085,0.0002771345025394112,0.00010053100413642824
0.00012104486086172983,9.052232780959456e-05,-0.00047686495236121123,0.0002630955132190138,9.611071436665952e-05
0.00015624606749042869,0.00011154011735925452,-0.0004883082583546637,0.0002556666731834412,8.496289956383407e-05
0.00013777411368209871,0.00010650738840922712,-0.0004690563073381781,0.0002620799350552261,8.043006528168917e-05
0.00013081518409308046,9.593391587259248e-05,-0.000486129691125825,0.00024951479281298816,7.298587297555059e-05
0.00011470725439721718,8.915370563045144e-05,-0.0005190683878026904,0.00022447072842624038,4.264519520802424e-05
0.00012775282084476203,8.550341590307653e-05,-0.00045660778414458036,0.0002811175072565675,0.0001332347746938467
0.0001151379183284007,5.887558654649183e-05,-0.0004742085875477642,0.00023693780531175435,0.00011997733963653445
8.577649714425206e-05,4.856568557443097e-05,-0.00045951607171446085,0.00023505557328462598,0.0001198747122543864
8.898682426661253e-05,7.04022459103726e-05,-0.00044648366747424006,0.0002532124926801771,0.00011990872735623272
0.00015104608610272408,0.00013546983245760202,-0.00040007964707911015,0.00027635364676825697,0.00010891097917919978
0.0001363513874821365,0.00010289854981238022,-0.0004518285277299583,0.00029047540738247335,0.00011049073509639129
0.00012316371430642903,9.834558295551689e-05,-0.00048307646648027003,0.00025029960670508444,8.153149246936664e-05
0.00011713567801052704,9.357021917821841e-05,-0.0004877978935837745,0.0002594254619907588,7.395236752927303e-05
0.00013194174971431494,0.00010661482519935815,-0.0004779936280101538,0.00026620039716362953,7.277172699104995e-05
0.00013000232866033912,7.90096091805026e-05,-0.0004755011468660086,0.0002593204553704709,8.307160896947607e-05
0.0001326989004155621,9.25637286854908e-05,-0.00048434271593578165,0.0002486826851963997,9.440482972422616e-05
0.00012924808834213763,8.60332147567533e-05,-0.0004381185863167048,0.0002896147198043764,0.00018528642249293623
9.511670941719784e-05,4.9712198233464726e-05,-0.0005215377314016223,0.00016851328837219626,1.0991602721333036e-05
6.931562529643998e-05,3.089321035076864e-05,-0.0004222985298838466,0.0002642852778080851,0.00012233841698616743
9.472895180806519e-05,3.753889905055985e-05,-0.0004221767012495548,0.0002663502527866512,0.00012622257054317745
0.00010064407251775263,6.502772157546133e-05,-0.0004262193979229778,0.00028485915390774613,0.00012441087164916098
0.00014008648577146232,0.00013226970622781664,-0.00044110766611993313,0.00032806862145662313,0.00013263736036606133
0.00011824298417195679,0.00011097748938482256,-0.00045562852756120265,0.00029290592647157615,9.533279080642387e-05
0.00016358218272216618,0.00013012203271500766,-0.0004570757737383246,0.0002554166130721569,8.39067215565592e-05
0.0001357462315354496,0.00012802251148968935,-0.00045543073792941863,0.0002771162253338844,9.727918950375171e-05
0.00015192874707281592,0.00010145898704649879,-0.00047951441956683993,0.0002710174594540149,9.636760660214351e-05
0.0001383405615342781,7.07814542693086e-05,-0.0005115339881740509,0.00023130033514462406,9.077489085029809e-05
0.00013115136243868622,4.274447928764858e-05,-0.0005235590506345034,0.00016625015996396544,2.501827839296311e-05
9.177254105452448e-05,6.560247129527852e-05,-0.0004603491979651153,0.0002648127556312829,7.816903234925121e-05
0.00011141641152789816,6.94550180924125e-05,-0.00045207238872535527,0.0002649829839356244,0.00010846798249986024
0.00010817397560458629,6.892783858347684e-05,-0.00044966232962906366,0.00024639544426463544,9.055501141119748e-05
0.0001089993165805936,6.641710206167772e-05,-0.0004747874627355486,0.00023248854267876598,6.744077836629003e-05
0.00010883245704462752,8.678300218889491e-05,-0.00045271217823028564,0.00027573030092753465,0.00010276123794028537
0.00010899781045736745,7.27845763321966e-05,-0.00044761982280761,0.0002758213086053729,0.00011948190513066949
0.00016131324809975922,0.0001303019089391455,-0.00046714424388483167,0.00028265980654396117,0.00011443275434430689
0.00014769521658308804,0.00011031931353500113,-0.00045800345833413303,0.000296802434604615,0.00012139937462052329
0.00013309706992004067,0.00010033824946731328,-0.0004718489944934845,0.00026188846095465124,8.615234401077032e-05
0.0001333761028945446,0.00011595560499699785,-0.000508284370880574,0.0002720824268180877,7.007904059719294e-05
0.00015173509018495682,0.0001057602057699114,-0.000479786453070119,0.00025978873600251967,9.365878213429825e-05
0.00013992350432090459,0.0001028033293550834,-0.0004648870672099292,0.00029131528572179377,0.00012293174222577363
0.00012985248758923262,6.344543362502009e-05,-0.0004832777194678784,0.00024418608518317336,0.000112564506707713
0.00011624574108282104,5.959597274340923e-06,-0.0004838059830944985,0.00018809120228979737,3.877210838254541e-05
0.00011463053670013325,4.383191117085517e-05,-0.0004187939921393991,0.00021597840532194823,8.237896690843627e-05
0.0001198489117086865,8.282497583422808e-05,-0.00041671030339784915,0.0002877960505429656,0.0001312658278038725
0.00011732798884622751,8.640214946353808e-05,-0.00043520494364202017,0.0002947290777228773,0.00014138984261080625
0.00012249920109752566,8.635707490611821e-05,-0.0004355435667093843,0.00029574171639978886,0.00013756219414062798
0.00013200112152844667,9.773053898243234e-05,-0.0004499742935877293,0.00030124897602945566,0.00013330449291970578
0.000142945209518075,0.00011501809785841033,-0.0004664043080992997,0.0002976763062179089,0.00012537075963336974
0.00013750595098827034,8.94625554792583e-05,-0.00045090832281857734,0.00028328789630904794,0.00012758388766087592
0.0001251015055458993,5.2345836593303836e-05,-0.0004798542358912528,0.000219636713154614,7.271318463608623e-05
0.00011874658957822248,8.678026642883196e-05,-0.0004981199745088817,0.000219277324504219,7.166337309172377e-05
0.00012474438699427992,6.808346370235085e-05,-0.00048219668678939337,0.0002411795867374167,8.216208516387269e-05
0.00012306973803788424,8.979957055998966e-05,-0.00046745102736167615,0.00024086207849904892,9.811323980102316e-05
0.00012319684901740402,8.642816101200879e-05,-0.0004899440100416541,0.00024408988247159868,8.106692257570103e-05
0.00013694983499590307,0.00010873752034967764,-0.000467916892375797,0.0002944018051493913,0.00013155836495570838
0.00014282578194979578,0.00011060045653721319,-0.00047695162356831133,0.0002853766200132668,0.0001017151225823909
0.00013144603872206062,9.594543371349572e-05,-0.0004781249444931745,0.00026505309506319463,9.535612480249257e-05
0.00015496804553549737,0.00010460450721438974,-0.0004640927654691041,0.0002675962750799954,0.00010233675857307391
0.00012979710299987346,0.00010881774505833164,-0.0004937612102366984,0.00026261384482495487,7.283282320713624e-05
0.00012186782259959729,8.118584810290486e-05,-0.0004862135974690318,0.0002626006316859275,7.287180778803304e-05
0.00014213442045729607,8.329046249855308e-05,-0.0004588901938404888,0.00028207027935422957,0.00012099385639885439
0.0001365730568068102,0.00010160626698052509,-0.0004441035562194884,0.0003046012134291232,0.00018012570217251778
0.00013403056073002517,6.78203723509796e-05,-0.0005099661066196859,0.00014806182298343631,1.9700963093782772e-05
9.271761518903077e-05,6.384807784343138e-05,-0.00046973599819466466,0.0002461582771502435,5.516553937923163e-05
7.696664397371934e-05,6.823332660133019e-05,-0.00045353456516750157,0.0002726215170696378,8.145489118760452e-05
7.40868563298136e-05,6.454528192989528e-05,-0.0004286042531020939,0.0002813713799696416,0.00012557525769807398
0.0001010280684567988,8.937263191910459e-05,-0.00046705213026143616,0.00026441726367920637,0.00010238566028419882
0.0001236521638929844,0.00010126194683834909,-0.0004827558586839586,0.000277650193311274,0.00010029960685642436
0.00011951183842029424,9.668443817645313e-05,-0.0004674997762776911,0.00025662456755526364,0.0001058152920450084
0.00012349327153060583,0.00011158278357470408,-0.00045970833161845803,0.0002961026912089437,0.00012452127702999857
9.413123916601761e-05,7.428053504554555e-05,-0.00040653409087099135,0.0002860163222067058,0.00014765317609999332
0.00010323272726964207,6.679067155346274e-05,-0.0004938081256113946,0.00019140553195029497,1.7734619177645072e-05
0.00010603478585835546,6.68700595269911e-05,-0.0004907952970825137,0.0002257175656268373,6.034209582139737e-05
0.00011447003635112195,6.414513336494565e-05,-0.0004654798249248415,0.00025074754375964403,8.700788021087646e-05
0.0001086345801013522,9.451277583139016e-05,-0.00047609733883291483,0.00026541241095401347,8.202380558941512e-05
0.0001132133329520002,8.36659237393178e-05,-0.0004669087356887758,0.0002519014233257621,9.602412319509311e-05
0.0001286540209548548,9.18036821531132e-05,-0.00046458095312118536,0.0002655873540788889,9.919801959767938e-05
0.00012513769615907222,0.00010888954420806841,-0.0004664691514335573,0.0002815710322465748,9.5549548859708e-05
0.0001649743499001488,0.00011783923400798811,-0.0005037662340328096,0.0002485796285327524,7.734031532891095e-05
0.0001469081325922161,8.950535993790254e-05,-0.00048569869250059133,0.00024881970603019,7.586184801766649e-05
0.00013050052803009748,7.613600610056892e-05,-0.00047051225556060666,0.00026096569490619004,9.316168871009722e-05
0.00012365238217171282,7.922629447421059e-05,-0.0004778615548275411,0.0002565966278780252,8.526250167051329e-05
0.00013546734408009795,8.068196621024981e-05,-0.00048124909517355263,0.00024190201656892896,7.922579970909284e-05
0.0001230218622367829,8.908597374102101e-05,-0.00047983482363633806,0.000258802087046206,8.566441829316318e-05
0.00011847502901218833,7.723272574367002e-05,-0.00043715786887332797,0.0002996692492160946,0.00017820783250499517
9.648495324654505e-05,6.656087498413399e-05,-0.0005306624225340785,0.0001822204503696412,5.5316024372586974e-05
0.00013679027324542406,0.00010295808897353709,-0.0004961537197232246,0.00025146134430542594,6.642380321864039e-05
0.00011042124242521821,5.61263004783541e-05,-0.00042919651605188847,0.00025978047051467,0.00010867433593375608
0.000133308072690852,9.406325989402829e-05,-0.00043154277955181897,0.00028550357092171913,0.0001394970313413069
0.0001244321174453944,8.991388313006608e-05,-0.0004216806264594197,0.00028986402321606874,0.00013794905680697409
0.00012880073336418718,8.508543396601452e-05,-0.0004826962540391833,0.0002355616161366925,7.941052899695933e-05
0.00012921002053190025,8.069344767136499e-05,-0.00046015807311050594,0.00027672285796143115,0.00011090985208284108
0.00012629819684661925,8.124523446895182e-05,-0.0005046513397246598,0.00023899220104794952,8.483493729727343e-05
0.0001304916659137234,0.00010131923045264556,-0.00045020578545518225,0.0003021165612153709,0.0001530568697489798
0.00011670483945636079,7.26155558368191e-05,-0.000461779156466946,0.00027097490965388715,0.00013881809718441218
0.00010968768037855624,4.720515789813362e-05,-0.0005219221347942948,0.0001590125757502392,-3.381097121746279e-05
8.549194899387658e-05,7.017891039140522e-05,-0.0004527939890976995,0.000269992568064481,9.270144073525444e-05
9.197994222631678e-05,6.972984556341544e-05,-0.0004603061533998698,0.0002685153449419886,8.486568549415097e-05
0.00010180114622926341,8.252494444604963e-05,-0.00045597099233418703,0.00027379635139368474,0.00010308707715012133
9.774472709978001e-05,7.458124309778214e-05,-0.000459772942122072,0.00027907773619517684,9.22100298339501e-05
0.00011915769573533909,7.525321416324005e-05,-0.00046764753642492,0.00025284424191340804,8.965291635831818e-05
0.0001224985026055947,8.134370000334457e-05,-0.00048255530418828135,0.00025283417198807,8.413667819695547e-05
0.0001257012627320364,8.603910828242077e-05,-0.00047497308696620166,0.0002538308035582304,9.209991549141704e-05
0.0001263931771973148,0.00010157535143662244,-0.000471668696263805,0.00025775100220926106,9.328919259132816e-05
0.00017231752281077206,0.00014089071191847324,-0.00045398189104162157,0.0002560487482696772,8.495182555634527e-05
0.00012988210073672235,0.00011270996037637815,-0.0004816952568944544,0.0002360591752221808,5.605082333204337e-05
0.00012106419308111072,8.424304542131722e-05,-0.0004905894747935237,0.0002400256780674681,5.720697663491592e-05
0.00013117375783622262,8.660066669108346e-05,-0.0005033640773035586,0.00024786571157164866,7.262797589646651e-05
0.0001492753654019907,9.804516594158487e-05,-0.0004892771830782294,0.0002506568562239408,6.944644701434301e-05
0.00013313560339156538,7.470949640264735e-05,-0.0004816380969714373,0.00023711525136604902,7.374513370450586e-05
0.00012688504648394883,0.00010454684525029734,-0.0005033983616158366,0.00022872391855344174,5.73257675569039e-05
0.00014736689627170563,0.00011406049452489243,-0.00047678491682745516,0.000268977863015607,7.231045310618356e-05
0.00013026462693233046,8.529434853699058e-05,-0.00048251621774397785,0.0002481933915987611,8.152452210197225e-05
0.0001327595382463187,9.183619113173336e-05,-0.0005035607027821243,0.00022721444838680327,7.172476034611464e-05
0.00011622893362073228,6.79379954817705e-05,-0.000503868272062391,0.0002278431347804144,4.0737908420851454e-05
0.00012089993833797051,7.05519923940301e-05,-0.000503233284689486,0.00024406348529737445,5.2664920076495036e-05
0.00011459303641458972,7.751171506242827e-05,-0.0005103915464133023,0.000226615447900258,3.0221153792808764e-05
0.00012825413432437927,9.705755655886604e-05,-0.0005039916723035276,0.0002357463090447709,5.381658047554083e-05
0.00012882502051070333,7.482852379325777e-05,-0.00046399480197578674,0.00024309982836712154,9.081637108465655e-05
0.00014550529886037109,9.26473003346473e-05,-0.0004603928537108004,0.00026245290064252913,0.00011350776185281577
0.0001343771000392735,0.00011571147479116917,-0.00044316481216810644,0.00030005103326402605,0.00017979690164793283
0.00011020229430869222,9.166360541712491e-05,-0.00043399835703894496,0.00030220719054341316,0.00016560016956645995
0.00010956803453154862,8.162696758517995e-05,-0.0004407361557241528,0.00030146812787279487,0.00016475893789902332
0.00011262675980105996,7.286451727850363e-05,-0.00045788456918671727,0.0002696593583095819,0.00010167613800149411
0.00011425912816775964,0.00011714061838574708,-0.00048021497786976397,0.0002596038684714585,0.0001076821208698675
0.00011465126590337606,8.123037696350366e-05,-0.0004749379004351794,0.00026737534790299833,0.00011056679068133235
9.712550672702491e-05,7.460309279849753e-05,-0.00046727855806238944,0.0002754198212642222,0.00011543362052179873
9.496238635620102e-05,5.910578329348937e-05,-0.00048152045928873116,0.00024152615515049547,7.796133286319673e-05
0.00010536918853176758,8.206602069549263e-05,-0.000477730151033029,0.00026584265287965536,8.482849079882726e-05
0.00012192218855489043,8.797010377747938e-05,-0.00048776852781884367,0.00027212474378757184,9.82309429673478e-05
0.00010812033724505454,6.324888090603054e-05,-0.00045753794256597763,0.00022973922023084015,7.931867730803788e-05
0.00012175736628705637,7.793704571668059e-05,-0.00044970636372454464,0.00022765982430428267,9.594151924829929e-05
0.00015785667346790433,0.00011584554158616811,-0.0004994720220565796,0.00027730243164114654,9.777794184628874e-05
0.00011683625052683057,7.164571434259415e-05,-0.0004998001968488097,0.00024725773255340755,7.718809501966463e-05
0.0001235285308212042,8.81314481375739e-05,-0.000508281693328172,0.00025943754008039827,8.270218677353114e-05
0.00011347186955390498,7.009657565504313e-05,-0.0005093666259199381,0.0002292663266416639,5.294343645800837e-05
0.0001116715575335547,6.722321268171072e-05,-0.0004975771298632027,0.00023494084598496556,5.585062899626792e-05
0.00014149984053801742,0.00011225652269786224,-0.00044321847963146876,0.0002776972542051226,0.00011774290760513396
9.484363545197995e-05,8.037279621930793e-05,-0.00040991840069182217,0.0002907314628828317,0.00016270802007056773
0.00010890974226640536,8.549731865059584e-05,-0.00046729834866710007,0.0002534026862122118,0.00011829102004412562
9.179317567031829e-05,4.309367432142608e-05,-0.0004403989878483117,0.0002709045365918428,0.00011957970855291931
0.00010551413288339972,6.41302831354551e-05,-0.00048195107956416905,0.00024701099027879536,7.44387652957812e-05
0.00012156450975453478,9.999209578381851e-05,-0.0004997392534278333,0.0002563660964369774,6.470974039984867e-05
0.0001293869427172467,8.802683441899717e-05,-0.000488792487885803,0.00024664998636581004,9.81384509941563e-05
0.00013176447828300295,6.283088441705331e-05,-0.0005008949083276093,0.0002360476355534047,5.00899986946024e-05
0.00012801052071154118,1.4510488654195795e-05,-0.0005217299913056195,0.00019556320330593732,4.110253212274984e-05
0.00014144385932013392,-3.825432031590026e-06,-0.0005169747746549547,0.0001979288936126977,5.34487480763346e-05
0.0002466361911501736,2.556618164817337e-05,-0.0005056392983533441,0.0002703836071304977,0.0001480288483435288
0.00017648465291131288,-9.798764949664475e-06,-0.0005070415209047496,0.00023062927357386803,0.00012788103776983917
0.00016416194557677954,8.143122977344319e-05,-0.0004909028066322207,0.00026068085571751,0.00013494666200131178
0.00011328201071592048,7.32192347641103e-05,-0.0005045969737693667,0.00021873635705560448,4.722002995549701e-05
0.0001053329760907218,6.125739309936762e-05,-0.0004948466084897518,0.00022495882876683027,5.663394404109568e-05
0.00010821991600096226,8.015985804377124e-05,-0.0005050070467405021,0.0002361134247621521,4.779518349096179e-05
0.00013679571566171944,6.021996887284331e-05,-0.0005312666180543602,0.00021200488845352086,4.0240236558020115e-05
0.00012019862333545459,5.7932626077672473e-05,-0.0005405510892160237,0.0001957787317223847,1.3181633221392985e-05
0.00013116819900460539,-2.529813900764566e-05,-0.0005364132812246679,0.00018270310829393566,4.33240165875759e-05
0.00013130964362062514,-2.3286174837267026e-05,-0.0005363679956644773,0.0001711866207187995,4.3942742195213214e-05
0.0001469879935029894,1.716189672151813e-06,-0.0005069989128969611,0.0001795341813703999,4.796803114004433e-05
0.00012577527377288789,-2.64523368969094e-05,-0.0005265426589176059,0.00016120044165290892,3.0704042728757486e-05
0.00013182027032598853,5.582636003964581e-05,-0.0005033062188886106,0.00022956066823098809,5.128910925122909e-05
0.00011488960444694385,4.963319224771112e-05,-0.0004971929010935128,0.00022678273671772328,5.0938881031470366e-05
0.00015370997425634414,-2.941657839983236e-05,-0.0005139734712429345,0.00017740187468007207,5.691895057680085e-05
0.0001542281243018806,8.752597932470962e-05,-0.0004923747037537396,0.00024589363601990044,5.096306631457992e-05
0.00013593764742836356,9.68061576713808e-05,-0.0005057413945905863,0.0002419782540528104,7.504222594434394e-05
0.00013409821258392185,4.577871550281999e-06,-0.00048808718565851445,0.00019258051179349425,5.90519848628901e-05
0.00013871445844415575,1.948666795215104e-05,-0.0005341611104086041,0.00019563398382160813,7.38988383091055e-05
0.00013344435137696564,-3.208459020243026e-05,-0.000507633900269866,0.00017167339683510363,4.756564521812834e-05
0.00013055227464064956,-2.903917447838467e-05,-0.0005131731741130352,0.00018729832663666454,5.625705307465978e-05
0.00011887950677191841,-3.39004400302656e-05,-0.0005225356435403229,0.0001922838418977335,4.588094088830985e-05
0.00012870722275692972,-9.78530260908883e-06,-0.0005224195192568004,0.0001891755237011239,6.351513729896396e-05
0.00012418112601153553,-2.980630233651027e-05,-0.000508322729729116,0.00019663688726723197,7.032707071630284e-05
0.00014903397823218256,-7.797870239301119e-06,-0.0004969581495970489,0.00019035194418393075,7.746215123916045e-05
0.0001358586305286735,-2.182802381867077e-05,-0.00048811986926011736,0.00019661888654809442,5.393960964283906e-05
0.0001571562752360478,-1.5893027011770755e-05,-0.0005193205433897674,0.00019368587527424097,5.9473597502801574e-05
0.0001622602721909061,-2.5362318410770968e-05,-0.0004950716975145042,0.0001944897958310321,5.320597847457975e-05
0.00011504445137688891,-4.6006851334823295e-05,-0.0004908135160803795,0.00017793966981116682,5.477551530930214e-05
0.00012650692951865494,-3.73384973499924e-05,-0.0005329822888597847,0.00017143640434369442,2.941221100627445e-05
0.00012837974645663053,-4.3894513510167606e-05,-0.0005082485731691122,0.0001840533659560606,5.814923497382553e-05
0.00012693370808847249,-1.4455217751674356e-05,-0.0005084425793029368,0.0001938138884725049,8.089521725196391e-05
0.00012812040222343057,-2.9873704988858666e-05,-0.0004989593289792538,0.00019965483807027343,8.292662096209824e-05
0.00013364324695430696,-2.4520672013750303e-05,-0.0005077298847027123,0.00022041068586986515,7.659606490051374e-05
0.0001408293901477009,1.0680682862584945e-05,-0.0005204103072173893,0.0001902079820865765,7.281589205376804e-05
0.00013834232231602073,6.548583769472316e-05,-0.0004756296693813057,0.0002640989550855011,8.491775952279568e-05
0.0001355433487333357,6.141979247331619e-05,-0.00048220268217846746,0.00026360343326814467,7.380615716101602e-05
0.00014086444571148604,-3.909720544470474e-05,-0.0004984981496818364,0.00018360890680924055,7.072908920235932e-05
0.00012853504449594766,6.46006956230849e-05,-0.0004943429958075285,0.0002344900276511908,7.046368409646675e-05
0.0001228704786626622,5.993697777739727e-05,-0.0005048202001489699,0.0002228468656539917,7.12527398718521e-05
0.00012826309830415994,-3.5197415854781866e-05,-0.0005057474481873214,0.00019440156756900248,7.316047413041815e-05
0.00012220100325066596,-3.0853723728796474e-05,-0.0005199612933211029,0.0001880422350950539,5.449870513984934e-05
0.00012451011571101844,-1.3121510164637586e-05,-0.00048766145482659334,0.0002046216977760196,6.892504461575301e-05
0.00013197422958910463,-4.269648343324661e-06,-0.0004986370331607759,0.00020749401301145556,7.488233677577226e-05
0.0001464133383706212,-3.74623118659656e-06,-0.0004927959525957704,0.0002161851880373433,7.55787841626443e-05
0.00013398070586845281,-1.8709164578467607e-05,-0.0005043855053372681,0.00020039177616126835,7.703017035964875e-05
0.00012023481394862756,-2.2741409338777885e-05,-0.0005137781845405698,0.0001883191434899345,5.2082104957662516e-05
0.00012109163799323142,-1.732340570015367e-05,-0.0005051803891547023,0.00020143629808444532,7.1273825597018e-05
0.00011931137123610826,-2.015712198044639e-05,-0.0004981533857062459,0.00019840402819681915,6.443122401833534e-05
0.00014370663848239928,-2.189897895732429e-05,-0.0005004553240723908,0.00018622761126607656,7.794483099132776e-05
0.00013738639245275408,1.8484704924048856e-05,-0.0004987518186680973,0.00021810649195685983,7.706684846198186e-05
0.0001328775833826512,1.1299612197035456e-05,-0.0004949416033923626,0.00019839969172608107,5.170662552700378e-05
0.0001257296244148165,-2.784681601042394e-05,-0.000495273619890213,0.00019908996182493865,5.4308522521751e-05
0.0001423705980414525,-1.7814159946283326e-05,-0.0005120222340337932,0.00018799481040332464,5.820520527777262e-05
0.00011945717415073889,-1.717161649139598e-05,-0.0005044659483246505,0.0002019657258642837,7.137049396988004e-05
0.00012232699373271316,-1.3838921404385474e-05,-0.0005081319832243025,0.0002027027803706005,6.646837573498487e-05
0.00012395676458254457,-1.6029580365284346e-05,-0.0004847930977120996,0.00020569462503772232,6.218370981514454e-05
0.00011791583528975025,5.8612695283954956e-05,-0.000508204335346818,0.0002199216833105311,6.787723395973444e-05
0.0001404976355843246,-8.242430340033025e-06,-0.0004760703886859119,0.00022656776127405465,8.919583342503756e-05
0.00012844052980653942,1.7578449273969454e-07,-0.000493325584102422,0.00019600137602537868,6.511095853056759e-05
0.00013122243399266154,2.0514758034551046e-06,-0.0004467216203920543,0.00020687514916062355,8.410043665207922e-05
0.00012367013550829142,-1.3791982382826971e-05,-0.0004833997809328139,0.0002026399306487292,8.150244684657082e-05
0.00011514397920109332,-2.4119019144563936e-05,-0.0004978771321475506,0.0001909412821987644,5.8406352763995535e-05
0.00011282844207016753,-4.102838829567189e-06,-0.0005225827917456627,0.00019542517838999632,4.912374788546003e-05
0.00013032082642894238,-2.0728219169541265e-05,-0.0005106811295263469,0.00019478013564366847,6.315697828540577e-05
0.00013094722817186266,2.382246020715684e-05,-0.0004938700585626067,0.00021734184701927006,8.841566886985675e-05
0.00013198087981436402,3.9298294723266736e-05,-0.0005033535999245942,0.00022759022249374541,7.367459329543635e-05
0.0001167981026810594,4.691535286838189e-05,-0.0004915371537208557,0.00024900949210859835,7.282255683094263e-05
0.00011492346675368025,-2.613156721054111e-05,-0.0005032548797316848,0.00020440740627236664,7.75946391513571e-05
0.00012842380965594202,-1.2492513633333148e-05,-0.0005018742522224784,0.00019890723342541605,7.551739690825343e-05
0.0001141216271207668,1.4254096640797796e-05,-0.0004825732030440122,0.00020787857647519561,5.82401298743207e-05
0.00012943646288476884,6.715375639032574e-05,-0.0004691846261266619,0.00023509554739575836,0.00011531190102687107
0.00011895484931301326,3.684768671519123e-05,-0.00047027884284034366,0.0002299878397025168,7.261943392222747e-05
0.00012194341252325105,5.6212738854810596e-05,-0.0004937485209666194,0.0002456000365782529,9.180406777886674e-05
0.0001130907330662012,5.322276410879567e-05,-0.00046221099910326297,0.00026010849978774786,9.689800208434464e-05
0.00010650364856701344,2.364200736337807e-05,-0.0004973029135726391,0.00022227225417736918,7.074618042679505e-05
0.00011558701226022094,-7.828762136341538e-06,-0.0005187393981032073,0.00019432384578976783,5.893669367651455e-05
0.00012509619409684092,6.753906927770004e-05,-0.0004934433964081109,0.00024225049128290263,6.671914889011532e-05
0.00015184286166913807,7.513278251281008e-05,-0.0005095720407553017,0.00023672607494518158,4.949501089868136e-05
0.0001280499272979796,7.126519449229817e-06,-0.0004972161259502171,0.0002068005851469934,7.742066372884437e-05
0.00010968079732265323,4.87404249724932e-05,-0.0004715766117442398,0.00025147083215415483,0.0001015325979096815
0.00010685229062801228,6.891092198202386e-05,-0.0004745984624605626,0.00026019776123575866,0.00010704651504056528
0.00011989862105110659,2.5740027922438454e-05,-0.0004913315060548483,0.00021713467140216383,7.156706851674244e-05
0.00012317531218286604,-1.0305008800060024e-05,-0.00050873716827482,0.0002065321314148605,7.628754246979952e-05
0.00011406354315113276,5.3426487284014e-05,-0.0005039056995883584,0.0002261314948555082,5.414175393525511e-05
0.00011305249063298105,-2.3282253096112978e-05,-0.0005109517369419336,0.00019305654859635982,6.718300573993474e-05
0.00011673043627524748,-2.1704616301576607e-05,-0.0005122399888932705,0.00020030065206810832,6.529084930662066e-05
0.00012433961092028767,-1.7304440916632302e-05,-0.0005017372313886881,0.0002103764854837209,6.839402340119705e-05
0.000143564393511042,-1.420886201231042e-05,-0.0005003248224966228,0.00019509127014316616,7.389404345303774e-05
0.00014072864723857492,1.7717911759973504e-05,-0.0004947448032908142,0.00020181038416922087,7.971244485815987e-05
0.00013682054122909904,7.285894389497115e-05,-0.0004709530621767044,0.00027710417634807527,7.922299118945375e-05
0.00012325838906690478,-2.459207644278649e-05,-0.0005083017167635262,0.0001855762238847092,6.497939466498792e-05
0.00012474929098971188,-8.496367627230939e-06,-0.000516256783157587,0.00019912069546990097,5.567721018451266e-05
0.000135377689730376,6.609104275412393e-06,-0.0005041094264015554,0.00019269665062893185,4.376143624540418e-05
0.000139377880259417,-2.592377859400585e-05,-0.00046161960926838225,0.00020486873108893636,8.139668352669105e-05
0.00014228004147298634,-1.7720862160786055e-05,-0.0005048001767136158,0.00018157417071051896,6.692815804854034e-05
0.00013058804324828088,5.61032175028231e-06,-0.0005200356245040894,0.00019257412350270897,5.522504216060042e-05
0.0001254427770618349,5.604982561635552e-06,-0.000521371781360358,0.0002107866603182629,6.37852936051786e-05
0.00012237037299200892,-5.346201305655995e-06,-0.000512945291120559,0.00021329715673346072,7.387722871499136e-05
0.00011282614286756146,-1.1501468179631047e-05,-0.0005148545023985207,0.0001984186674235389,4.863851791014895e-05
0.00010838595335371792,4.660429112846032e-05,-0.0004720552824437618,0.0002579262654762715,0.00010150639718631281
0.00011701675248332322,3.4910372050944716e-06,-0.0005272123962640761,0.00019400735618546605,5.1901282859034836e-05
0.0001235228410223499,6.7331229729461475e-06,-0.00048781480290926993,0.0002085341839119792,7.54711581976153e-05
0.00012182482896605508,1.7694316056804382e-06,-0.0004499421629589051,0.00020584787125699225,8.671184332342818e-05
0.00011332218127790837,-1.3424056305666456e-05,-0.0004988574655726552,0.00019867933588102457,6.275178020587191e-05
0.00011516364611452444,3.6083461054658974e-06,-0.0004988950677216053,0.00021010036289226264,7.198282401077449e-05
0.00011836457269964741,-2.945871892734431e-05,-0.0005070898332633078,0.0001989522133953869,7.651461055502295e-05
0.00013883279461879286,-9.752248843142295e-06,-0.0005170693621039392,0.0002065337903331965,8.475677896058187e-05
0.000107818836113438,3.036434463865589e-05,-0.0004898817860521376,0.00022377706773113457,6.471544475061819e-05
0.00013430278340820226,-1.4905741409165783e-05,-0.0005086207529529929,0.00019456679001450536,7.459474727511406e-05
0.00011522756540216507,-1.6091122233774513e-05,-0.0005069812177680434,0.0002038647799054161,4.467320832191035e-05
0.00012699520448222756,-2.1439807824208398e-05,-0.0005091981729492545,0.0001992721226997673,8.596276165917516e-05
0.00010720585123635827,-1.370590143778827e-05,-0.0005000579403713347,0.00019810411322396249,5.866633000550792e-05
0.00012022122245980427,-3.4446751669747755e-05,-0.0004921806394122541,0.00018284480029251424,7.556228956673293e-05
0.00013462828064803034,-3.240318164898781e-06,-0.0004995270865038037,0.00019060545309912413,7.513051968999207e-05
0.00011945051664952187,-2.2835627532913353e-05,-0.0004889697884209454,0.0002099580888170749,7.615168578922749e-05
0.0001360169262625277,3.8795122236479074e-05,-0.000475232198368758,0.0002125950122717768,9.403518197359517e-05
0.0001401198678649962,8.493801033182535e-06,-0.0004984935512766242,0.00021596672013401985,9.488115756539628e-05
0.00010830838436959311,-1.901010728033725e-05,-0.0005107306060381234,0.00019775217515416443,6.881567242089659e-05
0.00011776436440413818,6.002088048262522e-05,-0.00048175433767028153,0.00024592081899754703,8.143442391883582e-05
9.960820170817895e-05,6.881804438307881e-05,-0.0004935149918310344,0.00023556406085845083,6.641675281571224e-05
9.833733201958239e-05,5.502111162059009e-05,-0.0004854445287492126,0.00024052911612670869,6.773333734599873e-05
0.00011094287037849426,8.383012027479708e-05,-0.000434279121691361,0.0002756224130280316,0.0001273882226087153
9.905129991238935e-05,6.845455209258944e-05,-0.0004739186551887542,0.0002487933961674571,9.1011228505522e-05
0.00011665323836496101,7.060429197736084e-05,-0.0004600040556397289,0.00028615622431971133,0.0001185819855891168
0.0001308633218286559,8.266169606940822e-05,-0.0004914141027256846,0.00024765994749031956,8.740591147216038e-05
0.00011842446110676975,7.279965211637318e-05,-0.0004720915749203414,0.000245804461883381,8.690216054674238e-05
0.00011021463433280589,7.028659456409514e-05,-0.00046363793080672616,0.00025167726562358444,9.064848563866691e-05
0.00010628730524331331,5.758321276516654e-05,-0.0004768670478370041,0.0002358903002459556,8.79869403433986e-05
0.00010395128629170358,6.997671880526468e-05,-0.00047360174357891083,0.0002557469124440104,9.346600563731043e-05
0.00010026851668953897,3.795194061240181e-05,-0.00048164842883124953,0.00022011864348314703,6.437577394535765e-05
0.00010202206613030285,7.79539841460064e-05,-0.0004941681982018054,0.00025191550957970316,8.288016397273168e-05
0.00010348941577831285,7.515522884204984e-05,-0.0004921967629343271,0.00024500020663253963,8.230521052610129e-05
0.0001046924153342843,6.278958608163521e-05,-0.0004757098504342139,0.00023406300169881436,7.230722985696049e-05
0.00012835630332119763,6.900376320118085e-05,-0.0004808195517398417,0.0002477384696248919,8.342654473381117e-05
0.00011937149247387424,9.38645825954154e-05,-0.000496247550472617,0.00026364720542915165,7.821666076779367e-05
0.00011008432920789346,6.827369361417368e-05,-0.0004745574842672795,0.00024300557561218736,7.862432539695874e-05
0.00010083066445076838,4.888972398475744e-05,-0.0004787912766914815,0.0002337345213163644,9.002649312606081e-05
0.0001119373628171161,5.907170998398215e-05,-0.00045424173003993934,0.00024118035798892382,9.765688446350396e-05
0.000113963324110955,9.184802183881402e-05,-0.0004777227295562625,0.0002688269305508584,9.301095997216179e-05
0.0001566389255458489,7.745016773696989e-05,-0.00047631366760469973,0.00025564813404344017,9.729254088597372e-05
0.00011245490895817056,7.13951958459802e-05,-0.0004793174448423088,0.00025699412799440324,8.854976476868615e-05
9.971197869163008e-05,7.679948612349108e-05,-0.0005084051517769693,0.00023780735500622538,6.031965676811524e-05
0.0001185832588816993,7.848243694752455e-05,-0.0004825991636607796,0.0002560139982961118,0.00010159715748159216
9.774397767614572e-05,6.0564543673535816e-05,-0.0004779926966875792,0.00024274941824842247,9.135070285992697e-05
0.00010606439172988756,8.112724026432261e-05,-0.0004811194085050374,0.00024842182756401604,9.280823724111542e-05
0.00011135201202705503,6.114915595389904e-05,-0.00044467512634582823,0.00026022593374364083,0.0001131836397689767
0.00011279602767899631,7.035835733404383e-05,-0.0004514132742770017,0.0002569564967416227,0.0001265645114472136
0.0001511876907898113,8.979392441688105e-05,-0.00048412359319627285,0.000247669086093083,8.649719529785216e-05
0.00010528970597079024,7.949785504024476e-05,-0.0004618600651156157,0.00025060996995307505,9.925905033014716e-05
9.712830797070636e-05,6.282167305471376e-05,-0.0004703735176008194,0.00026302732294425374,8.612115198047832e-05
9.68969688983634e-05,6.864216265967116e-05,-0.00048759856144897634,0.00025020574685186153,7.657631795154884e-05
0.00011939006799366324,7.087102858349681e-05,-0.0004830740217585117,0.0002352664450882003,8.066085138125345e-05
0.00010301277507096528,4.8310961574316025e-05,-0.00048209272790700197,0.00023817780311219394,7.921832730062306e-05
0.0001096658015740104,7.718503184150904e-05,-0.00048772623995319014,0.00025803069001995027,8.707788947504014e-05
0.00010393088450655341,7.331057713599876e-05,-0.0004835923027712852,0.0002544793824199587,9.16860153665766e-05
9.655878966441378e-05,6.486280472017825e-05,-0.0004843706556130201,0.00022364499454852196,7.324688340304421e-05
9.58459422690794e-05,5.029246312915348e-05,-0.0004849148099310696,0.0002326957765035331,7.455344893969594e-05
0.00013237174425739795,8.747475658310577e-05,-0.000464981741970405,0.0002470376784913242,9.156962914858012e-05
9.216388571076096e-05,6.0042737459298216e-05,-0.0004554091719910502,0.00024698901688680053,0.00010271977225784211
9.675326873548328e-05,8.425457053817809e-05,-0.0004752152890432626,0.0002220666647190228,8.055595390032977e-05
0.00012220593634992838,9.15953642106615e-05,-0.0004563481197692454,0.00027068625786341727,0.00010663708235369997
0.00011779883789131418,7.675477536395192e-05,-0.0004523597890511155,0.00024941322044469416,8.910888573154807e-05
0.0001406324008712545,5.857643554918468e-05,-0.0004599493404384702,0.00024900000425986946,8.311775309266524e-05
0.00014158064732328057,-2.3056638383422975e-05,-0.000445956364274025,0.0001916190376505256,7.794948760420084e-05
0.00013427781232167035,6.556621428899234e-06,-0.0004503047675825656,0.00021695280156563967,0.00011721286136889829
0.00014159378770273182,1.5363011698354967e-05,-0.000520307628903538,0.00019035206059925255,6.22656152700074e-05
0.00010940363426925614,-2.7833972126245502e-05,-0.0005198006983846426,0.00017929878958966586,4.747558341477998e-05
0.00012105771747883408,5.95608762523625e-05,-0.0004915675381198525,0.0002263454371131957,6.463345198426397e-05
0.00012296685599721968,-1.7822670997702513e-05,-0.000525685609318316,0.00018648918194230646,6.101860344642773e-05
0.00011665959027595818,-3.249186192988418e-05,-0.0005120135028846562,0.00018840047414414585,6.195356399985029e-05
0.00011287462257314472,-4.227404133416712e-05,-0.0005135679384693503,0.0001745728077366948,5.02590773976408e-05
0.00012983597116544843,-1.8081684174831025e-05,-0.0005235164426267146,0.00018219229241367432,5.283543578116223e-05
0.00011348417319823056,-3.4822485758923e-05,-0.0005055020446889101,0.0001825549261411652,5.9053272707387805e-05
0.00011215597623959185,-2.816639789671171e-05,-0.0005258912569843234,0.0001699339336482808,4.85089112771675e-05
0.00011683428601827474,-3.454462785157375e-05,-0.0005170612712390722,0.0001887562248157337,5.780240098829381e-05
0.00012360872642602772,-2.6946521757054143e-05,-0.0005031706532463431,0.00018296504276804623,6.618951738346368e-05
0.00014941919653210792,2.972120637423359e-05,-0.00046818045666441316,0.00024083504104055464,7.960110815474765e-05
0.00014644423208665105,-2.6483312467462383e-06,-0.0005021159886382519,0.0002157328854082152,8.356714533874765e-05
0.00011762124631786722,-1.059123042068677e-05,-0.0004903427907265723,0.0002035457728197798,8.372149750357494e-05
0.00012093438272131608,-1.1630222616076935e-05,-0.0005119119887240231,0.0001953873288584873,5.750802665716038e-05
0.00012605389929376543,-3.672307866509073e-05,-0.0005012017791159451,0.00018264123355038464,5.419392982730642e-05
0.00011861213715747,-4.298575731809251e-05,-0.0004916726029478014,0.00018132397963199764,5.103761941427365e-05
0.00011589510540943591,-2.680199577298481e-05,-0.0005000116070732473,0.0001909596321638673,6.876610859762877e-05
0.00013897127064410594,5.3245425078785054e-05,-0.00030305673135444516,0.0002043677377514541,9.016245894599706e-05
0.00015450059436261654,5.355418397812173e-05,-0.0005354338209144771,0.00021435998496599493,0.00010702552390284836
0.00017443828983232382,2.1295843907864764e-05,-0.0004606732691172511,0.00021688923879992217,0.00010889910481637344
8.012426405912264e-05,-6.177438626764342e-05,-0.0004664135922212153,0.0001999723754124716,8.387689740629867e-05
0.0001827846135711297,4.535952393780462e-05,-0.00047928834101185197,0.00018680586072150615,7.26361176930368e-05
0.00012140903709223494,-6.398455752787412e-06,-0.0005395146436057985,0.00019558344502002,6.370227492880076e-05
0.0001262800797121599,-4.8543670345679865e-06,-0.0005471873446367682,0.00018043215095531195,4.003951471531764e-05
0.00012609059922397137,-4.788982550962828e-06,-0.0005097571993246675,0.00018896399706136435,6.202051736181602e-05
0.00012631282152142376,-8.923803761717862e-06,-0.0004813153063878417,0.0002064127183984965,8.711405098438263e-05
0.00014536063827108592,-1.5039605386846231e-05,-0.0005079268594272435,0.00019012734992429611,7.625231955898926e-05
0.0001244405866600573,-1.447268823540071e-05,-0.000514172250404954,0.00019799332949332893,6.97853320161812e-05
0.00011077792441938071,-4.304087997297757e-05,-0.0005099136615172029,0.00019106517720501867,6.389839109033346e-05
0.00010936777107417585,-2.806524571496993e-05,-0.0005187886417843401,0.00018868922779802236,5.5430591601179906e-05
0.00010434815339976923,-1.5430690837092698e-05,-0.0004890114068984985,0.0002042312844423577,7.161305256886408e-05
0.00011554369120858608,-2.278712963743601e-05,-0.00048706296365708113,0.00021307860151864588,7.657838432351127e-05
0.00013288293848745525,2.686601646928466e-06,-0.0004883344518020749,0.00021185950026847425,7.445222581736743e-05
0.0001408270763931796,-1.9363169485586692e-05,-0.0004917211481370032,0.00018901153816841543,7.91797647252679e-05
0.00012157313904026523,-4.8078942199936137e-05,-0.0005019623786211014,0.00019607674039434642,9.033852984430268e-05
0.00011752524733310564,-5.464497007778846e-05,-0.0005129575729370117,0.00017997928080148998,5.04331874253694e-05
0.00012964718916919082,-4.7418019676115364e-05,-0.0005162088200449944,0.00018112648103851825,6.638254853896797e-05
0.00012685431283898652,-4.854580402025022e-05,-0.0004960737423971295,0.00020165320893283933,8.769636770011857e-05
0.00010457087046233936,-2.1161407858016897e-05,-0.0005172145320102572,0.00019776454428210852,6.345791189232841e-05
0.00012411538045853376,-1.5969622836564668e-05,-0.000505870848428458,0.00019601642270572484,8.288488606922328e-05
0.0001099845685530454,-3.1808038329472765e-05,-0.0005142790614627302,0.00018582811753731218,5.900816540815868e-05
0.00011138810077682136,-1.0493374247744214e-05,-0.0004919949569739401,0.0001983456313610077,7.605453720316291e-05
0.00012291211169213057,-2.2137382984510626e-05,-0.0005035605281591415,0.00019550129945855588,5.89716000831686e-05
0.00012087438517482951,-1.9125631297356452e-05,-0.0005064436118118465,0.0001886033860500902,5.9775546105811366e-05
0.00012633304868359121,-5.366878667700804e-06,-0.0005005089333280921,0.000203178555238992,6.355683581205085e-05
0.00012341026740614325,-2.0078938177903186e-05,-0.0005194345139898361,0.000202200302737765,7.236548117361963e-05
0.00010877639579121025,-1.1222864486626351e-05,-0.0004903950029984118,0.00020747278176713732,6.788304017391056e-05
0.00011785637616412715,-3.119980829069391e-05,-0.0004968749126419425,0.0001789944217307493,6.862550799269229e-05
0.00012668535055126998,-1.0553363608778453e-05,-0.0005041678668931127,0.00020848259737249464,7.398100569844246e-05
0.0001135422717197798,-1.303884982917225e-05,-0.0005157581763342023,0.00021656522585544732,6.806765304645522e-05
0.00010600681707728654,-3.810776615864597e-05,-0.0005106005701236427,0.00016842839249875396,4.746480408357456e-05
0.00016437207523267716,1.468643495172728e-05,-0.0005110552301630378,0.0002149136853404343,7.814576383680105e-05
0.00014055558131076396,-2.490696897439193e-05,-0.000499112531542778,0.00018952589016407728,5.153613528818824e-05
0.0001193369462271221,-2.414426126051694e-05,-0.0005228574736975132,0.00019222557602915916,5.421576861408539e-05
9.702629176899792e-05,-3.242011371185072e-05,-0.0005176935810595751,0.00017498162924312055,5.024294659961015e-05
0.00011233298573642969,-3.602693323045969e-05,-0.0005169917130842805,0.00018618105968926105,6.113343260949478e-05
0.00011334889859426768,-2.1127943909959868e-05,-0.0004920550854876636,0.0001930532744154334,8.739296754356475e-05
0.00012516137212514875,-1.0249324986943975e-05,-0.0005125090247020125,0.00020131017663516104,7.374924462055787e-05
0.00014730256225448102,-1.5268562492565252e-05,-0.00046383857261389494,0.0002156978443963453,0.00010292944352841003
0.00013415576540865004,-7.995826649676019e-07,-0.0005195644334889948,0.0001952713209902868,6.197026959853247e-05
0.00012088369112461804,-2.475247856636997e-05,-0.0005106095923110843,0.00017545146693009883,5.522771971300244e-05
0.00013181185931898654,-3.0241897547966804e-05,-0.0004934302414767443,0.00019228964811190966,7.17496150173247e-05
0.00011936083319596946,3.5480448445923685e-07,-0.0005100816488265991,0.0002081908896798268,7.051682041492313e-05
0.00012868265912402419,-7.739326065347997e-06,-0.0005178071442060173,0.00019966864783782512,7.319902942981571e-05
0.00010256066889269276,-3.37469027726911e-05,-0.0004994267947040498,0.0001913260930450633,6.285244307946414e-05
0.00012736156350001693,-1.286501810682239e-05,-0.0005042682751081884,0.00021322423708625138,8.218918083002791e-05
0.00010391778050689028,-3.548916720319539e-05,-0.0005023301346227528,0.00018452084623277187,6.659344217041507e-05
0.0001222181599587202,-1.4527651728712955e-05,-0.0005017755902372301,0.0001903189113363624,6.630217831116171e-05
0.000131205641082488,-1.132942770709633e-06,-0.0004970169975422323,0.00020779292390216145,6.11591021879576e-05
0.0001385878276778385,-8.323689144162927e-06,-0.0005190197261981666,0.0001932784653035924,7.770176307531074e-05
0.00010300270514562726,-3.5168646718375385e-05,-0.0005149418720975518,0.00018034309323411435,5.90215167903807e-05
9.877324191620572e-05,-2.0441484593902715e-05,-0.0005018385127186775,0.000192476058145985,7.725650357315317e-05
0.00010010527330450714,-2.604554538265802e-05,-0.0005164488102309406,0.00018644772353582084,5.171891461941414e-05
0.0001046260294970125,-3.0604471248807386e-05,-0.0005142239388078451,0.00018356929649598897,5.344460805645213e-05
0.0001131487370003015,-2.8236096113687378e-05,-0.0005144798196852207,0.00019853330741170796,6.266222044359893e-05
0.0001151108153862879,-2.2229169189813547e-05,-0.0005094801890663803,0.0001813472481444478,6.959806341910735e-05
0.00013956325710751116,-1.7427893908461552e-05,-0.0005060313269495964,0.0002027730515692383,9.455129475099966e-05
0.0001410147815477103,-8.079746294242796e-06,-0.00048750702990219,0.00023358339967671782,7.792923133820295e-05
0.0001176971709355712,-1.8506369087845087e-05,-0.0004740727308671922,0.00019390422676224264,8.792643347987905e-05
0.00011113213986391202,-1.0839249625860248e-05,-0.0005147787742316723,0.0001821310579543933,6.400157144526021e-05
0.00011930430628126487,-1.995414459088352e-05,-0.0005108640762045981,0.0001943202660186216,6.844227755209431e-05
0.00010811434185598046,-3.0042116122785962e-05,-0.0004912296426482499,0.00018759323575068265,8.420878293691203e-05
0.00012618226173799485,-8.939388862927444e-06,-0.0004998229560442269,0.0002051158953690901,8.958164107752964e-05
0.00012617473839782178,-2.7757823772844862e-05,-0.0005097900284454226,0.0001949067082023248,5.4925483709666885e-05
0.00010315618419554085,-2.261627196276095e-05,-0.0005137667176313698,0.00019723277364391836,4.8423604312120005e-05
0.000114229966129642,-3.731876859092154e-06,-0.0005198150174692273,0.0002117088442901149,7.348741200985387e-05
0.00010531880252528936,-2.9235137844807472e-05,-0.0005220121238380671,0.00017400436627212912,4.571148019749671e-05
0.00013595652126241478,-1.0973784810630603e-05,-0.0005031774053350091,0.00019597704522311687,6.132272392278537e-05
0.0001357463770546019,-9.69844859355362e-06,-0.0005050735780969262,0.00018699067004490644,6.938212754903361e-05
0.00012740943930111823,-1.8642911527422257e-05,-0.0004974944167770445,0.00020818998746108264,8.498211536789313e-05
0.00012822933786083013,3.5987259252578947e-06,-0.0004924944369122387,0.0001968818687601015,8.33451049402356e-05
0.00012384078581817448,8.830957995087374e-06,-0.0004755472764372825,0.00021975455456413331,8.253336272900924e-05
0.0001263659505639225,-2.360286089242436e-05,-0.0004836164298467338,0.00019115586474072188,8.102228457573801e-05
0.00011453891056589782,-1.821444857341703e-05,-0.0005140001303516328,0.00018370349425822496,5.459239764604718e-05
0.00010206385923083872,-4.3005078623536974e-05,-0.0005100195412524045,0.00017688625666778535,6.56860793242231e-05
0.00012130690447520463,-1.640884147491306e-05,-0.0005191666423343122,0.00018655236635822805,6.118731835158543e-05
0.00012024460738757624,-2.0864219550276172e-05,-0.0005105913733132184,0.000196278138901107,6.0493650380522006e-05
0.00013841915642842648,-2.4231774659710933e-05,-0.00048009507008828223,0.00021382428531069309,9.078956645680591e-05
0.0001113157923100516,-1.6378215150325562e-05,-0.0005164574249647559,0.00019897137826774267,6.476446287706494e-05
0.00010290436330251397,-3.279175507486798e-05,-0.0005177566781640053,0.0001813656708691269,6.019043576088734e-05
0.00011242690379731354,-3.26782428601291e-05,-0.0005108388140797615,0.00018338240624871102,7.542494131485e-05
0.00011107306636404246,-4.5041233533993357e-05,-0.0005147677147760987,0.00017631457012612373,6.690905138384551e-05
0.00012031073856633157,-1.2865685675933493e-05,-0.0005193207762204112,0.00019726161553990096,6.494855915661901e-05
0.0001181930201710202,-3.6439803807297715e-05,-0.000495649641379714,0.00018082790484186265,6.528692756546661e-05
0.00013332082016859204,-5.240287464403082e-06,-0.0004846913216169924,0.0001958492357516661,7.171490869950503e-05
0.00011529885523486882,-3.0059218261158087e-05,-0.0004983966355212033,0.00019184690609108654,7.67897508922033e-05
0.00011850474402308464,-2.258290805912111e-05,-0.0005104333395138383,0.0002031500480370596,7.697157707298175e-05
0.00011938449461013081,-1.4269012353906875e-05,-0.0005126529722474514,0.00019846462237183002,5.259909448795952e-05
0.00015360563702415675,1.8729590010480027e-05,-0.000497860019095242,0.00020937334920745343,8.511351916240528e-05
0.000134910354972817,-1.3955592294223608e-05,-0.0004969525034539403,0.00020903420227114108,9.225204121321441e-05
0.00015419516421388835,1.7477748770033937e-05,-0.000502144917845726,0.00019323894230183214,5.2277027862146504e-05
0.00011664073826977983,-1.7254646081710234e-05,-0.0005143243470229208,0.00017597596161067486,4.854500730289146e-05
0.00011626855848589912,-9.930404303304384e-06,-0.0004779958981089294,0.0001998701773118228,6.835621752543375e-05
0.00011159975110786036,-1.3084214515401982e-05,-0.0005113841616548598,0.00018375381478108466,5.3291132644517354e-05
0.00010659745748853312,-2.336714715056587e-05,-0.0005134414532221854,0.0001777360012056306,4.838276072405279e-05
0.00011185376206412913,-3.148813266307116e-05,-0.00048286671517416835,0.00021377806842792782,8.560957940062508e-05
0.00012919474102091044,-1.684679546087864e-06,-0.0005157632404007019,0.00019693638023454696,6.879881402710453e-05
0.00011286980588920414,-3.470949741313234e-05,-0.000496942491736263,0.00017078837845474482,6.564245268236846e-05
0.00013596667849924415,-1.3666738141182577e-06,-0.00046542900963686407,0.00019729445921257136,8.661425090394914e-05
0.0001303086755797267,-3.8115942970762254e-06,-0.0005030574393458664,0.00018340584938414398,5.9054651501355686e-05
0.00014568917686119676,-8.310152566082252e-07,-0.0004947258858010173,0.0002068043686449528,5.925809819018468e-05
0.00014223511971067637,-1.498610345151974e-06,-0.0005091758212074636,0.00020094749925192448,6.381398998200893e-05
0.00013041778584010902,-1.719669126032386e-05,-0.0005153529345989226,0.00020238565048202872,6.946054054424168e-05
0.0001354622218059376,-1.166899710369762e-05,-0.0005079436814412475,0.00021419500990305096,8.011005411390215e-05
0.00014321078197099268,-3.0957555736677027e-06,-0.00046723074046894913,0.0002077852113870904,8.648955554235728e-05
0.00012871429498773068,-1.5194989828160031e-05,-0.0005053529748693109,0.00020163954468443992,8.64729518070817e-05
0.00012387507013045251,-1.4910808658896713e-06,-0.0004945543478243053,0.00020545683219097557,7.319961150642484e-05
0.00010834760178113356,-1.6350530131603588e-05,-0.0005049763130955398,0.00019543644157238302,6.524970376631245e-05
0.00011263314809184519,-1.96475211851066e-05,-0.0004902221844531597,0.0001997898943955079,7.652327622054146e-05
0.00011286210065009072,-2.8159882276668213e-05,-0.0005144483293406665,0.00017047619621735066,4.05878308811225e-05
0.00010409155947854742,-3.9449569158023217e-05,-0.0005201774765737356,0.00017712425324134529,5.779157800134273e-05
0.00013198921806178987,-2.3075073841027915e-05,-0.0005013226764276624,0.0002018698578467593,7.737166743027046e-05
0.0001356777793262154,9.19751255423762e-06,-0.0005309899570420383,0.00019454695575404912,7.178501982707529e-05
0.00010846833174582572,-2.8143471354269426e-05,-0.0005110823549330236,0.0001849989639595151,5.5226173572009436e-05
0.00010186068539042026,-2.8909165848745037e-05,-0.0005129280616529286,0.00018852936045732352,4.182657357887365e-05
0.00011186717892996968,-2.2003241610946134e-05,-0.0005187992355786264,0.00018154045392293483,5.423642869573087e-05
0.00010788624786073342,-1.9310951756779104e-05,-0.0005191703676246107,0.00019442279881332067,5.763292938354425e-05
0.00010435464355396108,-2.3967854758666363e-06,-0.0004898702027276158,0.00019458422320894894,8.304914081236348e-05
0.00010855016444111244,-3.5530170862330124e-05,-0.00048099464038386936,0.000188483638339676,8.5405059508048e-05
0.00013937002222519368,7.623620149388443e-06,-0.00048080738633871084,0.00023025798145681622,8.55046309879981e-05
0.00011981959687545896,-1.0869803190871608e-05,-0.0004905282403342426,0.00021822827693540603,7.700388960074632e-05
0.00013460307673085478,5.477902504935628e-07,-0.0004979347577318549,0.0001844263169914484,5.530565613298677e-05
0.0001166889778687619,-3.113492493866943e-05,-0.0005152124213054776,0.00017850509902928025,5.343812154023908e-05
9.864110324997456e-05,-4.002594869234599e-05,-0.0004987019347026943,0.00018409542099107057,5.543471343116835e-05
0.00011964966688537972,-1.7158974515041336e-05,-0.0005174691323190928,0.0001876246533356607,6.703598774038254e-05
0.00013169973681215194,-2.1587824448943135e-05,-0.000492926046717912,0.00020524326828308403,9.680470975581557e-05
0.00013634144852403549,-7.908232873887755e-06,-0.0004907482652924955,0.00022695249936077744,0.00010928168921964244
0.00013720647257287055,7.2532006925030154e-06,-0.0005103786243125796,0.0002001798275159672,8.125973545247689e-05
0.00011135464592371135,-2.3386104658129625e-05,-0.0004948391579091549,0.00019177918147761372,6.326602306216955e-05
0.00011464833369245751,-4.766062829730799e-06,-0.0005145528702996671,0.0002105079620378092,7.954227476147935e-05
0.00011491053010104224,-1.5823979993001558e-05,-0.0004972309689037502,0.00021421947167254982,8.821384835755453e-05
0.00011208639625692741,-1.0235648005618714e-05,-0.000500859459862113,0.00020343567302916202,7.426710362778977e-05
0.00011269601236563176,-2.6839541533263397e-05,-0.0005090076010674238,0.00018261912919115275,5.701329791918397e-05
0.00011313751019770281,-1.1126313438580837e-05,-0.00048436017823405564,0.0001966378040378913,7.779410952934995e-05
0.00012835631787311286,-1.2558276466734242e-05,-0.0004573465848807245,0.00020289671374484894,0.00010157217184314504
0.00010365076741436496,-2.1882644432480447e-05,-0.000513264792971313,0.0001922296651173383,7.863355858717114e-05
0.00012280195369385183,-2.1729852960561402e-05,-0.0005008337320759891,0.00020737863087560984,8.005107520148158e-05
0.00012251203588675708,-1.4288894817582333e-05,-0.0005294253933243455,0.00017750616825651377,4.7248795453924686e-05
0.00010377517901360987,-1.058509496942861e-05,-0.0005178762366995214,0.00018813186034094542,5.8957724831998355e-05
0.00010538372589508073,-2.725303056649864e-05,-0.0005075607332400979,0.00019457978487480432,6.736676732543856e-05
0.00010620134708005936,-2.1597435988951474e-05,-0.0005170695949345827,0.00018840472330339253,4.59123621112667e-05
0.0001343067706329748,-2.168866922147572e-05,-0.0005121889989823104,0.0001828822132665664,5.8172823628410704e-05
0.0001134804915636778,-3.8319703890010715e-05,-0.0004981764359399676,0.00016417395090684297,4.6579480112995946e-05
0.00014966730668675154,3.913051841664128e-06,-0.0005050908657722175,0.00021426995226647705,6.267361459322274e-05
0.00010525157995289192,-2.3581529603688974e-05,-0.0005146657931618391,0.0001833649730542675,4.868211181019433e-05
0.00011071754124714063,-3.314056448289193e-05,-0.0005177708226256074,0.00018216238822788,5.8309822634328163e-05
0.00014373428712133318,-7.860046025598422e-06,-0.00046992072020657366,0.0002100575075019151,0.00010836688306881116
0.00012559356400743127,-4.6629320422653116e-05,-0.00048719710321165616,0.00017224789189640433,5.9947331465082236e-05
0.00013934592425357548,-7.44258386475849e-06,-0.0005101882852613926,0.00018776887736748904,7.854204159229994e-05
0.00014085475413594398,-4.214346063236008e-06,-0.0005069707403890789,0.0002269981341669336,9.301409590989351e-05
0.0001237566175404936,1.712232119643886e-06,-0.0004981516976840794,0.0001869310362963006,7.854485011193901e-05
9.896601113723592e-05,-1.8467871996108443e-05,-0.0004968014545738697,0.00018939879373647275,5.465083449962549e-05
0.00010342061432311313,-3.64345069101546e-05,-0.000499215442687273,0.0001913291052915156,6.638222112087533e-05
0.00012147592497058213,-2.177090937038884e-05,-0.0005104670999571682,0.0001947551209013909,6.155233131721616e-05
0.00011403458483982833,-1.5178788089542651e-05,-0.0005108299083076417,0.0001748159120324999,4.6322529669851065e-05
0.00010521562217036262,-3.083762567257509e-05,-0.0005207392969168723,0.00018329659360460934,4.942089071846567e-05
9.967808000510558e-05,-1.210321170219686e-05,-0.0005192173994146287,0.0001951427402673289,5.06710639456287e-05
0.0001293030072702095,2.9112445645296248e-06,-0.0005195848643779755,0.0001925845717778429,6.535715510835871e-05
0.00011708584497682749,-9.582990060152953e-06,-0.000516569591127336,0.0001818233577068895,4.7792622353881604e-05
0.0001159524399554357,-1.7787800970836546e-05,-0.0004797490546479821,0.0001849822292570025,4.9973161367233836e-05
0.00012039599096169695,-1.3750453945249319e-05,-0.0005183608154766262,0.00019492191495373845,6.133122951723635e-05
0.00010371954704169184,-1.175870329461759e-05,-0.0004933089367114006,0.00019426325161475688,6.429796485463157e-05
0.00012908932694699618,-1.008840263239108e-05,-0.00033258442999795085,0.00024935833062045276,0.0001224259176524356
0.00042862634290941065,-4.050401548738592e-05,-0.000261889974353835,0.00026550254551693797,0.00026424566749483347
0.0003839396813418716,3.099633249803446e-05,-0.0005257657030597329,0.00015939965669531378,0.00010366429341956972
0.00014790834393352267,1.5709829312982038e-05,-0.0005141518777236341,0.00019765373144764453,5.6510307331336655e-05
0.00011264687782386318,4.445465947355842e-06,-0.000504202616866678,0.00019085386884398758,4.2332860175520175e-05
7.167274452513084e-05,-1.746512862155214e-05,-0.0005170551594346762,0.00018683174857869744,3.326712612761185e-05
7.61384508223273e-05,-1.5492842067033052e-05,-0.0005095333326607944,0.00019109572167508304,5.22124937560875e-05
0.00010212993220193312,-1.2370213880785741e-05,-0.0004962391103617847,0.00019247311865910888,4.478124537854456e-05
0.00011118041584268212,-7.274715699168155e-06,-0.0004843706556130201,0.00019491960119921717,6.750437751179561e-05
9.885498002404348e-05,-2.0995854356442575e-05,-0.0004866867384407669,0.0001734548568492755,6.431997462641448e-05
0.0001116877974709496,-2.8384481993271038e-05,-0.0004716808907687664,0.00018761922547128046,7.64925716794096e-05
0.00012855006207246333,-5.2482987484836485e-06,-0.0005127383628860116,0.00020139750267844647,5.84028493904043e-05
0.00010478591866558418,-2.8335525712464008e-05,-0.00048786282422952354,0.0001961171510629356,7.399384048767388e-05
0.00011322290083626284,-2.5766823455342088e-05,-0.0005126335890963674,0.0001756466954248026,5.21979236509651e-05
0.00011499245010782032,-2.2130716388346627e-05,-0.0004999205702915788,0.0001920831855386496,5.6529046560171985e-05
0.000136505754198879,-7.847065717214718e-07,-0.0005027531879022716,0.0002015793143073097,5.909799438086338e-05
0.00012764590792357922,-8.298331522382796e-06,-0.0004930603899993002,0.00019752125081140548,7.512479351134971e-05
0.00010026788368122652,-1.6158053767867386e-05,-0.0005142398877069354,0.00017301083425991234,4.288231139071286e-05
0.0001280263386433944,-1.3286568901094142e-05,-0.000493355211801827,0.00019583011453505603,9.905103797791526e-05
0.00014774395094718784,3.7913819141977005e-06,-0.0004670784110203386,0.0001968953147297725,0.00010851254046428947
0.00012545473873615265,-2.0576713723130524e-05,-0.0004845850053243339,0.00018280271615367383,9.9748263892252e-05
0.00010677211685106158,-1.9172788597643372e-05,-0.00047044703387655323,0.00021203745563980192,7.043544610496609e-05
0.00011433327017584817,-2.3688080545980483e-05,-0.0004889007541351019,0.00020967576710972932,8.247252117143944e-05
0.00015218897897284478,-1.5865116438362747e-05,-0.0005056923837400973,0.00019853658159263432,7.06075079506263e-05
9.707901335787028e-05,-3.875593392876908e-05,-0.0004897118778899312,0.0001924377866089344,5.827957284054719e-05
0.0001302802556892857,-1.0748904060164932e-05,-0.0005390743026509881,0.00017320326878689232,4.384036947158165e-05
0.00012499505828600377,-1.0765918887045698e-05,-0.0004997787182219326,0.00018336251378059387,7.334249676205218e-05
0.0001190160110127181,-3.480704253888689e-05,-0.0004883567453362048,0.0001923842792166397,8.654678822495043e-05
0.00011860235827043653,-2.0579536794684827e-05,-0.0004990502493456006,0.00019569846335798505,7.931011350592598e-05
0.00012086862261639907,-1.7625225154915828e-05,-0.0005083660944364965,0.00018647249089553952,8.650276868138462e-05
0.00013124402903486046,2.4969797323137755e-06,-0.0004927210393361747,0.00019592500757426023,9.078947186935692e-05
0.00013512781879398972,-2.5071039999602366e-05,-0.0004905851092189549,0.00019191921455785632,8.112173236440867e-05
0.00011993722728220747,-3.144187212456018e-05,-0.0004796216962859034,0.00020064541604369881,9.442325972486287e-05
0.00013148304424248636,-7.228314188978403e-06,-0.0005018465453758836,0.00021183719218242916,7.791387179167941e-05
0.00012124227941967548,-2.9766948500764563e-05,-0.0004933246527798474,0.00017893061158247292,7.84759467933327e-05
0.00012453754607122391,-1.8753798940451816e-05,-0.0004962689708918333,0.00022136223560664806,9.384813893120736e-05
0.00013233300705906004,1.710598553472664e-06,-0.0004892832366749643,0.00022408409859053788,9.434399544261396e-05
0.00011937513772863896,-1.3490131095750254e-05,-0.0005070172483101487,0.0001826133957365528,6.821956048952416e-05
0.00011345497478032483,-2.537902037147433e-05,-0.0004931240109726787,0.0001892335130833089,6.544959614984691e-05
0.0001250812056241557,2.8149238460173365e-06,-0.0004859035252593458,0.00020517126540653408,7.554382318630816e-05
0.0001436202583136037,-3.261797019149526e-06,-0.0004890270065516233,0.00022358426940627402,9.1156289272476e-05
0.00012263689131941646,-3.094351995969191e-05,-0.00047969038132578135,0.0001994071644730866,6.312293407972902e-05
0.00012235867325216534,-1.5325620552175682e-05,-0.0005005819257348776,0.00018978196021635083,5.126749238115736e-05
0.0001395808649249375,1.637084551475709e-06,-0.0004985428531654179,0.0002021936961682513,7.685236778343096e-05
0.00011762143549276516,-1.170479845313821e-05,-0.000517709006089717,0.00018868016195483503,6.077131911297329e-05
0.00012102862092433496,-2.537038199079689e-05,-0.000505239877384156,0.00020098841923754662,6.635220051975921e-05
0.00012135133874835446,-2.62879239016911e-05,-0.0005166259943507613,0.00017669207591097802,6.292250327533111e-05
0.00013480843335855752,-1.5394087313325148e-05,-0.0005219822633080183,0.00017824236419983208,6.0182450397405773e-05
0.00011579030251596123,-2.3659804355702366e-05,-0.00048260175390169024,0.00018167139205615968,5.66427806916181e-05
0.00011818880011560395,-3.874217145494186e-05,-0.0005012736073695123,0.00017239489534404132,6.29711285000667e-05
0.00012007189070573077,-2.63587153312983e-05,-0.0005149238277226686,0.00017376431787852198,4.867181996814906e-05
0.00011088397877756506,-1.6924768715398386e-05,-0.0004994481569156051,0.0001855314039858058,7.471186836482957e-05
0.0001328665530309081,-2.8657175789703608e-05,-0.0004895959864370525,0.0002016358484979719,8.105925371637568e-05
0.00011469363380456345,-1.0996308446920011e-05,-0.000497093191370368,0.00020681666501332074,7.386979996226728e-05
0.00011857259960379453,-6.668620699201711e-06,-0.0005255811265669763,0.00018957434804178772,3.700218803714961e-05
0.00012242818775121123,-2.986055005749222e-05,-0.0005189295625314116,0.0001751796662574634,4.75868619105313e-05
0.00011697642912622538,-1.6444662833237093e-05,-0.0005007735453546047,0.0001877410395536572,7.799238665029407e-05
0.0001287574850721285,-2.325954301340971e-05,-0.000493482977617532,0.00018776579236146065,6.650981231359765e-05
0.00013856132864020765,5.551134381676093e-05,-0.0004841212939936668,0.00019608247384894642,6.175695307319984e-05
0.00011554089724086224,1.5179308320512064e-05,-0.0004947373527102172,0.00020291819237172606,5.7079418184002855e-05
0.0001051852959790267,3.98676420445554e-05,-0.0004759713192470372,0.00021827046293765306,6.363079592119902e-05
0.00012108914961572737,3.3541975426487625e-05,-0.0004723129386547953,0.00020856238552369175,6.869249773444608e-05
0.00012146140215918423,-1.5161400369834155e-05,-0.0004940670332871377,0.00020214980759192255,7.185503636719659e-05
0.00010238881077384576,5.356270048650913e-05,-0.0004900841158814728,0.00020855898037552836,6.294198828982189e-05
0.00012474751565605402,3.981017289333977e-05,-0.00047802110202610487,0.00022391905076801777,9.886211046250536e-05
0.00014466831635218114,2.826243871822953e-05,-0.0004826712829526514,0.00019659601093735543,8.715897274669258e-05
0.00013285383465699852,4.314645593694877e-06,-0.0004915287136100234,0.0002012315089814365,7.234989607241005e-05
0.00010489916166989131,2.7019556000595912e-05,-0.00047829130198806524,0.00020237489661667496,5.8301742683397606e-05
0.00010932522127404809,-2.7074667741544548e-05,-0.00047996966168284416,0.00019667568267323082,6.0854912590002634e-05
0.00011863547842949629,-2.064635555143468e-05,-0.0005052924389019608,0.00019339504069648683,6.237431080080569e-05
0.00010466967069078235,-2.369369030930102e-05,-0.000510596903041005,0.00018519579316489398,5.655816130456514e-05
0.00013411724648904055,-1.634235741221346e-05,-0.0004886937094852328,0.00019338296260684729,7.500201172661036e-05
0.0001353706029476598,2.4673111056472408e-06,-0.0005089040496386588,0.0002118080883519724,7.965019176481292e-05
0.00011409755097702146,1.5105463262443664e-06,-0.0005138376727700233,0.00018261169316247106,4.4846303353551775e-05
0.00012859299022238702,-2.2226520741241987e-05,-0.0004981197416782379,0.00020188082999084142,8.047801384236664e-05
0.00011107148748124018,4.800620558853553e-07,-0.0005111293867230415,0.00019760832947213203,5.739311745855957e-05
0.00010638487583491951,-3.852970621665008e-05,-0.0004893899895250797,0.00018660396744962784,5.242970655672252e-05
0.00012146309745730832,-2.639889316924382e-05,-0.0005041079712100327,0.0001918209600262344,7.969413127284497e-05
0.0001062081501004286,-9.75973489403259e-06,-0.0005110707716085017,0.00017380864301230756,5.420330126071349e-05
0.00013947607658337802,-1.0823308912222274e-05,-0.0005199977313168347,0.0001845191727625206,6.833371298853308e-05
0.0001501763763371855,-1.4177016964822544e-05,-0.0005266703083179891,0.00018989804084412756,6.404072337318212e-05
0.00014274728891905394,9.115592547459528e-06,-0.0004914420424029231,0.00022366901976056402,0.00010522803495405242
0.000130197309772484,-2.3181299184216186e-05,-0.0004613766795955599,0.0002086845779558644,0.00011596882541198283
0.00011929492029594255,-2.402716381766368e-05,-0.0004993474576622248,0.00019899930339306596,9.140004840446636e-05
0.00010567999561317265,-9.393386790179648e-06,-0.0004941154038533568,0.00021974439732730389,9.071632666746153e-05
0.00013768691860605029,-1.1792315490311012e-05,-0.0005025285063311458,0.00019670469919219613,7.057734183035791e-05
0.00010348856449127196,-3.064337943214923e-05,-0.0004802831099368632,0.00019773229723796248,7.480497879441828e-05
0.0001197059900732711,-3.274030677857809e-05,-0.0005175247206352651,0.00018396886298432943,7.154473860282451e-05
0.0001232823997270316,1.6295597333737533e-06,-0.0005027056322433053,0.0001986263960134238,7.974677282618359e-05
0.00011533993529155849,-2.399905315542128e-05,-0.0004888582043349743,0.00019922723004128784,8.314939623232931e-05
0.0001245972671313211,-3.5225235478719696e-05,-0.0004887097747996451,0.0001877207978395745,7.391691178781912e-05
0.00012891249207314104,-3.852721056318842e-05,-0.0005092574283480643,0.00017910085443872958,8.753868314670399e-05
0.0001261242141481489,-1.053942833095789e-05,-0.0005063466960564256,0.00020157448307145387,7.371802348643541e-05
0.00011042960977647454,-2.8173011742183007e-05,-0.0005013355985283852,0.0001807683875085786,4.6883022150723264e-05
0.0001245128078153357,-1.9146538761560805e-05,-0.0004999598604626954,0.0002062955463770777,7.510409341193737e-05
0.0001275979884667322,2.725863851082977e-06,-0.0005146279581822455,0.00020057405345141888,7.143945549614726e-05
0.00012403410801198336,-3.5489474612404592e-06,-0.0005110089550726116,0.00018790352623909712,5.8038494898937636e-05
0.00011357363109709695,-2.051835690508597e-05,-0.0005141277215443552,0.00017514709907118234,4.364117194199935e-05
0.00010098955681314692,-3.515250136842951e-05,-0.0005133514059707521,0.00017067443695850668,5.230421083979309e-05
0.00010618743544910103,-2.46248582698172e-05,-0.0005151997902430594,0.0001853568683145568,5.5188269470818334e-05
0.00011639280273811892,-5.55509859623271e-06,-0.0004786050412803888,0.000181090843398124,5.513860378414393e-05
0.00012837852409575137,-8.893346603144893e-06,-0.0004981223028153182,0.0001966697600437328,6.36583281448111e-05
0.00012469985813368112,-9.00431587069761e-06,-0.0005038651288487016,0.00019683921709656715,7.850074325688183e-05
0.00012168836110504343,-1.2884677744295915e-05,-0.0004998127114959061,0.00020923248666804284,9.58287055254914e-05
0.00011480742250569165,-4.0872062527341775e-05,-0.0005116181564517318,0.00018074050603900105,5.4141346481628716e-05
0.00010701463179429992,-3.3005522709572695e-05,-0.0005144344759173691,0.0001792388502508402,5.053625500295311e-05
0.00010763134923763572,-3.01607433357276e-05,-0.0005134546663612127,0.00018058928253594786,5.844961924594827e-05
0.00011096539674326775,-1.852314562711399e-05,-0.0005103885778225958,0.0001790905662346631,5.513005817192607e-05
0.00013830380339641124,-5.330698513716925e-06,-0.0004917870974168181,0.00019984036043751985,8.031217294046655e-05
0.0001656636450206861,-2.8376421141729224e-06,-0.000482150906464085,0.0001829341781558469,7.670557533856481e-05
0.00016311413492076102,1.057402005244512e-05,-0.00046926466166041786,0.0002018047671299428,7.579407974844798e-05
0.0001381005859002471,1.6767573470133357e-05,-0.0005155208637006581,0.00020201853476464748,4.209161488688551e-05
0.00013877093442715704,2.2788364731241014e-05,-0.0004936037003062665,0.0002031809272011742,5.2140498155495145e-05
0.0001177463709609583,-2.0694191334769133e-05,-0.0004893364384770393,0.00019530864665284756,6.59366778563708e-05
0.00010867092350963503,-3.255177944083698e-05,-0.0005025467835366727,0.0001882503274828196,6.293597834883258e-05
0.00011818989150924607,6.042565473762807e-06,-0.00047910606372170145,0.0002021013933699578,6.82820173096843e-05
0.00010714532982092352,6.524690547848877e-07,-0.0004829236422665417,0.0001910023420350626,7.745146285742521e-05
0.0001333817490376532,-3.954988278564997e-05,-0.0004933958407491447,0.0001688877382548526,6.0059177485527464e-05
0.00013296931865625083,-6.930040854058461e-06,-0.0005172696546651423,0.00018473948875907809,5.719606997445226e-05
0.00013151015446055678,-5.835594038217096e-06,-0.00048103465815074736,0.00022177350183483213,9.800631960388272e-05
0.00011860609811265022,-7.376675512205112e-06,-0.0004950808361172676,0.00020314710855018348,7.764266774756834e-05
0.00012746159336529672,2.4064869649009782e-05,-0.00047359737800434226,0.00021079981524962926,9.99721378320828e-05
0.00010236526577500626,-1.938746754603926e-05,-0.0004946996341459453,0.00020417882478795946,6.782999116694555e-05
0.00011432924657128753,-2.2372509192791767e-05,-0.0004936275654472411,0.00019663463172037154,6.896734703332186e-05
0.00011114837980130689,-2.8732738428516313e-05,-0.0004903104272671044,0.00020552436762955042,8.294135477626696e-05
0.00011641440505627544,-7.270159130712273e-06,-0.000501894683111459,0.00018684436508920044,5.607824641629122e-05
0.00011195880506420508,1.0499486506887479e-06,-0.0004958230420015752,0.00019147878629155457,5.257129669189453e-05
0.0001055054453900084,-3.136608938802965e-05,-0.0005166460759937763,0.00017656723503023386,4.24959507654421e-05
0.00012708107533399016,-3.5818731703329825e-05,-0.0004896036698482932,0.00019201909890398383,7.845790241844952e-05
0.00012575769505929202,3.493303893264965e-06,-0.0004941524821333587,0.0002000175882130861,7.423184433719143e-05
0.00011775547318393365,-2.203369149356149e-05,-0.0004970380687154831,0.00022342304873745888,9.644688543630764e-05
0.00010891946294577792,-1.1693258784362115e-05,-0.0005171583034098148,0.0001834707072703168,5.753013465437107e-05
0.0001141998072853312,-1.8748090951703492e-05,-0.0005164843169040979,0.00019157306815031919,5.962093200650999e-05
0.00010718711564550176,-3.5360804758965976e-05,-0.0005054521025158465,0.00018335264758206904,6.13438241998665e-05
0.0001175699580926448,-2.8798585844924677e-05,-0.0004896645550616086,0.00019613344920799136,9.100386523641646e-05
0.00011380673822714016,-2.251824662380386e-05,-0.00047853955766186124,0.00020459946244955063,7.978595385793598e-05
0.00012534223787952214,-1.5792091289767995e-05,-0.000517027045134455,0.00018667441327124837,8.199487638194114e-05
0.0001294437242904678,-3.6443825024434773e-07,-0.000480235175928101,0.0001883932272903621,6.365708395605907e-05
0.00012764561688527462,-2.246724216092844e-05,-0.000489292957354337,0.0001882978540379554,6.1177255702205e-05
0.00013493291044142097,-1.301836073253071e-05,-0.00048635693383403117,0.0001961820962605998,7.557808567071335e-05
0.00014177906268741935,-1.9988312487839718e-05,-0.0005198606522753835,0.00016984909598249942,2.734032568696421e-05
0.00011137992987642063,-1.8437924154568467e-05,-0.0005094993975944816,0.00018439181440044197,5.197008067625575e-05
0.00011283524509053677,-1.7927910448634062e-05,-0.0005029530148021877,0.00019456478185020387,6.031531302141957e-05
0.00011087724124081433,-1.8914460042651624e-07,-0.0005033952766098082,0.00021375624055508524,8.028440061025321e-05
0.0001118984364438802,6.735870556440204e-05,-0.0004474539600778371,0.00023633507953491065,8.888231968740001e-05
9.390568447997794e-05,7.569621084257959e-05,-0.0004702947626356036,0.00022432998230215162,7.340472075156868e-05
0.00012337461521383378,7.133308827178554e-05,-0.0004694272065535188,0.00022740363783668727,7.839826139388606e-05
0.0001269828644581139,6.140464392956346e-05,-0.0004658160905819387,0.00024288127315230668,7.013118010945618e-05
0.00011571688810363413,5.801767474622466e-05,-0.0004532765888143331,0.0002553686499595642,9.886014595394954e-05
0.00010330160148441792,7.326152990572155e-05,-0.00045844280975870794,0.0002384571562288329,8.74303950695321e-05
0.0001426238304702565,9.53094131546095e-05,-0.0004358610312920064,0.0002637822472024709,0.00011917606752831487
0.00014107103925198317,8.791263826424256e-05,-0.0004309854120947421,0.0002464113349560648,9.107735240831971e-05
0.00011533171345945449,6.102954648667946e-05,-0.000467765232315287,0.000248436990659684,9.334744390798731e-05
0.00010856028529815376,6.879718421259895e-05,-0.000447801110567525,0.00023815699387341738,8.930713374866173e-05
0.00010233847569907084,7.185759750427678e-05,-0.000457405170891434,0.00021213482250459487,7.035419548628853e-05
0.00010435304284328596,7.059972267597914e-05,-0.0004616976366378367,0.00023664261971134687,6.895768456161022e-05
0.00011600032303249463,8.538876863894984e-05,-0.0004533497267402709,0.0002570105134509504,7.634071516804397e-05
0.00010325487528461964,4.284974784241058e-05,-0.00045056690578348935,0.00024132627004291865,9.538161248201504e-05
0.000105103368696291,5.8386813179822645e-05,-0.00046647965791635215,0.00023870273435022682,8.603694732300937e-05
0.00010427717643324286,7.383499178104103e-05,-0.00047387040103785694,0.0002393335744272917,7.499248749809341e-05
0.00010823973570950328,6.119832687545568e-05,-0.00046998573816381395,0.0002326980029465631,9.95366572169587e-05
0.00012098306615371254,7.415607979055494e-05,-0.00046633966849185526,0.00022674290812574327,8.590027573518455e-05
0.00011463458213256672,6.801814015489072e-05,-0.00047849837574176485,0.0002302708599017933,8.540214912500232e-05
0.00011693940905388445,7.8216937254183e-05,-0.00045886763837188477,0.0002576407277956605,9.14724005269818e-05
0.00013573102478403598,9.6304043836426e-05,-0.000469687714939937,0.0002316172467544675,8.021523535717279e-05
0.0001219134428538382,6.949820817681031e-05,-0.00045544884051196277,0.00023912348842713985,8.83295651874505e-05
0.0001132263641920872,6.331819167826325e-05,-0.0004568030999507755,0.0002470248437020928,9.268997382605448e-05
9.974085696740076e-05,5.301738929119893e-05,-0.0004646903253160417,0.00022985519899521026,8.79516956047155e-05
0.00010711391223594546,6.396452954504639e-05,-0.0004914595047011971,0.00022109257406555122,7.714233652222902e-05
0.00010681949788704517,5.8679095673142e-05,-0.00046621178626082843,0.000223853305215016,6.990385008975863e-05
0.000101812336652074,6.369360198732466e-05,-0.00047147064469754696,0.00022504061053041366,7.713731611147523e-05
0.00011168537457706408,6.529809616040438e-05,-0.00045129389036446815,0.0002403395192231983,0.00010498390474822372
0.00010635613580234349,6.425949686672539e-05,-0.0004698913253378123,0.00024616706650704145,9.422253060620278e-05
0.0001227700849995017,6.506095814984292e-05,-0.0004724175669252873,0.00022098098997958002,7.179757085395977e-05
0.00010956024198094383,7.483861554646866e-05,-0.0004712752706836909,0.00022224617714527997,5.5793461797293276e-05
0.00011824795365100725,7.962605013744906e-05,-0.00048245972720906133,0.00024205123190768066,7.688292680541053e-05
0.0001357851724606007,8.623037138022481e-05,-0.0004732653615064919,0.00024522931198589504,9.430258796783164e-05
0.00010081407526740804,4.0627553971717134e-05,-0.0004404570208862424,0.00025022347108460963,0.00011753762373700738
0.00011093269858974963,5.854450137121603e-05,-0.00045655469875782734,0.00024050510546658188,9.085100464290008e-05
0.00012179427722003314,7.788169023115188e-05,-0.00046328123426064854,0.0002582464658189565,0.00010751095396699384
0.00011550007911864668,6.598969775950536e-05,-0.0004656141391023993,0.00024754277546890085,0.00010987042332999408
0.00013615486386697742,9.079173469217494e-05,-0.0004450782435014844,0.000249319156864658,9.07919747987762e-05
0.0001323469477938488,8.943688590079546e-05,-0.00045778814819641417,0.0002505840093363076,9.222061635227874e-05
0.000118451367598027,6.212261359905824e-05,-0.00045603860053233797,0.00024015308008529249,7.747401832602918e-05
0.0001112447789637372,7.583901606267318e-05,-0.00045174840488471085,0.00024588487576693296,9.430775389773773e-05
0.00011228516086703166,6.182595825521274e-05,-0.0004670809139497578,0.00022429796808864916,6.781837146263571e-05
0.00010557126370258628,4.498196358326823e-05,-0.0004727652994915843,0.0002246802323497832,7.134893530746923e-05
0.00010625868890201673,5.224040796747431e-05,-0.0004693985683843493,0.00023586557654198262,9.704098192742093e-05
0.00012216498726047575,7.376440771622583e-05,-0.00048096009413711727,0.0002436993090668693,8.645934576634318e-05
0.00014687479415442795,7.890949200373143e-05,-0.00046792798093520105,0.00023938133381307125,8.663067274028435e-05
0.00013811160170007494,7.940019713714719e-05,-0.0004727556079160422,0.0002335568715352565,8.336631435668096e-05
9.624427912058309e-05,5.7078752433881164e-05,-0.00048136230907402927,0.00020559027325361967,4.05931132263504e-05
0.00012063652684446423,6.497291178675367e-05,-0.00047681221622042363,0.0002162425225833431,7.009251567069441e-05
0.00013118598144501448,6.58054486848414e-05,-0.0004718556010629981,0.0002335080789634958,7.096622721292077e-05
0.00010471385758137329,7.0188645622693e-05,-0.00047084735706448566,0.00024280915386043492,9.283325198339298e-05
0.00011145609460072593,5.1217739382991574e-05,-0.0004628195310942829,0.00024300486256834122,9.12069299374707e-05
0.00010647498856997116,6.1000668210908764e-05,-0.00047563167754560714,0.00022767878544982525,7.869088585721329e-05
0.00011163935414515437,6.940471939742565e-05,-0.0004767476057168096,0.00024091590603347865,8.027001604204997e-05
0.00011556159006431699,6.011823279550299e-05,-0.00046811907668597996,0.00024013231450226163,8.651483949506655e-05
0.00010120386286871508,6.875542021589354e-05,-0.0004639982362277807,0.00023623352171853185,6.729188316967338e-05
0.0001311250525759533,3.435652979533188e-05,-0.0004549267760012299,0.00021951604867354035,7.625233411090448e-05
0.0001492570445407182,6.20095743215643e-05,-0.0004605636349879205,0.00023218392743729052,0.0001134533595177345
0.00012801967386621982,6.971807306399569e-05,-0.00046893014223314816,0.00023810903076082465,9.603806392988191e-05
0.00010888605174841359,8.735305891605094e-05,-0.0004752733220811933,0.00024645289522595704,9.715041232993826e-05
0.00010411130642751232,6.002897134749219e-05,-0.00047143720439635217,0.00023179786512628198,8.361364598385991e-05
0.00010501171345822512,5.806112676509656e-05,-0.0004627872258424759,0.00025476218434050685,9.171023702947424e-05
0.00011587111657718195,8.926822192734106e-05,-0.0004603319976013153,0.0002570075739640742,9.175850573228672e-05
0.00010513675078982487,6.5577172790654e-05,-0.00045743543887510896,0.0002443628909531981,8.563799201510847e-05
0.00013706913159694523,8.13747537904419e-05,-0.00044054570025764406,0.00023807333491276947,8.531157072866336e-05
0.00011296445882180706,6.444025348173454e-05,-0.0004413205897435546,0.0002286484959768132,7.150160672608763e-05
0.00011492870544316247,8.014196646399796e-05,-0.0004596647922880948,0.0002448993327561766,9.350627078674734e-05
0.00010882114293053746,5.760786370956339e-05,-0.0004676202952396125,0.00021592236589640382,6.160458724480122e-05
0.00011810685828095303,7.171522884164007e-05,-0.00046371718053705985,0.00023147327010519805,9.13302064873278e-05
0.00011596297554206103,7.117900531738997e-05,-0.00047506077680736775,0.0002416283241473138,9.083357872441412e-05
0.00011333281145198272,7.416150765493512e-05,-0.0004746655758935958,0.00024965088232420385,9.086254431167616e-05
0.00010375385318184273,5.907871673116461e-05,-0.0004801945469807834,0.00021711643785238263,5.898927702219226e-05
0.00010464597289683296,5.3556417697109275e-05,-0.000475099659524858,0.0002228324301540852,7.341743912547827e-05
9.979944297811015e-05,6.212560401763767e-05,-0.00047173161874525254,0.00022895570145919916,6.507468060590327e-05
0.00010494708840269595,7.282134902197868e-05,-0.0004789820231962949,0.0002451471227686852,7.50470790080726e-05
0.00010324184404453264,5.275961666484363e-05,-0.000475098640890792,0.00022314675152301788,8.035505015868694e-05
0.00010680682316888124,7.733998791081831e-05,-0.00045876915100961924,0.00023998595133889467,8.96384590305388e-05
0.0001467288238927722,9.205307287629694e-05,-0.0004326683992985636,0.0002572291705291718,0.0001114419428631663
0.00014756663586013016,8.813080785330385e-05,-0.00044997310033068066,0.00024752019089646643,0.00010719804413383828
0.00010620714601827784,6.597844912903382e-05,-0.00048469286412000656,0.00023013116151560098,6.6385131503921e-05
0.00011330578126944602,7.476079190382734e-05,-0.00048030549078248436,0.00023949056048877535,8.433796028839424e-05
0.00014774998999200759,9.165168012259528e-05,-0.00047472448204644014,0.00022964687377680093,6.410925561795011e-05
9.690818114904688e-05,5.004869672120549e-05,-0.00047981747775338585,0.00022526158136315644,6.837430555606261e-05
0.00010751713853096591,6.330356700345874e-05,-0.0004756543494295329,0.0002201095485361293,7.26936341379769e-05
0.00012383810826577246,7.17180228093639e-05,-0.00045741599751636397,0.00024178573221433905,9.466503252042456e-05
0.00013100376236252487,7.518049824284391e-05,-0.00044000433990731835,0.00025019675376825035,9.460782894166186e-05
0.0001358788431389257,9.486948692938312e-05,-0.00046848112833686173,0.0002408170548733324,9.644428064348176e-05
0.00010288700286764652,5.898312883800826e-05,-0.00046307529555633664,0.00021476062829606235,6.764586578356102e-05
0.00011916786024812608,9.758385567693041e-05,-0.0004618178645614535,0.0002505609882064164,9.901295561576262e-05
0.00011165223986608909,6.861958536319435e-05,-0.0004824484640266745,0.00023019799846224487,8.152034570230171e-05
0.00012175588926766066,6.91217283019796e-05,-0.0004773216205649078,0.00023094007337931544,6.51930458843708e-05
0.00013501258217729628,6.779815157642588e-05,-0.0004988383152522147,0.0002048890601145104,5.6549750297563144e-05
0.00013674063666258007,7.903579535195604e-05,-0.0004465260717552155,0.0002511030761525035,0.00012523235636763277
0.00012833485379815102,6.076586578274146e-05,-0.00043767594615928834,0.00027534479158930486,0.00012996906298212707
0.00010121786908712238,5.197853533900343e-05,-0.000459307775599882,0.0002465904399286956,9.74815629888326e-05
0.00010891767306020483,6.155627488624306e-05,-0.00047379126772284513,0.00022303809237200767,8.405149128520861e-05
0.00011677487054839729,7.154018385335803e-05,-0.0004855087026953697,0.0002295543672516942,8.786609396338463e-05
0.00013423974451143295,7.557034405181184e-05,-0.00045377013157121837,0.00024065283650998023,0.00010280899005010724
0.0001398298772983253,4.8430469178128994e-05,-0.0004498253110796213,0.00023759323812555516,9.676930494606496e-05
0.00014574910164810714,0.00011553314834600314,-0.0004463058430701494,0.000230274788918905,7.969544822117315e-05
0.0001214489748235792,9.247774141840635e-05,-0.0004731331137008965,0.00023089867318049076,7.409858517348766e-05
0.00012834632070735094,7.003969949437305e-05,-0.0004613177152350545,0.00024384036078117788,9.734476043377072e-05
0.00011587168410187588,7.670848572161049e-05,-0.00047261005965992814,0.0002324078232049942,7.639497198397294e-05
0.00010645264410413803,7.611085311509669e-05,-0.00048223542398773134,0.00024348664737772202,7.837820885470137e-05
0.00010620176180964336,6.05522800469771e-05,-0.00046647264389321213,0.00024603572092019016,9.499249426880851e-05
0.00010462041245773436,6.568921526195481e-05,-0.00046858930727466935,0.0002424161357339472,9.451352525502443e-05
9.562140621710567e-05,6.101075632614084e-05,-0.0004628606548067183,0.00022688377066515386,6.830703205196187e-05
9.890917863231152e-05,8.075231016846375e-05,-0.00047135856584645813,0.00023670530936215078,8.565284224459901e-05
0.00010619662498356773,6.597409083042294e-05,-0.0004653400101233273,0.00022870085376780483,8.933472417993471e-05
0.00011922950216103345,5.821547529194505e-05,-0.00043813930824398994,0.0002499679976608604,0.00012127694935770703
0.00012801623961422592,7.360631570918487e-05,-0.0004682051949203015,0.0002590887306723744,9.163972572423518e-05
0.00013717923138756305,0.00010657894745236264,-0.0004715840914286673,0.0002387374697718769,9.362027776660398e-05
0.00014131085481494662,7.981646194821225e-05,-0.0004386777291074395,0.0002217594883404672,0.0001007357204798609
0.00011675382120301948,7.698000990785658e-05,-0.0004444695659913122,0.00023944687563925987,9.03356121852994e-05
0.00010673583892639726,5.1169346988899627e-05,-0.00046586067765019845,0.00023520343529526142,9.020802099257708e-05
0.00011200288281543179,6.933786062290892e-05,-0.0004699878627434373,0.0002428810257697478,8.464664279017596e-05
0.00010583410767139868,4.920285937259905e-05,-0.0004734636459033936,0.00022531228023581207,7.109376019798219e-05
0.00011362008808646352,6.178672629175708e-05,-0.0004806789220310748,0.00022863138292450455,6.95505368639715e-05
0.00011304418148938566,7.267124601639807e-05,-0.00048152101226150984,0.000236300882534124,7.890124106779695e-05
0.00010649680916685611,5.670356040354818e-05,-0.00047232143697328866,0.00023229542421177032,8.145501487888396e-05
0.00011206845374545082,5.853911716258153e-05,-0.0004739760479424148,0.00022679672110825777,8.048229938140139e-05
0.00011165824253112078,6.379118713084608e-05,-0.00045819158549420536,0.0002648227091412992,9.721248352434486e-05
0.0001339108421234414,8.698505553184077e-05,-0.00043969295802526176,0.000266565679339692,0.0001228256878675893
0.00013321265578269958,7.020786870270966e-05,-0.00043649549479596317,0.00025777108385227615,0.00010245781595585868
0.00011200983135495338,6.095186108723282e-05,-0.0004300757427699864,0.00025329936761409044,0.00010552239109529182
0.00014895250205881894,8.174288086593151e-05,-0.0004618001112248749,0.00023555298685096207,8.848161087371409e-05
0.00010592323815217243,6.15603566984646e-05,-0.00044131471076980233,0.0002322787040611729,0.00011009938316419719
0.00010797927825478836,6.0181209846632555e-05,-0.0004812614351976663,0.00021716997434850785,7.489156269002706e-05
0.00010475818271515892,7.439689943566918e-05,-0.00048752984730526805,0.00023577627143822608,6.329581083264202e-05
0.00011520430416567251,6.184745870996267e-05,-0.0004835124418605119,0.000231842408538796,6.880394357722254e-05
0.00011022952094208448,5.305156810209155e-05,-0.0004710892681032419,0.00022708532924298197,7.142390677472575e-05
0.00011168751370860264,5.095019878353924e-05,-0.0004780860326718539,0.00022135440667625517,6.746305734850466e-05
0.00011408283171476796,7.454372098436579e-05,-0.0004793445987161249,0.00023214078100863841,8.449787856079638e-05
0.00014010992890689522,0.00013606461288873106,-0.0004775134439114481,0.0002505485899746418,7.59660397307016e-05
0.00013873988064005968,5.4581603762926534e-05,-0.0004763152683153749,0.0002150639338651672,5.6932378356577835e-05
0.00013058923650532958,7.556747732451187e-05,-0.0004882825305685401,0.00022085542150307447,7.198109233286232e-05
0.0001266679319087416,7.034307782305406e-05,-0.0004662456340156496,0.00024310845765285197,0.00010013882274506614
0.0001185613655252382,7.205227302620187e-05,-0.00044186142622493213,0.00024034363741520792,0.000117867486551404
0.00013216152729000896,8.143172453856096e-05,-0.00044216634705662733,0.0002455592330079525,9.981816401705146e-05
0.00013844959903508422,5.548366243601777e-05,-0.000457485526567325,0.00023722852347418663,0.0001006016755127348
0.00013203526032157242,7.774455298203975e-05,-0.00045507159666158264,0.0002625770575832576,0.00011638698924798518
0.00010153710172744468,7.593372720293701e-05,-0.0004825914511457086,0.0002389807486906648,7.55801229388453e-05
0.00011260679457336666,6.267579010454938e-05,-0.00047926662955433136,0.00024043918529059735,9.368819155497475e-05
0.00011412614549044521,5.777780825155787e-05,-0.00047406973317265505,0.00023220498405862597,8.984823944047093e-05
0.00010367039794800804,5.281368430587463e-05,-0.00047922515659593046,0.00021947312052361667,7.494550663977861e-05
0.00011422770330682396,7.273632945725694e-05,-0.00047461822396144265,0.0002396328636677936,8.186422928702086e-05
0.00010436504089739174,5.304452497512102e-05,-0.0004486101679503918,0.00024475372629240155,9.702258830657227e-05
0.00013165468408260494,5.937488094787114e-05,-0.0004581426910590381,0.00024417406530119484,0.00011161396105308086
0.00015353657363448292,8.662977779749781e-05,-0.0004396908625494689,0.00022950982383918017,6.337478407658637e-05
0.00013083210797049105,0.00010218185343546792,-0.00044643183355219657,0.00024701753864064807,0.00010667394963093102
0.00010737090633483604,7.420684414682908e-05,-0.0004585577989928424,0.0002240266476292163,8.205284393625334e-05
0.00010885272786254063,5.766948743257672e-05,-0.0004645672743208706,0.0002364253159612417,7.385059871012345e-05
0.00010988343274220824,5.0701280997600406e-05,-0.00046817495604045684,0.000235691579291597,7.481958164134994e-05
0.00010806216596392916,5.581156074185856e-05,-0.00047362654004245996,0.00023639701248612252,7.842612831154838e-05
0.00013085718092042953,5.924354627495632e-05,-0.0003402821894269437,0.00025797914713621145,0.0001321420568274334
0.00015909002104308456,6.372106145136058e-05,-0.0004326865891925991,0.0002459002134855837,9.962703916244207e-05
0.00015070775407366455,9.206698450725526e-05,-0.000459000322734937,0.0002719612966757268,0.00014233330148272216
0.00011433933832449839,8.168073691194877e-05,-0.0004579677188303321,0.0002103236911352724,0.00010493073204997928
0.00011660713062155992,8.171094668796286e-05,-0.00043793942313641315,0.00024779976229183376,9.56911317189224e-05
0.00012528523802757263,9.254614269593729e-05,-0.00047583965351805085,0.00025152729358524084,8.339223859366031e-05
0.0001378503511659801,6.685606786049902e-05,-0.00048543149023316795,0.00020436421618796885,6.821427814429626e-05
0.00015904291649349034,8.371014700969681e-05,-0.0004486131365410984,0.0002395817718934268,8.771449938649312e-05
0.00013430131366476417,9.39245001063682e-05,-0.0004653185897041112,0.0002676448784768581,0.0001110889861593023
0.00010467335232533514,7.180885586421937e-05,-0.00048058497486636037,0.00023751061235088852,7.601229299325496e-05
0.0001013243818306364,6.848730845376849e-05,-0.0004722806042991578,0.00023376796161755917,8.121556311380118e-05
0.00010673674842109904,6.336972001008691e-05,-0.00047634655493311584,0.0002316938334843144,8.460068784188479e-05
0.00011451994214439763,7.098593050614001e-05,-0.000473871361464262,0.000241883477428928,8.327982504852116e-05
0.0001046100733219646,6.496299465652555e-05,-0.000474535976536572,0.00023715032148174947,9.183870133711024e-05
0.00010027614189311862,7.078445196384564e-05,-0.00046015111729502683,0.00024580932222306734,7.536985503975302e-05
0.00013183434202801436,9.722381946630776e-05,-0.00046518631279468536,0.00023487082216888663,8.660972525831312e-05
0.00012069145304849373,7.052890578052029e-05,-0.00045580277219414716,0.0002418748481431976,8.683042688062415e-05
0.00012529878586065024,6.106665387051179e-05,-0.0004322718596085906,0.0002455715730320662,9.555269934935495e-05
0.00014697556616738439,0.00010061288776341826,-0.0004351790121290833,0.0002490524784661829,0.00012246845290064812
0.00012474598770495504,9.560050966683775e-05,-0.00045363398385234177,0.0002828396682161838,0.00011724148498615249
0.00012906422489322722,8.483286364935338e-05,-0.0004601303371600808,0.0002373877796344459,6.919301085872576e-05
0.00011909699969692156,8.161033474607393e-05,-0.00046612790902145207,0.0002448462473694235,8.247023652074859e-05
0.00011664790508802979,4.585554415825754e-05,-0.0004499373608268797,0.00023312312259804457,9.631070133764295e-05
0.00012119652819819748,5.407457865658216e-05,-0.00046482047764584417,0.0002368225104874,7.947803533170372e-05
0.00013597917859442532,7.175451901275666e-05,-0.00047187271411530674,0.0002298861218150705,8.201602759072557e-05
0.000109981388959568,7.222245767479762e-05,-0.00047552966861985613,0.0002338214981136844,7.654386718058959e-05
0.0001063095114659518,5.6760069128358743e-05,-0.0004718362761195749,0.00024052980006672442,7.111461309250444e-05
0.00010311408550478518,6.257484346861021e-05,-0.0004662248538807034,0.00023682268511038276,9.032598609337585e-05
0.00010303987073712052,6.793360080337152e-05,-0.00046541320625692606,0.0002441453980281949,8.66925620357506e-05
0.00010714931704569608,7.907801045803353e-05,-0.000468751648440957,0.00023737209266982973,6.276648491621017e-05
0.00012096480350010096,7.602918049087748e-05,-0.00046476192073896533,0.00023153513029683379,8.914909267332405e-05
0.00010558320354903117,6.385864253388718e-05,-0.00046711356844753027,0.0002345317625440657,8.466374856652692e-05
0.00012700862134806812,6.696458149235696e-05,-0.000467680481960997,0.00023216904082801196,7.878060569055378e-05
0.00012579509348142892,7.433347491314635e-05,-0.0004510900180321187,0.00023933299235068262,9.129809768637642e-05
0.000127883511595428,9.68708991422318e-05,-0.0004661085258703679,0.00025019620079547167,9.990452963393183e-05
0.0001250674104085192,7.10276945028454e-05,-0.00045888018212281173,0.0002356644399696961,9.48889210121706e-05
0.0001359767629764974,7.847791130188853e-05,-0.0004734357353299856,0.00024678368936292827,8.156498370226474e-05
0.00011813330638688059,6.735589704476298e-05,-0.00043948556412942713,0.00025194932823069394,0.00010086923430208117
0.00013039595796726644,6.875653343740851e-05,-0.0004282640002202242,0.00024025341554079205,8.466921281069517e-05
0.00011328759137541057,8.381721272598952e-05,-0.0004712938971351832,0.00021899300918448722,5.842385508003645e-05
0.00011007497232640161,4.994670598534867e-05,-0.0004400075122248381,0.00022596213966608047,9.674633474787697e-05
0.0001085877520381473,6.096602373872884e-05,-0.0004663650470320136,0.00022709302720613775,6.111025140853599e-05
0.00011746069503715262,7.724163151578978e-05,-0.0004722890444099903,0.00024525541812181473,8.335427264682949e-05
0.00012117444566683845,7.563229883089662e-05,-0.0004737034032586962,0.00024375892826355996,8.491912740282713e-05
0.00011741706111934036,7.015850133029744e-05,-0.0004621253465302289,0.0002474701905157417,9.712184692034498e-05
0.00011595989053603262,6.993811985012144e-05,-0.00047405328950844716,0.00024090663646347818,8.302312926389277e-05
0.00013253452198114246,7.710311911068858e-05,-0.00046487885992974043,0.00023539944959338754,7.600389653816819e-05
0.00011561616702238098,6.752170156687498e-05,-0.0004801119212061167,0.00022493218421004718,6.808069883845747e-05
0.00011953338253078982,7.793204713379964e-05,-0.0004574568592943251,0.00022617103240918368,7.765743066556752e-05
0.00010174234193982556,6.179226329550147e-05,-0.0004678272816818208,0.00023262963804882017,7.22141412552446e-05
0.00012343100388534367,7.91818238212727e-05,-0.0004628792521543801,0.00024150784884113818,7.720372377661988e-05
0.00010296590335201472,6.045820555300452e-05,-0.0004620615218300373,0.0002361466031288728,8.625126793049276e-05
0.00012612649879883978,7.522673695348203e-05,-0.0004759878793265671,0.00023090894683264199,8.735489245736971e-05
0.00016274387598969042,0.00011883005208801477,-0.00045541327563114464,0.00025476791779510677,0.00012198817421449348
0.00013007405505049974,7.09835221641697e-05,-0.0004605550784617662,0.0002453207562211901,0.00010881031630560756
0.00011316180462017657,4.80818998767063e-05,-0.00045468786265701056,0.00021186360390856862,6.43851381028071e-05
0.00012072501704096794,7.849006215110421e-05,-0.00046455368283204734,0.00026369327679276466,0.00010665970330592244
0.00010177525109611452,6.832116196164861e-05,-0.00046837181434966624,0.00023707030049990865,7.987851859070359e-05
0.00012818434333894402,9.091489482671021e-05,-0.00047705532051622873,0.00023084548593033105,6.648534326814115e-05
0.0001144825291703455,7.498700870200993e-05,-0.00046957196900621057,0.0002338547492399812,6.351165939122437e-05
0.00011879918019985779,6.273914186749607e-05,-0.0004629856557585299,0.00022476185404229906,7.931946311146021e-05
0.00014573485532309857,7.792229735059664e-05,-0.00046257284702733164,0.0002485311997588724,0.00010405822831671685
0.00013771011435892433,9.106975630857049e-05,-0.00044750093366019433,0.00024368026060983536,9.255980694433674e-05
0.0001339000154985115,6.599542393814772e-05,-0.0004693427763413638,0.00024021694844122973,9.954175038728863e-05
0.0001425488298991695,8.274106949102134e-05,-0.0004546159179881215,0.00024703919189050794,9.250236325897275e-05
0.00010602726979414,6.418885459424928e-05,-0.00046899009612388914,0.00020149326883256435,4.420494587975554e-05
0.00011364754027454185,6.0822432715212926e-05,-0.00048518239054828877,0.0002163470053346828,5.769638664787635e-05
0.0001129383163060993,7.379156159004197e-05,-0.0004747585626319051,0.00022183550754562018,6.34834505035542e-05
0.00011142242874484507,5.739975313190371e-05,-0.00045041227713227267,0.0002361993247177452,9.079449228011072e-05
0.00010917325562331824,6.383754225680606e-05,-0.0004592665354721248,0.00022899970645084974,6.847642362117767e-05
0.00011621275916695596,5.376774424803443e-05,-0.00044949294533580536,0.0002436139911878854,9.183675138046964e-05
0.00010938696505036204,6.972863047849387e-05,-0.00047279588761739433,0.00023709402012173086,8.153342059813441e-05
0.00011674180859699844,6.482269964180888e-05,-0.00046450432273559267,0.00024249263515230268,8.023198461160064e-05
0.00011595962132560088,7.013981667114423e-05,-0.0004669176414608955,0.0002374955220147968,8.015370985958725e-05
0.00012001449067611247,6.654223398072645e-05,-0.0004658947873394936,0.00024538929574191565,0.00010551237937761469
0.00011288568202871829,8.234871347667651e-05,-0.00045891420450061565,0.0002564903988968581,8.792903099674731e-05
0.00010708874469855799,4.959394937031902e-05,-0.00047672440996393567,0.0002217786241089925,6.753804336767644e-05
0.00011373297456884755,6.037893399479798e-05,-0.00047265907051041717,0.00023017778585199267,7.169667514972389e-05
0.00010643748828442769,7.194723002612592e-05,-0.00046841052244417375,0.00024115978158079088,7.987883873283863e-05
0.00011384800018277019,6.68191205477342e-05,-0.00046544766519218683,0.00022874749265611166,8.449112647213042e-05
0.00012238320778124034,9.737980872159824e-05,-0.00045923236757516866,0.0002406280400464311,8.400430670008063e-05
0.00011621400335570796,7.056628237478435e-05,-0.0004606395086739212,0.0002575504477135837,0.00010113166354130955
0.00011772875586757436,6.811181810917333e-05,-0.0004372283583506942,0.00024278114142362026,8.389559661736712e-05
0.00013477183529175818,6.931064126547426e-05,-0.0004492575244512409,0.0002396131312707439,0.00011393371823942287
0.00011598162382142617,7.837102020857857e-05,-0.0004472008440643549,0.00024427834432572126,9.22639956115745e-05
0.00012264157703612,7.576979260193184e-05,-0.0004797234141733498,0.00022820073354523632,6.360809493344277e-05
0.0001245119929080829,8.434956544078887e-05,-0.00046510781976394355,0.0002401727979304269,7.950632425490767e-05
0.00010346816998207942,5.559288183576427e-05,-0.00046468887012451887,0.00021805505093652755,8.32688674563542e-05
0.00011349681881256402,7.235312659759073e-05,-0.0004624450230039656,0.00023288176453206688,7.208673923742026e-05
0.00011054037895519288,4.95894200867042e-05,-0.00046599205234088,0.00023127913300413638,7.112634921213612e-05
0.00013298097474034876,9.202370711136608e-05,-0.00045678214519284666,0.0002518558467272669,9.662150114309044e-05
0.00012156779848737642,7.417096639983356e-05,-0.0004603097622748464,0.000250393059104681,0.00011057885421905669
0.00010605196439428255,5.8852339861914515e-05,-0.00046843633754178876,0.00022590754088014364,6.354055949486792e-05
0.00011716152948793025,5.836459968122654e-05,-0.00045821623643860215,0.00023454483016394081,8.821633673505858e-05
0.00011686456855386497,5.429480370366946e-05,-0.00046247185673564667,0.00023021883680485192,9.307119034929201e-05
0.0001107358912122436,6.197983748279512e-05,-0.0004724449245259166,0.00022736894607078287,6.901021697558463e-05
0.00011583897867240012,6.997485616011545e-05,-0.0004710270150098949,0.0002287976531079039,8.16808023955673e-05
0.00011777751933550461,6.080548337195069e-05,-0.00047383486526086926,0.00022654487111140045,7.257596007548273e-05
0.00015078972501214594,9.879294520942494e-05,-0.0004635444784071297,0.0002432860346743837,9.916071576299146e-05
0.0001182203704956919,7.68099125707522e-05,-0.0004710309440270066,0.000230986435781233,8.158304262906313e-05
0.0001321790914516896,8.329070988111198e-05,-0.000449282379122451,0.00025240686954930425,9.984398639062421e-05
0.0001342027826467529,8.808283746475354e-05,-0.00044116235221736133,0.00025335935060866177,8.747323590796441e-05
0.00013529157149605453,0.00010414107237011194,-0.00047631445340812206,0.00023958395468071103,9.48297674767673e-05
0.00012180084740975872,5.18551460118033e-05,-0.0004626759036909789,0.0002223642222816125,7.137993088690564e-05
0.00011045917199226096,7.521259976783767e-05,-0.00046035461127758026,0.0002476789231877774,7.574276241939515e-05
0.00016280973795801398,7.412238483084367e-05,-0.0004703689191956073,0.00025009416276589036,8.237752626882866e-05
0.0001552408211864531,9.080036397790536e-05,-0.00045410208986140793,0.00025927842943929136,0.00011053410707972944
0.00011230296513531354,6.205166573636234e-05,-0.0004466971731744706,0.0002524172014091164,9.694288019090892e-05
0.0001140261665568687,8.523245924152434e-05,-0.00046059038140811037,0.0002244257775601,7.167358853621407e-05
0.00012469525972846898,7.555378397228196e-05,-0.00045568172936327766,0.00024382738047279415,8.709470421308653e-05
0.00011536097008502112,7.391136750811711e-05,-0.00046572514111176133,0.00023617892293259501,8.721660560695454e-05
0.00011719721078407022,6.327292794594541e-05,-0.0004789151425939053,0.00022412998077925292,5.9604215493891395e-05
0.0001169520546682179,6.656653567915782e-05,-0.0004707789630629122,0.00022027183149475604,7.486156391678378e-05
0.00011817870108643547,7.070437277434395e-05,-0.00045947026228532195,0.00023111204791348428,8.225622877944261e-05
0.0001147721050074324,6.840626883786172e-05,-0.0004765249905176461,0.00023164648155216128,7.352267857640982e-05
0.00011682238255161792,6.255999323911965e-05,-0.0004710532666649669,0.00023048206639941782,8.692502160556614e-05
9.957003931049258e-05,5.696013249689713e-05,-0.00046299432870000595,0.00022039093892090025,7.023727084742859e-05
0.00011469762830529363,6.105306965764612e-05,-0.0004767480422742665,0.0002305995440110564,8.170759974746034e-05
0.00011211050878046079,5.285478255245834e-05,-0.0004702013684436679,0.00023269296798389405,8.957514364738017e-05
0.00011961096606682986,8.440224337391555e-05,-0.0004600945103447884,0.00024093271349556744,7.8071047028061e-05
0.00011765882663894443,8.373203309020028e-05,-0.000472760759294033,0.000233475657296367,8.785915997577831e-05
0.00012816480011679232,6.959924212424085e-05,-0.00042956744437105954,0.0002467380254529417,0.00011331850691931321
0.0001204613799927756,7.183299021562561e-05,-0.0004589728778228164,0.0002322538784937933,7.049589476082474e-05
0.0001098885913961567,5.873046757187694e-05,-0.00045959179988130927,0.00024088045756798243,0.00010695754463085905
0.00011485294089652598,8.235089626396075e-05,-0.00046663830289617175,0.0002500218106433749,8.931878255680202e-05
0.00010668522736523299,6.521491741295904e-05,-0.00047897832700982684,0.0002377179480390623,7.183669367805123e-05
0.00012498948490247128,6.884905451443046e-05,-0.0004758088907692581,0.0002242352056782693,7.331663073273377e-05
0.00010926807590294631,7.262348663061857e-05,-0.0004713395610451697,0.00022587082639802247,8.446417632512748e-05
0.00012398677063174546,7.496619218727575e-05,-0.0004719678545370698,0.00023758875613566488,8.217434515245259e-05
0.00013711975771002474,7.812652620486915e-05,-0.0004650104383472354,0.0002378602657699957,0.00010867970559047535
0.00012797486851923168,6.01986248511821e-05,-0.00043781520798802376,0.00022978805645834655,9.707560820970683e-05
0.00011615363473538311,8.618894207756966e-05,-0.00047152649494819343,0.00024743928224779665,7.371819810941815e-05
0.00012758016237057745,8.561779395677148e-05,-0.0004712975351139903,0.0002221719914814457,7.95069063315168e-05
0.0001535908959340304,8.916961814975366e-05,-0.0004668483743444085,0.00024096285051200542,7.635204383404925e-05
0.00011545153392944485,6.12515868851915e-05,-0.00046409346396103496,0.0002253251732327044,7.199562242021783e-05
0.00012509303633123636,9.291776223108172e-05,-0.00046301214024424553,0.00024194252910092476,8.579858695156872e-05
0.000108426007500384,6.251012382563205e-05,-0.00046704019769094884,0.00022567922133021054,7.281741272890942e-05
0.0001184614884550683,7.400982576655224e-05,-0.00046794378431513916,0.00024215698067564523,7.864232611609623e-05
0.00011712154082488269,7.944343815324828e-05,-0.00047942181117832666,0.00023396893811877817,6.572488928213716e-05
0.00013095706526655704,9.176941239275038e-05,-0.00047260703286156064,0.00024420511908829207,0.00010313735401723534
0.00013684923760592937,7.160846871556714e-05,-0.0004460691707208753,0.00024392867635469884,0.00010399158782092854
0.00013840814062859863,8.415011689066887e-05,-0.0004512568120844662,0.00023140755365602672,8.447189611615613e-05
0.00011802910012193026,7.270057540154085e-05,-0.000459339702501893,0.0002465123834554106,9.5732779300306e-05
0.00014015850319992748,8.917350351111963e-05,-0.0004859244800172746,0.000225903422688134,6.351024785544723e-05
0.00010911928256973624,5.8535290008876466e-05,-0.0004697680997196585,0.00023051735479384658,7.881191413616762e-05
0.00012692117888946086,7.293761154869571e-05,-0.00045510134077630937,0.00023144410806708043,7.863976497901604e-05
0.00012639207125175744,6.351018964778632e-05,-0.00046800877316854894,0.00022739885025657716,8.024635462788865e-05
0.00011933367932215332,7.279174315044656e-05,-0.00046979656326584523,0.00023695826530456543,8.498038368998094e-05
0.00012023289309581743,7.310942601179704e-05,-0.0004771984240505845,0.00023609070922248065,8.349292329512537e-05
0.00012420068378560245,8.735139999771491e-05,-0.00045609055086970335,0.00023908397997729483,9.552889969199896e-05
0.00013063526421319693,8.055337093537673e-05,-0.00045972707448527217,0.00024032221699599174,9.758571832207964e-05
0.00012355719809420407,7.509128772653639e-05,-0.00045667754602618515,0.00023639079881832,9.1090943897143e-05
0.000131781620439142,8.855446503730491e-05,-0.0004560929373838008,0.0002483793068677187,9.195185702992603e-05
0.00010648521856637672,5.824835534440354e-05,-0.0004601531545631588,0.00022973556770011783,7.734853716101496e-05
0.00011728833487723025,7.818264566594735e-05,-0.0004663021536543965,0.00023225467884913087,7.022522186161949e-05
0.00012455455726012588,7.592090696562083e-05,-0.0004676617681980133,0.00023779443290550264,7.103104144334793e-05
0.0001358808804070577,8.604707545600833e-05,-0.00044804374920204276,0.0002409614680800587,8.607444033259526e-05
0.00011966026067966597,6.502976611955091e-05,-0.0004480275674723089,0.00024452066281810403,9.421152935829014e-05
0.00010760712757473813,6.061889143893495e-05,-0.0004639422986656427,0.00022302125580608842,7.6014875958208e-05
0.00011185785115230827,4.526557677309029e-05,-0.00046096506412141036,0.0002108308981405571,6.684591062366961e-05
0.00011163097951794043,4.473837179830298e-05,-0.0004732190282084048,0.00022264606377575547,8.147526386892423e-05
0.00011384606477804482,7.165391434682533e-05,-0.00047686923062428827,0.00023737133597023785,6.143424980109558e-05
0.0001209984766319394,9.357474482385442e-05,-0.00047878114855848253,0.00024404775467701254,7.539169746451078e-05
0.00012727142893709242,9.194816084345804e-05,-0.0004662709252443165,0.00023856434563640502,6.917356949998066e-05
0.00012925341434311122,8.29633281682618e-05,-0.00044907082337886095,0.00023867901472840455,0.0001045604149112478
0.0001205049702548422,6.285814743023366e-05,-0.0004619226092472673,0.00023915716155897823,8.928614261094481e-05
0.00011460047244327144,6.96509814588353e-05,-0.00045155259431339806,0.0002510853228159249,8.330230775754899e-05
0.00012447666085790845,7.608820305904374e-05,-0.00045399114605970686,0.00023019903164822608,7.086681580403821e-05
0.00010669062612578271,6.142653001006693e-05,-0.0004742403689306228,0.0002182272874051705,7.407939119730145e-05
0.0001119378866860643,6.105640204623343e-05,-0.000464377662865445,0.00022620665549766275,7.037015893729405e-05
0.00011607597843976691,6.455116817960517e-05,-0.0004724968457594514,0.00022408858058042822,7.801736501278356e-05
0.00011442852701293303,5.9569327277131385e-05,-0.0004727182968053967,0.00022526271641254425,8.118138066492975e-05
0.00012127745139878245,6.243913230719045e-05,-0.00047133170301094646,0.0002293620345881209,6.528095400426537e-05
0.00015350522880908102,9.60919714998454e-05,-0.0004520619404502213,0.0002386687119724229,8.027722651604563e-05
0.0001205299122375436,7.956026820465921e-05,-0.00043784608715213835,0.0002301532222190872,9.21445243875496e-05
0.0001116753846872598,7.023940997896716e-05,-0.0004597110382746905,0.0002325429959455505,8.007450378499925e-05
0.0001213333453051746,6.389905320247635e-05,-0.0004611592448782176,0.00023705574858468023,7.727993215667084e-05
0.00012488383799791336,7.28831219021231e-05,-0.00047278488636948163,0.0002298739709658548,9.125832002609968e-05
0.00012275404878892004,8.809886639937757e-05,-0.0004523569950833917,0.0002281626802869141,8.831967716105282e-05
0.00012402996071614325,7.801929314155132e-05,-0.00047289239591918886,0.0002250023826491088,7.633421046193689e-05
0.00013087829574942592,8.469758904539049e-05,-0.0004767105274368077,0.00023910669551696626,7.274632662301883e-05
0.0001092788079404272,7.060424104565755e-05,-0.00047017386532388633,0.00023412954760715365,7.141328387660906e-05
0.00011896199430339038,7.901499338913709e-05,-0.0004737465060316026,0.00023074791533872485,6.541940820170566e-05
0.00011423217074479908,7.306675979634747e-05,-0.00046939242747612303,0.00023930752649903295,6.882857996970415e-05
0.0001034481028909795,4.453929796000011e-05,-0.0004530919541139156,0.00021726796694565564,6.665950786555186e-05
0.0001110396478907205,6.786359153920785e-05,-0.0004780602175742388,0.00022252777125686407,6.767128797946498e-05
0.00015482134767808017,0.00010439653124194592,-0.0004592431359924376,0.00026513336342759436,9.659551869845018e-05
0.0001485185930505395,9.053565736394376e-05,-0.00044343079207465047,0.00025529525009915227,9.26610955502838e-05
0.00012583912757690996,6.36732074781321e-05,-0.0004613534256350249,0.0002365645923418924,8.127592445816845e-05
0.00012938464351464066,8.525096200173721e-05,-0.000459159491583705,0.00024163899070117623,7.841101614758371e-05
0.00012886937474831941,7.948993879836054e-05,-0.0004510160943027586,0.0002479018294252455,8.660980529384688e-05
0.00011933445784961805,8.607901690993458e-05,-0.0004623245622497052,0.00024315631890203804,7.287448534043506e-05
0.00011360199277987705,7.340752199525014e-05,-0.0004755241679958999,0.00023555775987915695,7.344291952904314e-05
0.00010895570449065416,8.005942800082265e-05,-0.00047601130791008467,0.00022927498503122481,6.430861685657874e-05
0.00010493370791664348,6.191668217070401e-05,-0.0004632860654965043,0.00024116346321534365,7.114042091416195e-05
0.00011199552682228386,5.485975634655915e-05,-0.00046711676986888046,0.0002340318023925647,7.509699935326353e-05
0.00011461977555882186,6.414964445866644e-05,-0.00047626340528950095,0.00023529726604465395,8.263466588687152e-05
0.00011071947665186599,5.920148760196753e-05,-0.0004688990884460509,0.00022766488837078214,7.518319762311876e-05
0.00011166407057316975,7.321842713281512e-05,-0.00047200976405292755,0.0002208878140663728,7.321238808799535e-05
0.00011484340211609377,6.635113822994754e-05,-0.0004751032101921737,0.00022330113279167563,7.371357787633316e-05
0.00011630370136117564,7.693794759688899e-05,-0.0004666585300583392,0.00022955254826229063,8.377871563425288e-05
0.00012317138316575438,8.776599133852869e-05,-0.00045601231977343565,0.0002467120939400047,8.64627945702523e-05
0.0001349934027530253,5.5074979172786705e-05,-0.00042736958130262787,0.00023563917784485966,9.743978444021197e-05
0.00013356230920180678,8.234987762989476e-05,-0.00046835892135277385,0.00023491994943469766,7.394874410238117e-05
0.0001249775377800688,9.20509482966736e-05,-0.0004589487507473677,0.00023901012900751084,6.877029227325693e-05
0.00013132642197888345,0.00011474606435513125,-0.00046945785288698966,0.00025052763521671295,8.209630323108286e-05
0.00010926354298135266,6.883560126880184e-05,-0.00047435992746613914,0.00022063541109673682,5.803163730888628e-05
0.00010941210348391904,6.1824954173062e-05,-0.00046450801892206073,0.00023590623459313068,7.260792335728183e-05
0.00010589251905912532,6.318296073004603e-05,-0.00045906918239779765,0.00022465531947091225,5.86959649808705e-05
0.00012901003356091678,6.54960676911287e-05,-0.00046052373363636434,0.00023703486658632753,8.899038948584348e-05
0.00011930266919080168,7.772183744236827e-05,-0.00047882171929813916,0.00023277208674699068,7.294546230696143e-05
0.0001296494883717969,8.629450894659385e-05,-0.00047206398448906833,0.000244263093918562,8.616757259005681e-05
0.00012347043957561255,7.626507431268692e-05,-0.00047008093679323787,0.00023315845464821905,7.417341112159193e-05
0.00013314840907696635,7.769779040245339e-05,-0.0004292292578611523,0.0002559979911893606,9.933795081451535e-05
0.00011540891136974096,5.7233974075643346e-05,-0.00046432821545749903,0.00021667139662895352,8.51427103043534e-05
0.0001238742406712845,8.516760863130912e-05,-0.00047522605746053165,0.00024027451581787318,6.524180207634345e-05
0.00012105130008421838,7.31581894797273e-05,-0.00046731642214581365,0.00023517306544817984,7.887467654654756e-05
0.00011893027112819253,7.634366920683533e-05,-0.00046475674025714403,0.0002350688737351448,8.010594319785014e-05
0.00011540762352524324,6.307411240413785e-05,-0.00047012316645123065,0.00022045543300919237,7.111459126463159e-05
0.00011747778626158834,7.761170127196236e-05,-0.0004696787509601563,0.00023510033497586846,7.636112422915176e-05
0.00011397395428502932,7.380043098237364e-05,-0.00047424103831872333,0.00022759061539545655,6.162234785733745e-05
0.00014006270794197914,6.788235623389482e-05,-0.0004506348341237754,0.00023423398670274764,9.879614663077518e-05
0.00012759216770064086,7.1508256951347e-05,-0.00043678865768015385,0.00023256459098774942,8.659544982947408e-05
0.00012475659605115652,7.30856045265682e-05,-0.0004755390400532633,0.00022309509222395718,7.33439446776174e-05
0.00011722346243914217,9.30911919567734e-05,-0.0004702004371210934,0.00024973403196781874,8.857357897795737e-05
0.00011742297647288069,7.82798306318e-05,-0.000471993291284889,0.0002353475138079375,6.834053783677518e-05
0.00011754005390685052,7.169579475885257e-05,-0.0004736467089969665,0.00023777958995196968,7.71942432038486e-05
0.0001205889057018794,6.360162660712375e-05,-0.0004510536091402173,0.00023892668832559136,0.0001051015715347603
0.00011809523857664317,7.236505189212039e-05,-0.0004750931111630052,0.00023211869120132178,6.864843453513458e-05
0.00012685976980719718,7.242602441692725e-05,-0.00045376128400675947,0.00024090842634905132,0.00010859893518500029
0.00021327669674064964,0.00012926282943226397,-0.0004102072853129357,0.00023837233311496675,9.113879059441388e-05
0.00012924203474540263,9.794344805413856e-05,-0.0004677643883042038,0.00024241326900664722,7.979258225532249e-05
0.0001217099925270304,0.00011425827688071875,-0.00040481897303834563,0.00023928520386107266,8.93409742275253e-05
0.00014388406998477876,7.376592111540958e-05,-0.00044855635496787727,0.0002542191359680146,9.301813406636938e-05
0.00011476413783384487,7.149337761802599e-05,-0.0004673392395488918,0.00023619481362402442,7.420804467983544e-05
0.000128921601572074,6.303235568339005e-05,-0.0004540146619547159,0.00023153096844907853,8.158334094332531e-05
0.00011775906023103745,7.303435268113391e-05,-0.0004687042091973126,0.0002229614619864151,7.101164374034852e-05
0.00011940244439756499,7.780904707033187e-05,-0.00046999609912745655,0.0002460088289808482,8.101658750092611e-05
0.00011710494436556472,7.006925443420187e-05,-0.0004714546375907958,0.00023456629423890263,7.71607010392472e-05
0.00011447021825006233,6.888515054015443e-05,-0.00047385168727487326,0.0002315557940164581,6.681437662336975e-05
0.00012396111560519785,5.760366911999881e-05,-0.0004581007524393499,0.0002229339588666335,8.325431554112583e-05
0.0001098567372537218,6.731363828293979e-05,-0.00045612067333422596,0.00022734228696208447,6.531919643748552e-05
0.00011762335634557529,6.959363236092031e-05,-0.00046241891686804587,0.00023409625282511118,9.385038720211014e-05
0.00012215580500196666,8.760648779571056e-05,-0.0004753124376293271,0.00022568828717339784,7.048328552627936e-05
0.00010917720646830276,7.252526847878471e-05,-0.0004873960569966584,0.00021777726942673328,6.095137723605149e-05
0.00011175435793120415,6.845161260571331e-05,-0.00047526753041893255,0.00022469459509011363,6.680709338979796e-05
0.00011155898391734807,7.275606185430661e-05,-0.00046231952728703623,0.0002353590098209679,9.5315306680277e-05
0.0001106259151129052,6.904841575305909e-05,-0.00047769222874194384,0.00022412397083826363,6.0316189774312086e-05
0.00011885076673934236,8.47013943712227e-05,-0.0004818078596144914,0.000237459214986302,7.168118463596329e-05
0.0001453887380193919,0.00011576624820008874,-0.0004307011258788407,0.00025662017287686467,7.352977263508366e-05
0.0001648331235628575,8.730073750484735e-05,-0.000466921046609059,0.0002452915359754116,0.00010676773672457784
0.00011463480768725276,7.79087349656038e-05,-0.00044871499994769687,0.00024748867144808173,8.467576117254794e-05
0.00012305601558182389,7.449820986948907e-05,-0.0004617746162693948,0.00023228509235195816,7.983877003425732e-05
0.00013675817172043025,7.780169107718393e-05,-0.0004669685731641948,0.00023219600552693007,7.531775918323548e-05
0.00011601138976402581,8.050568430917338e-05,-0.00048677399172447616,0.0002370945003349334,5.9814603446284316e-05
0.00012207435793243346,6.941908941371366e-05,-0.00044859648915007716,0.0002413135371170938,8.024707494769245e-05
0.00012100497406208889,5.064670040155761e-05,-0.0004598319646902383,0.00022908604296389964,7.695428212173283e-05
0.00011707411613315344,6.642784865107386e-05,-0.0004629267496056855,0.00023550818150397393,6.636729813180864e-05
0.0001234816008945927,7.107253622962162e-05,-0.00046962656779214734,0.00022617519425693902,8.108593465294689e-05
0.00012535743007902056,7.675836241105571e-05,-0.000468660204205662,0.0002475286601111293,9.693764877738431e-05
0.0001291513763135299,8.755186718190089e-05,-0.0004602145054377616,0.00022737422841601074,6.884856702527031e-05
0.000116996125143487,7.549144356744364e-05,-0.00046337250387296086,0.0002375191397732124,6.331616168608889e-05
0.00011798946798080578,6.584016955457628e-05,-0.0004617036902345717,0.0002277730382047594,7.558625657111406e-05
0.00011605506006162615,6.942875916138291e-05,-0.00046526337973773474,0.0002321946230949834,7.086720870574936e-05
0.00011781831562984736,7.561993697891012e-05,-0.0004696574760600925,0.00023900774249341342,8.526364399585873e-05
0.00012757607328239828,8.125562453642488e-05,-0.0004745466576423496,0.0002488900499884039,6.792206841055304e-05
0.0001241943537024781,7.774051482556388e-05,-0.0004681073187384754,0.0002407798601780087,7.166348223108798e-05
0.0001267858751816675,7.941410876810551e-05,-0.0004648646281566472,0.000257368985330686,8.748823893256485e-05
0.00012605165829882026,7.99622794147581e-05,-0.0004658233665395528,0.00025113578885793686,9.422630682820454e-05
0.00012770587636623532,7.065736281219871e-05,-0.0004574633203446865,0.00023720980971120298,8.216498827096075e-05
0.00012237181363161653,8.302436617668718e-05,-0.00045539793791249394,0.0002440322423353791,8.388115384150295e-05
0.00011549220653250813,5.6623655837029225e-05,-0.0004213454958517104,0.0002468616585247218,8.318476466229184e-05
0.00012154826254118235,8.319612243212758e-05,-0.0004921245272271335,0.000215661886613816,4.621857442543842e-05
0.00012853440421167758,6.674521137028933e-05,-0.00045128198689781135,0.0002568036725278944,0.00011425589764257893
0.00016976337064988908,0.00011746276140911503,-0.0003879070864059031,0.0003108526288997382,0.00017373732407577336
0.00014583326992578804,8.833372703520581e-05,-0.0003807504253927618,0.00030866943416185677,0.00017678637232165784
0.00015093357069417834,0.00010228110477328299,-0.0004537379718385637,0.00025592517340555787,8.886183786671609e-05
0.00012521028111223131,8.242026524385437e-05,-0.00046028144424781203,0.00025594484759494657,9.170350676868111e-05
0.00011725781951099634,5.3648429457098246e-05,-0.000467619887785986,0.00022040495241526514,7.449965050909668e-05
0.00013882706116419288,7.941091462271288e-05,-0.00045507741742767394,0.0002446282014716417,8.675154822412878e-05
0.0001220823614858091,8.615852129878476e-05,-0.00047024548985064035,0.00024378388479817661,8.116261597024277e-05
0.00011809510033344851,7.792038377374409e-05,-0.0004532721650321037,0.0002337882906431332,8.726985834073275e-05
0.00014086106966715306,0.00010840821050805971,-0.0004547985445242375,0.00026038225041702395,0.00010020607442129405
0.00014539854601025581,9.170927660306917e-05,-0.00047032642760314053,0.0002508005418349057,7.93279759818688e-05
0.00012115003482904285,8.140804857248442e-05,-0.0004603286215569824,0.0002378026838414371,6.955234857741743e-05
0.00011263098713243379,6.57007476547733e-05,-0.00045704469084739685,0.000227240365347825,6.919177394593135e-05
0.00010844322241609916,6.242209929041563e-05,-0.0004634958459064365,0.00022768838971387598,6.16603356320411e-05
0.00011140637798234819,6.437529373215511e-05,-0.00047172873746603733,0.00023416092153638599,6.656529876636341e-05
0.00013673835201188922,7.174078928073868e-05,-0.00046734360512346035,0.00025272244238294656,8.891169272828846e-05
0.00013059552293270826,8.979643462225795e-05,-0.0004665442102123052,0.0002537901746109128,8.838159556034952e-05
0.0001291400840273127,8.540000999346374e-05,-0.0004657180106732993,0.0002470336330588907,7.384792115772143e-05
0.00013100453361403197,8.966106543084607e-05,-0.00047362918849103153,0.0002513552026357502,8.405742119066417e-05
0.0001423461508238688,0.00010203017154708503,-0.000429209932917729,0.00025019809254445136,9.42698898143135e-05
0.00012908215285278854,8.539258124073967e-05,-0.000428323692176491,0.00024999683955684304,9.620032506063579e-05
0.00011346125393174587,7.553165778517723e-05,-0.00047751551028341055,0.00022242756676860156,5.12802907906007e-05
0.00011732873099390415,7.833274867152795e-05,-0.00046420091530308133,0.00023159253760240967,8.063422137638554e-05
0.00012188206164864825,7.173608901211992e-05,-0.00047097797505557537,0.00023978092940524218,7.876351446611807e-05
0.00011437412467785181,7.462763460353018e-05,-0.00047336693387478585,0.00022969068959355357,5.382272502174601e-05
0.00012331156176514924,0.00010791781096486376,-0.00047316277050413186,0.00026367558166384697,7.261873543029651e-05
0.00010835452849278226,7.973729225341229e-05,-0.00046939120511524385,0.0002423634723527357,7.639965042471886e-05
0.00011977167741861194,9.351046901429072e-05,-0.00047162405098788435,0.0002543026057537645,7.896634633652866e-05
0.00011452338367234917,8.175659604603425e-05,-0.00048046931624412537,0.00023558489920105785,6.985394429648295e-05
0.0001301329320995137,9.013067756313829e-05,-0.0004701552970800549,0.00024283719540107998,8.851570601109415e-05
0.0001323889009654522,7.613931666128337e-05,-0.0004662023275159299,0.0002450982865411788,8.604039612691851e-05
0.00012651080032810572,6.906058843014762e-05,-0.0004730518558062613,0.00023630869691260162,7.647823804290965e-05
0.00013876920274924487,7.388234371319413e-05,-0.00043926035868935287,0.00023873549071140585,8.094109944067895e-05
0.00011159355199197307,6.422556907637045e-05,-0.0004448257095646113,0.00023748834792058915,7.265923341037707e-05
0.0001221051497850567,7.567746797576547e-05,-0.00046616324107162654,0.00024187276721931997,8.111318311421199e-05
0.00011653490946628152,6.0496506193885586e-05,-0.0004565157869365065,0.0002312809374416247,7.546297274529934e-05
0.00012272284948267043,8.389580762013793e-05,-0.0004673374351114034,0.00023466777929570529,7.311884837690741e-05
0.0001298128045164049,7.74218060541898e-05,-0.0004719072021543981,0.00023170547501649708,7.263210136443377e-05
0.00014360572095029056,6.58497228869237e-05,-0.00045329937711358065,0.00024284954997710884,9.566080552758648e-05
0.00013620263780467212,7.574694609502329e-05,-0.00046930942335166037,0.00022878516756463799,7.616948278155178e-05
0.00011509790783748029,7.660197297809646e-05,-0.00046089477837085735,0.00023575684463139623,8.063393761403859e-05
0.00012038229033350945,8.120845450321212e-05,-0.0004548451688606292,0.00024599750759080047,8.203927427530289e-05
0.00011326085223117845,7.428339449688791e-05,-0.00046967354137450457,0.00024148906231857842,7.092834857758135e-05
0.00011836014164146035,6.975882570259273e-05,-0.00046731313341297215,0.00023469701409339902,5.8824829466175295e-05
0.00011695439025061204,8.427804277744144e-05,-0.00045998129644431174,0.0002568146155681461,7.232141797430813e-05
0.00013131108426023277,6.951116665732116e-05,-0.0004525002441368997,0.00024386071891058242,9.749497985467316e-05
0.00011700933828251435,7.024724618531764e-05,-0.00047248596092686057,0.00022995172184892001,7.274168456206097e-05
0.00013300227874424309,8.431169408140704e-05,-0.00046841069706715643,0.00024379034584853798,9.676706395111978e-05
0.00012634703307412565,6.471497908933088e-05,-0.0004582506662700325,0.00023609826166648418,9.706268610898404e-05
0.00012932346726302058,8.409151632804424e-05,-0.00047641442506574094,0.0002414286282146349,7.16802678653039e-05
0.00012223151861689982,7.185044523794204e-05,-0.0004649922484531999,0.0002300533087691292,7.588927110191436e-05
0.00011391253065085039,6.810350896557793e-05,-0.000467539532110095,0.00023804875672794878,6.967499939491971e-05
0.00012101524771424009,6.310242315521464e-05,-0.0004628910392057151,0.0002314358571311459,8.10861456557177e-05
0.00012354778300505131,7.762924360577017e-05,-0.00046447338536381716,0.00023912430333439258,7.463803922291845e-05
0.00013388872321229428,9.03340260265395e-05,-0.00048505116137675936,0.00022902953787706792,5.896479706279934e-05
0.00012940667511429638,7.085184915922582e-05,-0.0004627707530744374,0.00024446059251204133,8.65993497427553e-05
0.00011431102029746398,6.162087811389938e-05,-0.00045625003986060614,0.00023545714793726802,8.074319339357315e-05
0.00011067785089835525,7.826980436220765e-05,-0.00046348379692062736,0.000251817429671064,8.046520815696567e-05
0.00012483561295084655,8.209046063711867e-05,-0.00046206146362237627,0.00023883607354946434,7.798580190865323e-05
0.00012467842316254973,7.50995022826828e-05,-0.00046682238462381065,0.0002392420283285901,7.32244152459316e-05
0.0001138525258284062,8.003722177818418e-05,-0.000470522471005097,0.00024180962645914408,7.17314178473316e-05
0.00012218405026942492,7.256418030010536e-05,-0.0004670087073463946,0.00024295492039527744,7.720930443610996e-05
0.00013150056474842128,8.323493239004165e-05,-0.0004631864139810205,0.0002367771521676332,8.118501136777924e-05
0.00012580439215525985,9.490095544606447e-05,-0.0004468083207029849,0.00025844783522188663,9.7354655736126e-05
0.00014556487440131605,8.883047121344134e-05,-0.0004230517952237278,0.0002499157271813601,8.04162336862646e-05
0.00013212540943641216,7.893038127804175e-05,-0.0004592151090037077,0.00023489176237490028,7.032510620774701e-05
0.00014791256398893893,0.00010055860911961645,-0.0004619931569322944,0.00024282871163450181,7.187580195022747e-05
9.773841156857087e-05,6.0571219364646815e-05,-0.00046809314517304296,0.0002251071855425835,7.346929487539455e-05
0.00012629599950741974,7.643410208402202e-05,-0.0004717593837995082,0.0002379142242716625,7.679735426791012e-05
0.00011662903852993622,7.366402860498056e-05,-0.00046955447760410607,0.000222706570639275,6.755112553946674e-05
0.00011898822413058953,6.767430022591725e-05,-0.0004578347434289754,0.00022812465613242241,6.892996316310018e-05
0.00015092274406924844,8.744696242501959e-05,-0.00047433943836949766,0.0002335437893634662,8.031356264837086e-05
0.0001356780412606895,8.810275176074356e-05,-0.0004497909685596824,0.0002422473335172981,8.139560668496415e-05
0.00013726676115766168,0.00010249558545183392,-0.00046459949226118624,0.00024312129244208336,7.347505743382499e-05
0.00014100997941568494,9.052278619492428e-05,-0.000459567119833082,0.0002495384542271495,7.628243474755436e-05
0.00011401711526559666,8.179385622497648e-05,-0.0004676777170971036,0.00023103402054402975,6.928668153705074e-05
0.00012526253703981638,8.803534001344815e-05,-0.00047855463344603777,0.0002322515210835263,6.160880730021745e-05
0.00013252247299533335,8.388463174924254e-05,-0.00046987354289740324,0.00024914665846154094,8.590374636696652e-05
0.00012260262155905366,7.827186345821248e-05,-0.0004591043689288199,0.00024082303571049127,7.687729521421717e-05
0.00012394839723128823,8.740585326449947e-05,-0.0004537578206509352,0.0002444772399030626,8.248195081250742e-05
0.00012583426723722368,7.705397729296237e-05,-0.00047787703806534415,0.00023268054064828905,6.0844733525300405e-05
0.00012816835078410804,9.50905159697868e-05,-0.0004714168317150325,0.00024809202295728033,6.576342275366187e-05
0.00011784642265411094,6.753273919457571e-05,-0.00046323932474479085,0.00023357314057648185,8.004385745152831e-05
0.00013723308802582324,0.00010573879990261048,-0.000488663325086236,0.00024991997634060686,8.544557204004377e-05
0.00014173313684295863,0.00010765326442196964,-0.00046780018601566553,0.0002457944501657039,9.176852472592144e-05
0.000123722551506944,7.429115794366226e-05,-0.0004626923764590174,0.00023902393877506256,8.727020758669823e-05
0.00012720003724098206,9.51681795413606e-05,-0.0004561612731777132,0.0002426168357487768,6.0465292335720726e-05
0.0001162612097687088,8.223373879445717e-05,-0.0004750137450173497,0.00023507782316301015,6.398508412530646e-05
0.00015182387141976506,9.420111746294424e-05,-0.00046642823144793516,0.00024787543225102127,9.97125680441968e-05
0.0001560328819323331,8.588238415541127e-05,-0.00044460489880293613,0.0002453183406032622,9.744615090312436e-05
0.00013891272828914222,0.00011010390153387561,-0.0004697042750194669,0.0002615294069983065,8.488326420774682e-05
0.00013870066322851926,8.850480662658809e-05,-0.00046749290777370334,0.00024957125424407417,9.158852481050417e-05
0.0001163786437246017,8.241690375143662e-05,-0.00017911454779095948,0.00025543631636537606,8.759201591601595e-05
0.00022203051776159555,9.946244972525163e-05,-0.0002058426762232557,0.0003525041101966053,0.00033812713809311385
0.00013783502799924463,2.106565261783544e-05,-0.00022692640777677295,0.0003004252794198692,0.00023964174033608285
0.00012024354509776458,1.0822363947227133e-05,-0.0002462542033754289,0.00029222562443464994,8.598461135989055e-05
0.00016665922885295004,0.00019836648425552997,-0.00039713503792881966,0.0003394876257516444,0.00016326566401403397
0.00018768450536299497,0.0001803252671379596,-0.0005164542235434054,0.000296047335723415,0.00015142012853175402
0.0001714515674393624,0.00014091315097175539,-0.0005597949493676424,0.0002030594478128478,7.120781810954213e-05
0.00014089401520323008,0.00012565584620460868,-0.0005216137506067753,0.0002269416436320171,7.374154665740208e-05
0.00012934247206430882,0.00011076717782998458,-0.0004970674635842444,0.00023796173627488315,8.198723662644625e-05
0.00013441922783385962,8.726144733373076e-05,-0.0004826794320251793,0.0002297856262885034,7.918071059975773e-05
0.000126543061924167,8.814665488898754e-05,-0.0004923520027659833,0.0002237066364614293,8.489142055623232e-05
0.00013388316438067704,9.295526979258284e-05,-0.0004850455152336508,0.0002327145339222625,7.077314512571321e-05
0.00011652997636701912,8.61274529597722e-05,-0.00046452239621430646,0.00024243163352366537,7.728458149358629e-05
0.0001300232543144375,0.00010905587259912863,-0.0004837612505070865,0.00023813439474906767,6.798486720072106e-05
0.00011679897579597307,9.009972563944756e-05,-0.0004753748653456568,0.000246858864556998,6.145134102553129e-05
0.00012743138358928263,7.31818363419734e-05,-0.00046932228724472236,0.00023670357768423853,8.353454904863611e-05
0.00013324880274012682,8.607593190390617e-05,-0.0004553335893433541,0.0002402223908575252,8.187071944121271e-05
0.0001256255054613575,7.888484105933458e-05,-0.00044869584962725634,0.0002447596925776452,8.429649460595101e-05
0.0001315505796810612,8.567566692363471e-05,-0.0004752029781229794,0.00023917741782497612,7.999144872883335e-05
0.00012629406410269442,8.107206667773427e-05,-0.0004633356002159417,0.00024027033941820264,8.799962233752012e-05
0.00012656717444770038,8.911813347367571e-05,-0.000481136521557346,0.00023700176097918305,6.39106219750829e-05
0.00011323272337904199,7.987330900505185e-05,-0.0004712318477686495,0.0002399006625637412,7.829688547644764e-05
0.00012390258780214936,8.185474871424958e-05,-0.00046639618813060224,0.000241937828832306,7.281376019818708e-05
0.000132297383970581,7.590272434754297e-05,-0.0004611818876583129,0.0002485210134182125,8.923475979827344e-05
0.00015043964958749712,9.717868670122698e-05,-0.0004330477386247367,0.00026366420206613844,0.00010855999425984919
0.00014242081670090556,0.00010062682849820705,-0.000401275756303221,0.0002463260025251657,8.829740545479581e-05
0.00010596120409900324,6.864222814328969e-05,-0.00047037223703227937,0.00022212725889403373,5.922109994571657e-05
0.00011860913218697532,7.687549077672884e-05,-0.0004598014056682586,0.0002471080224495381,7.378074951702729e-05
0.00012927367060910908,7.777775317663327e-05,-0.00046135875163599854,0.0002381702070124448,6.232462328625843e-05
0.00012307375436648726,6.702996324747802e-05,-0.0004579578817356378,0.0002369647700106725,8.154500392265618e-05
0.00011754515435313806,9.337068331660704e-05,-0.00047479907516390085,0.00024400133406743407,6.292945181485265e-05
0.0001636925298953429,9.34665949898772e-05,-0.00045046576997265214,0.00024790858151391154,6.471789674833417e-05
0.0001197136880364269,8.094246732071042e-05,-0.0004623501154128462,0.00022803305182605987,7.522510713897645e-05
0.00011666747013805434,7.763920439174399e-05,-0.00045236898586153984,0.0002371937589487061,8.064555731834844e-05
0.0001248947810381651,8.448426524410024e-05,-0.00046475860290229315,0.0002502285351511091,8.535451343050227e-05
0.0001272662921110168,9.10244634724222e-05,-0.00046989077236503357,0.0002514298539608717,8.135697862599045e-05
0.00014410930452868342,9.587757085682823e-05,-0.000450693944003433,0.0002438234223518521,8.936078666010872e-05
0.0001360638125333935,8.971259376266971e-05,-0.0004705640021711588,0.0002430329332128167,8.038435043999925e-05
0.00012825448357034475,7.921122596599163e-05,-0.00046920526074245567,0.0002314436133019626,6.375543307513e-05
0.00014017909415997565,7.51776242395863e-05,-0.0004774247645400465,0.00023248234356287867,6.487780046882108e-05
0.0001229626650456339,7.547303539467975e-05,-0.0004712835652753711,0.00023684398911427704,7.085079414537176e-05
0.00011992202780675144,9.018001583172008e-05,-0.000469942024210468,0.00023747442173771557,7.877106691012159e-05
0.00011634636030066758,7.588473818032071e-05,-0.00045396707719191914,0.00025081509375013406,8.571318176109345e-05
0.00011396934132790193,9.858420526143163e-05,-0.0004650014743674547,0.00024203081557061523,7.354700210271403e-05
0.0001240121200680733,8.174602407962084e-05,-0.00047907646512612695,0.00023035013873595742,6.712791946483776e-05
0.00013312511146068573,9.763551497599109e-05,-0.00046051884419284766,0.0002502648567315191,8.121426799334586e-05
0.0001322060270467773,9.406632307218388e-05,-0.00046055769780650735,0.00026019054348580545,9.16518474696204e-05
0.00013196992222219708,7.168944284785539e-05,-0.0004650334303732962,0.00022382508905138818,7.138753426261246e-05
0.00012060305016348137,7.962448580656199e-05,-0.00043598169577308,0.00022771403018850836,7.549471047241242e-05
0.00012929228250868618,9.755872451933101e-05,-0.0004765784833580256,0.00024493809905834496,7.1686168666929e-05
0.00013283273437991738,9.405212767887859e-05,-0.00046515773283317685,0.00024195454898290336,8.625153714092447e-05
0.00012453786621335894,8.25168754090555e-05,-0.00046196344192139804,0.00024461292196065193,8.417764183832331e-05
0.00013329727516975254,0.0001021074567688629,-0.00047525559784844523,0.0002462574047967792,7.914208981674165e-05
0.00012703896209131926,8.882719703251496e-05,-0.00047458146582357585,0.00025151835870929057,7.544614345533773e-05
0.00010929114796454088,8.284953946713358e-05,-0.0004686980100814253,0.00022823573090136048,6.473350367741659e-05
0.00015414798690471798,0.00010567342542344704,-0.000477204128401354,0.00024684317759238183,6.34579046163708e-05
0.00011324029765091836,7.511090370826423e-05,-0.0004589394375216216,0.00024342580582015214,5.794482785859145e-05
0.00011681950854836033,8.078008249867707e-05,-0.0004656277887988836,0.0002320424537174404,6.479680450865999e-05
0.00011512136552482845,7.403552444884555e-05,-0.0004706430772785098,0.00023538095410913232,7.300560537260026e-05
0.0001209659894811921,7.574308256153017e-05,-0.00046614126767963166,0.00022801182058174166,6.395066884579137e-05
0.0001143754125223495,7.755371188977733e-05,-0.00045731975114904333,0.00023849408898968252,7.924551027826965e-05
0.00012373237404972318,8.75173500389792e-05,-0.00046311563346534973,0.0002373144670855254,7.735483086435124e-05
0.00011391983571229504,7.250892667798325e-05,-0.00046332538477145135,0.00023788839462213218,7.518809434259309e-05
0.00011715415894286708,7.570652087451891e-05,-0.00045950041385367507,0.00025243585696443915,8.753684232942759e-05
0.00011593578528845684,6.942421168787405e-05,-0.0004635481454897672,0.00022726808674633506,6.880628643557429e-05
0.00012273502943571654,7.494015881093219e-05,-0.0004814093990717083,0.00023100878752302378,6.783472781535238e-05
0.0001361394097330049,9.482763562118636e-05,-0.00045949642662890255,0.00024245020176749676,8.239952876465395e-05
0.00011896689102286472,8.30404314910993e-05,-0.00046996693708933884,0.0002397105999989435,7.063708471832797e-05
0.00011499263928271829,7.953689055284485e-05,-0.0004633027710951865,0.0002374568721279502,6.81749515933916e-05
0.00012130806862842293,6.467819184763357e-05,-0.0004649973416235298,0.00022962185903452334,7.000602636253461e-05
0.00012441126455087217,8.925228758016601e-05,-0.0004773736000061035,0.00023821863578632477,7.45532161090523e-05
0.00011460021050879732,8.522326970705763e-05,-0.00046346685849130154,0.0002376984630245716,6.684926484012976e-05
0.0001349279336864129,6.997799209784715e-05,-0.0004617903032340108,0.00023881155357230455,7.913990702945739e-05
0.00011475473002064973,7.985376578290014e-05,-0.0004649363690987228,0.000235307656112127,6.869006028864533e-05
0.00012205154780531301,8.36953695397824e-05,-0.00047725776676088566,0.00023710665118414906,7.043760706437752e-05
0.00011727817036444319,7.975587504915893e-05,-0.0003763583372347057,0.0002777333720587194,0.0001105961637222208
0.00011780731438193469,4.4835418520960964e-05,-0.00040568446274846787,0.0002539875567890704,9.17774232220836e-05
0.00015306747809518129,7.97162556409603e-06,-0.0001945617696037516,0.00019806182535830882,0.00022486461966764185
0.000391342502553016,5.3479743655771024e-05,-0.0001196946614072658,0.0002674787829164416,0.0003737088409252465
0.0003986530646216124,0.00015513107064180076,-0.0005479567334987223,0.00013419885362964123,0.0002919312100857496
0.00022133743914309892,0.00018748878210317343,-0.0005285876104608178,0.0002325039386050776,5.8801251725526527e-05
4.553025792120025e-05,0.00014261451724451035,-0.0004951779264956713,0.000245288189034909,-1.0782498975459019e-05
1.2526974387583325e-05,0.00010040299821412192,-0.0004729021457023919,0.0002381915983278304,-3.8130081520648666e-05
6.228744314284995e-05,0.00011654043919406831,-0.00047553650802001357,0.0002508781326469034,-7.622903922310796e-06
0.00012202614016132429,0.00011577781697269529,-0.0004698119300883264,0.00026718011940829456,6.849734199931845e-05
0.00011425611592130736,9.675262845121324e-05,-0.0004594247147906572,0.0002646545763127506,7.161712710512802e-05
0.00013075357128400356,0.00010121779632754624,-0.0004737806448247284,0.00024854528601281345,7.295105024240911e-05
0.00010318166459910573,8.286527008749545e-05,-0.00044782832264900213,0.0002452223270665854,9.245117689715698e-05
0.00011498185631353408,7.732030644547194e-05,-0.000444803707068786,0.00025250270846299827,8.395932673010975e-05
0.00013046468666289002,9.324450365966186e-05,-0.00046459864825010305,0.0002450790489092469,7.605538121424615e-05
0.00012381163833197206,0.00010326171468477696,-0.0004620092513505369,0.0002490424667485059,7.234677468659355e-05
0.00012673530727624893,9.929366933647545e-05,-0.00045308479457162315,0.0002497252426110208,8.984212763607502e-05
0.00011588815686991438,6.793269858462736e-05,-0.0004715755057986825,0.00022244377760216596,5.3804818890057504e-05
0.0001108984652091749,7.175169594120234e-05,-0.00046481107710860664,0.00023646651243325323,6.857643893454224e-05
0.00014733875286765397,0.00011365982936695217,-0.00047048504347912967,0.0002449598105158657,7.671574712730944e-05
0.00013325906184036285,8.759310730965808e-05,-0.00047394388820976013,0.00024325160484295336,7.433359860442579e-05
0.00012408883776515722,8.497473027091473e-05,-0.00047599410754628474,0.0002327943802811205,6.715401104884222e-05
0.00012116383732063696,6.908876821398735e-05,-0.00047114590415731067,0.0002305265516042709,6.908889190526678e-05
0.00013253855286166072,9.994275751523675e-05,-0.0004683177976403386,0.0002486025041434914,8.225686178775504e-05
0.00012668085400946438,9.37430013436824e-05,-0.00045038264943286777,0.0002521696151234209,8.25403622002341e-05
0.00010929637210210784,6.115468568168579e-05,-0.0004638524260371923,0.0002285033115185797,6.364102591760457e-05
0.00012250417785253376,8.008371514733881e-05,-0.0004663790168706328,0.0002327405818505213,7.754191756248474e-05
0.00011451110913185403,8.075338701019064e-05,-0.0004677519900724292,0.00023977397358976305,6.940645835129543e-05
0.00010973794996971263,6.985814252402633e-05,-0.0004531850281637162,0.00022920237097423526,6.387646863004193e-05
0.00010845247743418442,5.448727461043745e-05,-0.00046922257752157753,0.00021521969756577164,6.150655826786533e-05
0.00011621273006312549,7.299847493413836e-05,-0.00046729604946449404,0.0002264830545755103,7.025085506029427e-05
0.00011493793863337488,8.83231550687924e-05,-0.0004769724328070879,0.00024879147531464696,6.804950680816546e-05
0.00012419061386026442,7.552945317002013e-05,-0.00047187422751449054,0.00023151606728788463,6.761954864487052e-05
0.0001334360713372007,7.607451698277146e-05,-0.0004478514892980456,0.00023637068807147446,8.218028233386576e-05
0.00011352037108736111,8.40557404444553e-05,-0.00046432705130428076,0.0002560316352173686,8.464715938316658e-05
0.00011316017480567098,7.510780415032059e-05,-0.0004686806059908122,0.0002298610779689625,6.742872210452333e-05
0.00013445944932755083,8.993854862637819e-05,-0.00046821904834359895,0.00024226492678280917,7.568101136712357e-05
0.00012205439270474017,7.277858094312249e-05,-0.00043039591400884086,0.00023558939574286342,6.0587430198211216e-05
0.00012246356345713139,8.701888145878911e-05,-0.0004627848684322089,0.00024590248358435934,7.231421477627009e-05
0.00011844425898743792,9.219438652507961e-05,-0.00046976387966424227,0.00024174054851755497,6.387904431903735e-05
0.00012237939517945048,9.930130909197032e-05,-0.00045857814257033164,0.00025431456742808223,7.428392564179376e-05
0.00013362825848162172,8.336624159710482e-05,-0.0004581733082886785,0.0002359974751016125,8.264921052614227e-05
0.00012024266470689329,8.515668014297262e-05,-0.0004390657413750887,0.0002472211781423539,9.29865927901119e-05
0.00011991710198344663,7.270107744261622e-05,-0.00044152335613034666,0.0002415241760900244,9.371224587084724e-05
0.00011800535867223516,8.238109148805961e-05,-0.0004595973296090961,0.00023570728080812842,6.486894562840462e-05
0.00011486328003229573,7.622246630489825e-05,-0.00045933117507956917,0.00024168977688532325,7.871836714912206e-05
0.00011361935321474448,8.05882955319248e-05,-0.00045537613914348185,0.00024189571558963505,7.023205398581922e-05
0.0001225464220624417,8.333338337251917e-05,-0.00046468726941384375,0.0002459360403008759,7.969837315613404e-05
0.00012095406418666245,9.717649663798512e-05,-0.0004699317214544863,0.0002428181905997917,7.21316973795183e-05
0.00013051116548012942,8.382322266697885e-05,-0.00048038212116807694,0.00023087004956323653,6.283105904003605e-05
0.00014451764582190665,9.324269922217354e-05,-0.0004651127674151212,0.00024852788192220027,8.225377678172664e-05
0.00013575659249909222,8.11631980468519e-05,-0.00044491066364571447,0.00025008487864397466,9.62019112193957e-05
0.00011639230069704352,7.900321361375973e-05,-0.0004605794092640281,0.00024522817693650717,7.787724462104961e-05
0.00014372431905940175,9.835252421908079e-05,-0.0004614435019902885,0.0002565282629802823,8.132193033816293e-05
0.0001339854788966477,8.540127601008862e-05,-0.0004358442092780024,0.00023852760205045342,8.134672680171208e-05
0.00011564437591005117,8.468546730000526e-05,-0.00045973199303261936,0.00023131983471103013,6.281316018430516e-05
0.00012236007023602724,8.124757005134597e-05,-0.00046964682405814534,0.00023587036412209272,6.996931188041344e-05
0.00012369136675260958,9.031710942508653e-05,-0.00045758381020277733,0.0002408020809525624,6.633521115873009e-05
0.00011465046554803848,6.923236651346086e-05,-0.0004674371739383787,0.00022693071514368057,6.741643301211298e-05
0.0001208674511872232,9.132226841757074e-05,-0.0004753303364850581,0.00024446076713502407,7.453427679138258e-05
0.00011576010001590475,8.412382885580882e-05,-0.0004753409884870052,0.00023973359202500435,6.457815470639615e-05
0.00012132410483900459,8.593347592977807e-05,-0.00048299040645360947,0.00023538178356830028,6.304639100562781e-05
0.00012483769387472418,8.7273059762083e-05,-0.00047935618204064667,0.00022319481649901718,5.90056661167182e-05
0.0001409551332471892,8.981424616649747e-05,-0.0004690508067142218,0.00024098632275126874,8.033645281102508e-05
0.00012717259232886136,7.850919064367191e-05,-0.00045243639033287764,0.0002301725762663409,7.74599175201729e-05
0.00011005176202161238,5.6240620324388146e-05,-0.0004660749982576816,0.00022757358965463936,6.522356125060469e-05
0.00011455854837549852,6.745143036823721e-05,-0.0004604737914633006,0.00022898841416463256,7.212205673567951e-05
0.00011993712541880086,7.537272904301062e-05,-0.0004613914061337709,0.00023805665841791782,6.92949615768157e-05
0.00012224583770148456,8.630743832327425e-05,-0.0004676681710407138,0.00024099230358842758,7.693684165133163e-05
0.00012299808440729976,7.758697756798938e-05,-0.0004545090487226844,0.00024546313215978444,8.258508023573086e-05
0.00011163704766659065,6.557431333931163e-05,-0.0004481635114643723,0.0002310459385626018,7.703008304815741e-05
0.00012381655687931925,7.79518813942559e-05,-0.000475969456601888,0.00023648882051929834,7.281648140633479e-05
0.0001223583531100303,7.598955562571065e-05,-0.0004724181490018964,0.0002363818493904546,6.749402382411063e-05
0.00011983561853412539,7.875075243646279e-05,-0.0004511630977503955,0.00022973664454184478,6.870408833492547e-05
0.00011498641833895816,7.671600906178354e-05,-0.00047873085713945335,0.00022020706092007455,4.999008160666562e-05
0.0001279067510040477,8.679928578203544e-05,-0.00047432770952582365,0.00023763680655974892,7.159155211411418e-05
0.00011612076923483984,7.911460124887526e-05,-0.00046509425737895066,0.00023586030874866992,6.666543049504979e-05
0.00011996411922154948,0.00010993864270858468,-0.0004617566009983421,0.00026315826107747853,8.516146772308275e-05
0.00012186697858851404,9.602186764823271e-05,-0.00046848572674207384,0.00024098252470139414,7.58227615733631e-05
0.00011038962111342698,7.404761709040031e-05,-0.0004653050855267793,0.00023812679864931846,7.278337579919025e-05
0.00011321071360725908,7.169161835918203e-05,-0.00045475948718376463,0.00023456271446775645,8.309586701216176e-05
0.0001234965748153627,6.661594670731573e-05,-0.0004579204542096704,0.00023671617964282632,7.916421600384638e-05
0.0001249043270945549,9.360758122056724e-05,-0.00045511356438510114,0.00023671011149417606,8.084504224825649e-05
0.00013309804489836097,8.288399112643674e-05,-0.0004722068551927805,0.00023817196779418737,7.934077439131215e-05
0.00012504204642027617,9.871483052847908e-05,-0.00047305240877904003,0.0002370062284171581,6.628486880799754e-05
0.00013418489834293723,9.538163430988787e-05,-0.0004717303381767124,0.00024114562256727368,7.438433385686949e-05
0.00012035311374347656,7.478857150999829e-05,-0.0004665550659410656,0.0002429591550026089,7.078045018715784e-05
0.00012917097774334252,9.227693226421252e-05,-0.00046053246478550136,0.0002513653889764101,7.704235758865252e-05
0.00012224333477206528,7.4477240559645e-05,-0.00045989672071300447,0.00024329709412995729,7.634597568539904e-05
0.00013665728329215201,8.927746239351109e-05,-0.0004662274150177837,0.00023740006145089862,8.317142783198506e-05
0.00013357058924157172,7.187188748503104e-05,-0.0004522654344327748,0.0002281930501339957,7.481372449547052e-05
0.00011323120270390064,7.019018812570721e-05,-0.00046531931729987264,0.0002258095919387415,6.674543692497537e-05
0.0001464905362809077,0.00011368608102202417,-0.0004200091352686286,0.0002437715593259782,7.837388693587856e-05
0.00014329806435853246,9.323316771769896e-05,-0.00046520508476532996,0.0002440684329485521,7.445116352755576e-05
0.00013751338701695204,9.88031315500848e-05,-0.00047940915101207793,0.00023553158098366114,7.087273115757853e-05
0.00010794665286084636,8.57311679283157e-05,-0.0004458719631657005,0.00024459921405650675,8.183720638044178e-05
0.00013146641140338033,7.593760528834538e-05,-0.0004575694620143622,0.00024101893359329551,9.246901754522696e-05
0.00012344348942860958,6.774230132577941e-05,-0.0004682800790760666,0.00023331231204792857,7.530188304372133e-05
0.00012274172331672162,8.493706263834609e-05,-0.000487128651002422,0.00022877696028444921,6.715406925650312e-05
0.00012312472972553226,8.699754107510671e-05,-0.00045639791642315686,0.0002409358858130872,7.953335443744436e-05
0.0001237164397025481,7.725119940005243e-05,-0.0004671528295148164,0.0002401758247287944,7.038351759547368e-05
0.00012838729890063402,8.300864283228293e-05,-0.00047197617823258037,0.00023877838975749907,7.526110130129382e-05
0.00014726945664733648,0.00010118520003743471,-0.00039989629294723267,0.0002644664200488478,0.00013312534429132936
0.00012330885510891676,9.407586185261607e-05,-0.0004648271715268493,0.0002489147591404617,7.491586438845843e-05
0.00012419519771356136,7.20219177310355e-05,-0.0004618577659130096,0.00024438841501250863,8.564984455006197e-05
0.00012005411554127932,7.413006824208423e-05,-0.0004586756404023617,0.00023532629711553452,6.736215436831117e-05
0.00012964526831638068,7.29216480976902e-05,-0.0004675854870583862,0.00024390030012000352,6.883735477458687e-05
0.00012592074926942587,9.562632476445287e-05,-0.0004853222344536334,0.00023351248819381,6.294887862168252e-05
0.000134818532387726,8.603955211583525e-05,-0.00047700901632197196,0.00023530266480520365,7.767401984892786e-05
0.00014487728185486048,8.723991049919277e-05,-0.00042644064524210984,0.00024174350255634638,8.918881212593988e-05
0.0001306501217186451,9.251059964299202e-05,-0.00046055723214522004,0.00025226190336979926,8.787572733126581e-05
0.000133294946863316,8.609053475083783e-05,-0.0004430722910910845,0.000246228912146762,7.450876728398725e-05
0.00012096761201974005,8.488452294841409e-05,-0.0004587115545291453,0.00024209778348449615,7.310644286917523e-05
0.00012991992116440088,8.69035575306043e-05,-0.0004644335131160915,0.000233336235396564,6.761597614968196e-05
0.00012855061504524198,6.851405487395823e-05,-0.0004752827517222613,0.00023176157264970243,7.093024760251865e-05
0.00013640681572724134,8.228178921854123e-05,-0.0004774932749569416,0.0002351031143916771,6.177117757033557e-05
0.00012536768917925656,9.820496052270755e-05,-0.0004479348426684737,0.0002518707187846303,7.634592475369573e-05
0.00014332520368043333,8.264469943242149e-05,-0.00045059958938509226,0.00023946442524902525,8.08351978776045e-05
0.0001700820866972208,0.00012072420213371517,-0.0004703831218648702,0.000252541241934523,9.270915325032547e-05
0.00012538261944428086,9.057840361492707e-05,-0.00046133864088915283,0.0002411721361568198,8.882376278052105e-05
0.00012552845873869956,8.487138256896287e-05,-0.0004670494527090341,0.00024193916760850698,7.247659232234582e-05
0.00012502478784881532,6.988002132857218e-05,-0.0004445941303856671,0.00023631849035155028,7.794913835823536e-05
0.00012871487706433982,7.729644130449742e-05,-0.0004678540863096714,0.00022911194537300617,7.565448322566226e-05
0.00014896014181431386,9.312605106970295e-05,-0.000450429244665429,0.00025548064149916167,9.403968579135837e-05
0.00013149229926057157,7.380831084446983e-05,-0.00045472697820514435,0.00022074798471294346,7.707731128903106e-05
0.00013227880117483434,9.468687494518237e-05,-0.000461842748336494,0.00025364180328324437,8.6248415755108e-05
0.00014089587784837931,0.00010400651808595285,-0.00045990222133696085,0.0002609367948025465,9.695690096123144e-05
0.00013125523400958627,7.409302634187044e-05,-0.00044391021947376435,0.0002581462904345244,0.00010808825027197601
0.0001357871078653261,8.755379531066865e-05,-0.00045417866203933954,0.00025483526405878365,0.00010297448898199946
0.0001245413877768442,6.991107511566952e-05,-0.00046543052303604787,0.00023775710724294186,7.517333142459394e-05
0.0001291612279601395,7.995872874744236e-05,-0.0004636471276171506,0.00023579178377985957,7.97151806182228e-05
0.00015682251250836998,0.00011309474211884663,-0.00044288000208325684,0.00027920273714698846,0.00011710657418007031
0.00014468248991761354,9.774706995813176e-05,-0.00046892731916159386,0.000254454294918105,0.00010309835488442332
0.000141308773891069,8.349631389137357e-05,-0.00046004998148418963,0.0002469480969011784,9.067220526048914e-05
0.00014648042269982398,7.896845636423677e-05,-0.0004560237575788051,0.00024375741486437616,8.695248106960207e-05
0.00013987455167807641,8.231751417042688e-05,-0.00044930860167369246,0.0002504700969439,8.06054231361486e-05
0.00015356435324065387,9.435829269932584e-05,-0.00046472513349726796,0.00025043200002983207,8.76539052114822e-05
0.00012041993613820524,9.235681500285864e-05,-0.00046204079990275193,0.00024443044094368815,8.248758967965841e-05
0.00012441459693945944,9.0646484750323e-05,-0.00045884499559178943,0.0002464939607307315,7.662038115086034e-05
0.00012474687537178397,7.48673774069175e-05,-0.00047503257519565517,0.00023665107437409458,7.790169911459088e-05
0.00014404134708456698,0.00010172413749387488,-0.00047102081589400774,0.0002451140317134559,7.764005567878485e-05
0.00013163477706257254,8.595515828346834e-05,-0.00046549164108000696,0.00024181099433917555,7.486692629754543e-05
0.0001384647621307522,9.546519868308678e-05,-0.00047121007810346777,0.00023696258722338823,8.602561138104647e-05
0.00015693438763264567,0.00010704768646974117,-0.00043415444088168437,0.00026191413053311413,9.340361430076882e-05
0.0001262267178390175,8.203347533708437e-05,-0.0004473937151487917,0.00023286671785172075,7.657804962946102e-05
0.00014073934289626774,9.14923584787175e-05,-0.0004638742248062045,0.0002410202723694965,6.526579090859741e-05
0.00013955525355413556,8.524655277142301e-05,-0.00047022695071063936,0.00023134579532779756,7.404613279504701e-05
0.00012826376769226044,8.1862453953363e-05,-0.000467694248072803,0.0002391471643932164,7.773259858367965e-05
0.0001178289094241336,6.911232776474208e-05,-0.0004697039548773319,0.00022975487809162587,6.727674190187827e-05
0.0001259160490008071,7.541114609921351e-05,-0.000470069091534242,0.0002265259245177731,6.315512291621417e-05
0.00012551668623927978,9.24023552215658e-05,-0.000463043135823682,0.00024077037232927973,7.543246465502307e-05
0.00013129010039847344,8.265252108685672e-05,-0.0004772846004925668,0.0002377708296990022,6.991244299570099e-05
0.00013018953904975206,9.874227544059976e-05,-0.00045545489410869777,0.00026673643151298165,9.13477924768813e-05
0.00013992843742016703,9.535190474707632e-05,-0.00044387648813426495,0.00027537107234820724,9.461757144890727e-05
0.00017081394616980106,0.00010949103307211773,-0.0004606423899531365,0.00025743580772541463,8.088305912679061e-05
0.0001327289646724239,7.922718941699713e-05,-0.00045928475446999073,0.00023615767713636157,6.670548464171588e-05
0.00012267069541849196,7.594390626763925e-05,-0.0004564654664136469,0.00023049894662108272,6.792131171096116e-05
0.00011917890515178442,6.965110515011474e-05,-0.00044972909381613135,0.00023498201335314659,8.347276161657646e-05
0.00013077050971332937,8.487584273098037e-05,-0.0004770025552716106,0.0002365338004892692,7.017964526312426e-05
0.00013650835899170488,7.995046325959265e-05,-0.00047111656749621034,0.00023473818146158007,8.351237920578569e-05
0.0001327682111877948,9.070050873560832e-05,-0.00046510671381838625,0.0002530286146793514,8.625282498542221e-05
0.00013480233610607684,0.00011089138570241631,-0.0004702679871115834,0.0002628624497447163,7.843955245334655e-05
0.00013126066187396646,8.866612915880978e-05,-0.00045658551971428096,0.00024116807617247105,7.456508319592103e-05
0.00015008787158876655,9.664738172432409e-05,-0.0004636000958271325,0.000248495489358902,8.354066812898964e-05
0.00011891312169609593,7.743230526102708e-05,-0.00044450844870880246,0.0002436132053844631,7.417338929371908e-05
0.0001285362814087421,7.891052518971263e-05,-0.00044918683124706155,0.00023092475021258,7.779769657645375e-05
0.0001342605537502095,8.600308501627296e-05,-0.00045956336543895293,0.00023759102623444048,9.021165897138415e-05
0.00013293491792865098,8.76041958690621e-05,-0.00047419362817890937,0.0002251187979709357,5.9501478972379125e-05
0.0001289708889089525,7.490473944926634e-05,-0.0004533577302936465,0.00023406645050272343,7.260924030561e-05
0.00012362576671876013,9.013709495775402e-05,-0.0004670864727813751,0.00023547325690742582,6.474543624790384e-05
0.00014465488493442535,0.00010631286568241194,-0.0004700421995949,0.00025624071713536983,6.489362567663193e-05
0.0001383179478580132,8.171099761966616e-05,-0.0004572946927510202,0.00023798886104486885,8.296456508105621e-05
0.00012108376540709287,7.830555841792375e-05,-0.00046223582467064256,0.0002352498413529247,7.835715950932354e-05
0.000128139290609397,0.00010381274478277193,-0.00046897260472178465,0.00024699512869119644,7.770091906422749e-05
0.00012419895210769027,9.768550080480054e-05,-0.00045434062485583127,0.00025263306451961404,7.787301001371816e-05
0.00011197246931260452,6.260651571210474e-05,-0.0003813118964899331,0.0003063027106691152,0.00018468861526343966
0.00013285836030263454,8.539487316738814e-05,-0.0003927192592527717,0.00029341597110033035,0.00017394944734405726
0.00012790340406354517,8.601942681707442e-05,-0.00047621331759728486,0.00023435245384462178,7.22147015039809e-05
0.00013445982767734677,9.039446013048293e-05,-0.00047718855785205966,0.00023809318372514102,7.763344910927117e-05
0.00013684647274203598,0.00010250679770251736,-0.0004712093796115369,0.00023745330690871924,6.67562344460748e-05
0.0001479494676459581,0.00010758578719105573,-0.0004329288494773209,0.0002537576074246317,9.606613457435742e-05
0.00013536341430153698,8.284563227789478e-05,-0.00044847917160950596,0.0002428444568067789,9.429972124053164e-05
0.00013719937123823908,8.015603089006618e-05,-0.0004481089708860964,0.00022624342818744483,6.233107706066221e-05
0.0001412174169672653,0.00010277453111484648,-0.0004828132805414498,0.0002396247145952657,6.146334635559471e-05
0.00015609584806952628,0.00010164328705286607,-0.0004724697791971267,0.0002412695757811889,7.618558447575197e-05
0.00013373470574151725,8.410378359258175e-05,-0.0004711695364676416,0.00024566540378145874,6.767741433577612e-05
0.00014366682444233447,0.00010311205551261081,-0.00045919854892417783,0.0002467565063852817,8.423794497502968e-05
0.00012916125706396997,7.81188064138405e-05,-0.0004623305285349488,0.00024159220629371705,7.077654299791902e-05
0.0001232912327395752,7.610722968820482e-05,-0.000464228680357337,0.00024229018890764564,8.567668555770071e-05
0.00013046163076069206,9.099843737203628e-05,-0.00046102289343252783,0.00024362710246350616,6.841941649327055e-05
0.00013976875925436616,8.997380791697651e-05,-0.0004596887738443911,0.0002425005659461021,8.056272054091096e-05
0.00013736989058088509,9.32192342588678e-05,-0.00046028543147258466,0.00023912670440040531,7.668374746572226e-05
0.00014179080608300865,0.00010279430716764182,-0.00046723050763830537,0.0002483246207702905,7.863263454055414e-05
0.00011311742127873003,8.269949466921389e-05,-0.00045674561988562346,0.00023171960492618385,5.8788893511518836e-05
0.00012608437100425363,7.517235644627362e-05,-0.00045545940520241857,0.00024003477301448584,7.73615320213139e-05
0.00012221097131259742,9.597124881111084e-05,-0.0004678383702412248,0.00024524697801098233,7.880385237513109e-05
0.00012271995365153998,8.51089134812355e-05,-0.00046100388863123953,0.0002497173845767975,7.025904778856784e-05
0.00013777607819065452,9.402758587384596e-05,-0.000454194872872904,0.00023936043726280326,7.337833812925966e-05
0.00014241551980376246,9.204296657117084e-05,-0.0004655273805838078,0.0002475985966157168,6.921926251379773e-05
0.00013888358080293983,9.498466533841564e-05,-0.00048122974112629885,0.0002417902869638056,6.464320176746696e-05
0.0001298754941672087,7.992145401658492e-05,-0.0004537567147053778,0.00022779843129683286,6.628109258599581e-05
0.00013162606046535075,7.916737376945093e-05,-0.0004657680110540241,0.0002388182329013944,6.947559450054541e-05
0.00013548370043281466,8.154170063789934e-05,-0.0004607523733284325,0.0002465184370521456,7.321261364268139e-05
0.0001197954552480951,8.045070717344059e-05,-0.00047627324238419533,0.00023244708427228036,6.519393355119973e-05
0.00012139932368881999,8.315263403346762e-05,-0.0004663853324018419,0.00024081461015157402,6.701480742776766e-05
0.00011635111150098965,8.132040238706395e-05,-0.00046308597666211437,0.00023453115136362607,7.575308700324969e-05
0.00012430841161403805,7.81618946348317e-05,-0.0004681576101575047,0.00023292392143048346,6.572742859134449e-05
0.0001295340625802055,9.220541687682272e-05,-0.00042515929089859133,0.00025182653916999703,8.565576717955993e-05
0.00013042610953561962,8.433956827502698e-05,-0.00044014345621690154,0.0002398973883828148,8.469502790831031e-05
0.00012825898011215028,9.50255271163769e-05,-0.0004752652894239873,0.0002428515290375799,6.817532266722992e-05
0.0001269860367756337,8.828220597933978e-05,-0.00047086819540709257,0.0002484979049768299,7.337951683439314e-05
0.00016823071928229186,0.0001295622932957485,-0.00045776276965625584,0.00024707766715437174,8.023143891477956e-05
0.00015339290257543325,0.00011501242988742888,-0.00044725963380187755,0.0002561958390288055,8.012830221559852e-05
0.00014483556151390076,7.664103031856938e-05,-0.00044610488112084573,0.0002555677492637187,9.910177323035896e-05
0.00016302595031447709,9.960680472431704e-05,-0.0004507162957452237,0.0002609759394545108,0.00010357189603382722
0.00014457300130743533,8.874438208295032e-05,-0.0004717817064374685,0.00023431387671735138,7.151879253797233e-05
0.00012642361980397254,0.00010842373740160838,-0.0004693016817327589,0.00025036901934072375,7.155992352636531e-05
0.00012589973630383608,8.234121924033387e-05,-0.00045642186887562275,0.00024054937239270655,7.150770397856833e-05
0.0001155639547505416,7.629257015651092e-05,-0.0004405569925438613,0.00023703378974460063,7.876551535446198e-05
0.00012189322296762839,7.507859845645726e-05,-0.00045989089994691307,0.00023443119425792247,7.0722664531786e-05
0.00012022563896607608,8.445465937256813e-05,-0.00047452904982492333,0.00023819251509848985,6.461319571826607e-05
0.00011066287697758526,8.861758396960795e-05,-0.0003915161360055208,0.00026832753792405134,0.00011811352305812758
0.000137312279548496,7.749312499072404e-05,-0.00038107336149550974,0.0003131867269985378,0.00017251133976969868
0.00014304784417618066,0.00010210981417912991,-0.00047064627869986,0.00024431038764305413,8.308572432724759e-05
0.00014736683806404471,0.00012249166320543736,-0.0004468806437216699,0.00025815650587901473,9.841498103924096e-05
0.00013376789866015315,8.437084034085274e-05,-0.000466127268737182,0.00022680060646962372,6.11094874329865e-05
0.00014780915807932618,8.98838770808652e-05,-0.0004742231103591621,0.00025327844195999205,9.836020763032137e-05
0.00014425617700908333,9.350723121315241e-05,-0.00042163161560893064,0.0002465134020894766,9.25900531001389e-05
0.00015037301636766642,0.00010219908290309832,-0.0004263216396793723,0.00023147252795752132,6.909116928000003e-05
0.00013421318726614118,8.867694850778207e-05,-0.0004700861463788896,0.00023380354105029252,6.634571036556736e-05
0.0001530697481939569,9.063660399988294e-05,-0.00047292586532421416,0.0002409994922345504,8.30213466542773e-05
0.00014783538063056767,8.511759369866922e-05,-0.00047159925452433527,0.00023414781026076523,6.685081461910157e-05
0.00012763505219481885,7.907052349764854e-05,-0.0004632455529645085,0.00024355780624318868,7.949800783535467e-05
0.00012600010086316615,7.323891622945666e-05,-0.00046385108726099133,0.00023971819609869272,7.27238948456943e-05
0.00012297509238123894,7.646931044291705e-05,-0.00047078891657292843,0.00023839289497118443,7.891624409239739e-05
0.00013444579963106662,0.00010029337863670662,-0.0004819174646399915,0.00024274826864711938,6.113953713793308e-05
0.0001488172420067713,0.0001243888691533357,-0.00047108533908613026,0.00025601801462471485,7.32437547412701e-05
0.00012846905156038702,8.60257787280716e-05,-0.0004683817969635129,0.00024311878951266405,7.716147956671193e-05
0.00012487902131397274,0.00010192461195401849,-0.0004556286730803549,0.00024548260262236,6.701909296680242e-05
0.00013449923426378518,9.36253709369339e-05,-0.0004661460116039962,0.0002450572501402349,7.226431625895201e-05
0.0001289464707951993,7.84751828177832e-05,-0.00045864985440857714,0.0002450970932841301,7.662037387490274e-05
0.0001306516496697441,8.417775825364515e-05,-0.00046101445332169533,0.0002430336026009172,7.874133007135242e-05
0.0001350896927760914,8.159059507306665e-05,-0.00046800318523310125,0.00023742440680507568,6.723745900671929e-05
0.0001231685164384544,5.9822268667630844e-05,-0.0004661922284867615,0.00023285475617740303,6.909263174748048e-05
0.00012224346573930234,6.356931407935917e-05,-0.0004624784050974995,0.0002367273991694674,7.32007683836855e-05
0.00012736638018395752,7.285514584509656e-05,-0.0004627860325854272,0.00024396493972744795,6.533056148327887e-05
0.0001359705056529492,7.411128171952441e-05,-0.0004464090743567794,0.00024202285567298532,7.402511255349965e-05
0.00011326150706736372,7.210925832623616e-05,-0.0004675799864344299,0.0002460037067066878,6.899586878716946e-05
0.00012422219151630998,8.389274444198236e-05,-0.00047292935778386885,0.0002397024363745004,6.423347076633945e-05
0.00017341956845484674,0.00011393484601285307,-0.00046484527410939336,0.00025190820451825857,7.894408918218687e-05
0.00014360097702592609,0.0001025735109578818,-0.00046337529784068476,0.00025253318017348647,8.460244134766981e-05
0.00012506639177445322,7.278635166585445e-05,-0.0004689463530667126,0.00024063486489467326,7.98112596385181e-05
0.00012541675823740658,8.0404533946421e-05,-0.00047231372445821757,0.00023611952201463282,6.570426194230095e-05
0.00012883302406407893,8.584203897044063e-05,-0.00046534795546904206,0.00023905314446892592,6.964070780668408e-05
0.00013589684385806322,9.651316213421524e-05,-0.00047185766743496066,0.0002550367498770356,7.916206232039258e-05
0.00013276253594085574,9.576754382578656e-05,-0.00046407937770709406,0.00025477231247350574,7.126601849449798e-05
0.00016500687343068418,7.561544043710455e-05,-0.00024159652821253985,0.00030086844344623387,0.0002995179675053805
0.0002676451113075018,0.00011435168562456963,-0.00027239182963967323,0.00031037125154398376,0.0003391370119061321
0.00018636134336702526,0.00012564411736093462,-0.000490974634885788,0.00024276082694996148,0.00013089012645650658
0.00013280472194310278,0.0001242729340447113,-0.0005026924191042781,0.00023005808179732407,2.1801795810461044e-05
0.00013500914792530239,0.00013850010873284188,-0.0005042062839493155,0.00023345378576777875,2.2318652554531585e-05
0.0001378051529172808,0.00010656547237886116,-0.0004771891690324992,0.0002506398886907846,8.625520422356202e-05
0.00012750181485898793,8.243880438385531e-05,-0.00046298280358314514,0.00023204270109999922,7.171210745582357e-05
0.0001315842819167301,9.16288117878139e-05,-0.00047604271094314754,0.00023990533372852949,6.187192775541916e-05
0.00014250930689740926,0.00010671342897694558,-0.00047092433669604366,0.00024422805290669203,6.755065987817943e-05
0.00015584251377731562,9.232086449628696e-05,-0.0004703802114818245,0.00024101223971229047,7.903093501226978e-05
0.00010986298002535476,7.366811769315973e-05,-0.000455915811471641,0.00021760402887593955,5.033229899709113e-05
0.00013866224617231635,8.128149784170091e-05,-0.0004725437320303172,0.00023852045706007632,7.352360989898443e-05
0.00016194894851651045,9.878150740405545e-05,-0.00047103103133849805,0.00026034394977614284,9.807309834286569e-05
0.00014119775732979178,9.166213567368686e-05,-0.0004877581668552012,0.00022320140851661563,5.8857029216596863e-05
0.00013586746354121718,8.039743988774717e-05,-0.00046863913303241134,0.0002438365772832185,8.435777272097766e-05
0.00012667414557654408,8.264860662166029e-05,-0.00045716523891314864,0.0002466590085532516,7.910110434750095e-05
0.00013411222607828677,8.001828973647207e-05,-0.0004573171027004719,0.0002457951777614653,9.429510100744665e-05
0.00011976047244388609,7.604562415508553e-05,-0.00047791484394110745,0.00022918375907465816,6.690159352729097e-05
0.00011759187327697872,7.920865755295381e-05,-0.00047497017658315594,0.00023275999410543588,6.0845948610221974e-05
0.00011524810543050991,7.760521839372814e-05,-0.0004682212311308831,0.0002413325273664668,7.337618444580585e-05
0.00011933083442272617,6.690630107186735e-05,-0.00043196984915994113,0.0002565566683188081,9.765638242242858e-05
0.00014249450759962198,7.416852167807521e-05,-0.0003995095612481237,0.00026019787765108054,0.00012262693780940026
0.00011321356578264384,8.350947609869763e-05,-0.0004792819963768125,0.00023151801724452525,5.970257188891992e-05
0.00012352490739431232,9.503281762590632e-05,-0.000448728824267164,0.0002525290183257312,8.033042831812054e-05
0.00014870939776301384,6.424091407097876e-05,-0.0004516778571996838,0.0002431498724035919,8.310283737955615e-05
0.0001245222374564037,7.462874054908752e-05,-0.0004672763461712748,0.00022268452448770407,6.695335468975826e-05
0.00012533551489468664,8.277109736809507e-05,-0.00046738103264942765,0.00023465201957151294,6.126470543676987e-05
0.00011105350858997554,7.103098323568702e-05,-0.0004667607718147338,0.0002357537450734526,6.604266673093662e-05
0.00012822740245610476,8.184445323422551e-05,-0.0004744587640743703,0.00024203152861446142,7.501518120989203e-05
0.0001246668107341975,7.300368451979011e-05,-0.0004637591482605785,0.00024090278020594266,7.63924908824265e-05
0.0001226464519277215,8.672429976286367e-05,-0.00045680539915338164,0.00024199318431783468,7.018310861894861e-05
0.00012227623665239662,6.846927863080055e-05,-0.00045456076622940594,0.00022781365260016173,6.130951078375801e-05
0.00014421498053707182,8.484587306156754e-05,-0.00041688035707920784,0.0002587774361018092,0.00016928123659454286
0.00013418015441857278,7.483511581085622e-05,-0.00037964677903801203,0.00023013526515569535,0.00015104016347322613
0.0002013753546634689,0.00011832181917270644,-0.0002473838976584375,0.0002524058509152382,0.00010815921996254474
0.0005778099875897169,0.00015571960830129686,-0.0003036000125575811,0.0004334087716415525,0.000483325682580471
0.00021388533059507608,8.956952660810201e-05,-0.0003025480837095529,0.0003964754578191787,0.0003623491211328656
0.0003355540102347732,0.00016964584938250482,-0.0004354638513177633,0.0002463223645463586,0.00012156978482380511
0.000282659922959283,0.00015755776257719845,-0.00017560111882630736,0.0004585901624523104,0.00036191870458424086
0.00012936274288222194,0.00016328626952599734,-0.0002208961523137987,0.00029145184089429677,9.481734014116228e-05
0.00012930584489367902,0.00020123657304793602,-0.0005108551122248173,0.0002965162275359034,9.467489144299179e-05
8.178636198863387e-05,0.00017426106205675748,-0.0005334831075742841,0.00025301869027316565,-1.3674250567419222e-06
0.00010683605796657504,0.00015368321328423917,-0.0005265622166916728,0.00024240012862719595,1.292244178330293e-05
9.965036588255316e-05,0.00012519079609774053,-0.0004937134217470884,0.0002458305971231312,4.6032986574573436e-05
0.00011127068137284368,9.459587454330176e-05,-0.00048546268953941757,0.00023987451277207583,5.479685569298454e-05
0.00013276316167321056,9.02952888282016e-05,-0.0004728031635750085,0.00025189059670083225,7.479819032596424e-05
0.00016469105321448296,0.000117249132017605,-0.00044324310147203516,0.0002505034208297729,7.685126183787361e-05
0.00013548550487030298,8.937980601331219e-05,-0.0004650165210478008,0.00024018011754378682,6.883041351102293e-05
0.00011421882663853467,8.944165892899035e-05,-0.0004644560685846954,0.00023589331249240786,5.6696339015616104e-05
0.00012072147364960983,8.848371362546459e-05,-0.00047482136869803066,0.000242649475694634,6.350765033857897e-05
0.00012867982150055468,0.00010099761857418343,-0.0004587160074152053,0.0002615004195831716,9.215008321916685e-05
0.00012030607467750087,7.357179856626317e-05,-0.0004609387833625078,0.00023259625595528632,6.987343658693135e-05
0.00012039401917718352,8.303410868393257e-05,-0.0004574559861794113,0.0002432294859318063,7.02034667483531e-05
0.0001337939320364967,0.00010211903281742707,-0.00046886675409041345,0.0002358657366130501,6.960501923458651e-05
0.00011589960922719912,9.644235979067162e-05,-0.000461369490949437,0.00024188372481148693,7.898201874922961e-05
0.00012249125575181097,7.488035771530122e-05,-0.00046721228864043946,0.0002375841286266222,7.122048555174842e-05
0.00012505291670095176,8.544474985683337e-05,-0.0004724981263279915,0.0002341897197766229,6.614526500925422e-05
0.00014445555279962718,0.0001068542114808224,-0.0004634485230781138,0.00025281865964643657,8.183381578419358e-05
0.00013568087888415903,0.00010599425149848685,-0.0004628353635780513,0.0002598679857328534,7.67723104218021e-05
0.00014388222189154476,8.736747986404225e-05,-0.0004717122064903378,0.00024209570256061847,6.357176607707514e-05
0.00012503573088906705,8.960955892689526e-05,-0.00046980610932223493,0.0002395832270849496,6.162449426483363e-05
0.0001294399844482541,7.588571315864101e-05,-0.00044701655860990286,0.00025361095322296023,9.126743680099024e-05
0.00012605529627762738,6.240801303647459e-05,-0.0004433619906194508,0.0002340333157917485,8.248820813605562e-05
0.00012842459545936435,7.772963726893066e-05,-0.0004700529389083386,0.00022210968018043784,8.007833093870431e-05
0.00015408758190460503,0.00010573802137514576,-0.0004617368977051228,0.0002532956132199615,0.00010010659752879292
0.00014337785250972956,9.1018810053356e-05,-0.0004599672975018621,0.00023382152721751479,7.389600068563595e-05
0.00012768080341629684,7.822682528058067e-05,-0.00047146645374596124,0.00023566106392536312,6.962835323065521e-05
0.00012659424101002514,8.072378841461614e-05,-0.00047205854207277303,0.00024809790193103254,6.899889558553696e-05
0.00011733162682503462,7.944393291836604e-05,-0.00046632971498183917,0.00023224313918035477,6.430050416383891e-05
0.00013141728413756937,8.746428648009896e-05,-0.0004623192653525621,0.00024849470355547965,9.980916365748271e-05
0.00014724064385518432,0.00010872869461309163,-0.00046541236224584276,0.0002638463629409671,9.505249181529508e-05
0.00012507184874266386,6.903707981109619e-05,-0.00046649845899082715,0.0002359446662012488,6.285800191108137e-05
0.00014473275223281235,9.147107630269602e-05,-0.00047043734230101114,0.000263974885456264,8.961933781392872e-05
0.00015356570656877008,0.00010472536814631894,-0.0004550726735033095,0.00025885668583214283,9.150321420747788e-05
0.00010653227218426764,8.167320629581809e-05,-0.0004696629766840488,0.00023953974596224723,5.540714482776821e-05
0.00011462142720120026,7.193659257609397e-05,-0.00046672264579683537,0.0002307760587427765,6.975355790928006e-05
0.00011995497334282844,7.935155008453876e-05,-0.0004435963346622884,0.00023682467872276905,8.821097435429692e-05
0.00014298062887974083,0.00010409150854684411,-0.00034069549292325974,0.0002552767982706428,9.450075594941154e-05
0.00012074609549017624,7.710383943049237e-05,-0.0002906036679632962,0.00021687494881916788,5.5334017815766856e-05
0.00018544422346167264,0.00019887043163180349,-0.0005137785337865354,0.0002789078280329705,0.00010590410965960473
0.00017320622282568365,0.00019329445785842839,-0.0004892327706329526,0.0002891766198445112,0.00010009160178015009
0.00015660400094930083,0.0001228346663992852,-0.0004738353309221565,0.0002631202223710716,8.331929711857809e-05
0.00013492166181094944,7.563047256553546e-05,-0.00045456713996827597,0.00023654494725633413,7.84750227467157e-05
0.00014296344306785613,9.574156865710391e-05,-0.000471416104119271,0.0002610882220324129,9.340179531136528e-05
0.00013475144805852324,7.211830234155059e-05,-0.00047316463314928114,0.00022066074598114938,7.302612357307225e-05
0.0001378016313537955,0.00010493039735592902,-0.00046914324047975237,0.0002411384048173204,8.019549568416552e-05
0.00014152702351566404,0.00010880621266551316,-0.00046978777390904725,0.00024564069462940097,8.705841173650697e-05
0.00012910306395497173,9.829738701228052e-05,-0.0004818293091375381,0.00021829284378327432,4.870393604505807e-05
0.00012621772475540638,6.947206566110253e-05,-0.0004640127590391785,0.00023983634309843183,8.283679198939353e-05
0.00012543903721962124,7.52320120227523e-05,-0.0004475647292565554,0.00024416230735369027,8.871911995811388e-05
0.00013504315575119108,7.948324491735548e-05,-0.0004520661314018071,0.00025189763982780283,8.96310666576028e-05
0.00012112266995245591,6.643779488513246e-05,-0.0004442424979060888,0.00025501466006971896,9.669728024164216e-05
0.0001359363668598235,7.388665108010173e-05,-0.00047321323654614384,0.00023423430684488267,7.200159598141909e-05
0.0001367569639114663,9.746151772560552e-05,-0.0004683003644458949,0.00024663208751007915,8.56932092574425e-05
0.00013664500147569925,8.5849518654868e-05,-0.0004700676072388888,0.0002426270366413519,8.838256326271221e-05
0.0001322923926636577,7.824072963558137e-05,-0.0004581358807627112,0.00023668297217227519,8.85587724042125e-05
0.00013208233576733622,9.711783786769956e-05,-0.00046672133612446487,0.00024050031788647172,7.765110785840079e-05
0.00011984109005425124,7.762739551253617e-05,-0.00045258103637024766,0.0002418554067844525,7.749243377475068e-05
0.00011801387881860137,6.555378786288202e-05,-0.00045391428284347063,0.00022601075761485845,6.528390076709911e-05
0.00012321061512921003,7.351997192017734e-05,-0.00046557115274481486,0.0002299035113537684,6.642330845352262e-05
0.00011386796541046353,6.48482600809075e-05,-0.0004536367778200656,0.00022452369739767164,6.322996341623366e-05
0.00011832464952021836,7.61878618504852e-05,-0.0004765074118040502,0.00022423948394134638,6.214364839252083e-05
0.00013325258623808622,7.300867582671344e-05,-0.00047334289411082864,0.0002333000156795606,7.886374078225344e-05
0.00013122044038027525,8.912174962460995e-05,-0.00021219902555458248,0.0002777586050797254,0.0002978512202389539
0.0003391563368495554,0.00016979905194602907,-0.0002122657460859045,0.0002183285832870752,0.00028847085195593536
0.00034867922659032047,0.00015656858158763498,0.00015405112935695797,0.00036637231823988264,0.0003858085547108203
0.00016652222257107496,6.563458555319813e-06,0.00028259077225811785,0.0004925846587866545,0.00045789647265337413
0.00034976628376171,0.00027957436395809054,-0.0003717778599821031,0.00028850641683675354,0.00020989967742934823
0.0002794935426209122,0.0002560392313171178,-0.000562746892683208,0.00026532556512393063,8.038243686314672e-05
0.00014606304466724396,0.00013880987535230815,-0.0005293539725244045,0.0002235835418105125,4.167441147728823e-05
0.00013764749746769667,0.00011722130147973076,-0.0005323736695572734,0.0002202252071583644,3.7750418414361775e-05
0.00011886703578056768,0.00010265413584420456,-0.0005173674435354768,0.00021291550365276635,3.574083893909119e-05
0.00014173384988680482,0.00010743652819655836,-0.0005042505799792707,0.00023418301134370267,5.682725168298929e-05
0.00013764883624389768,0.00010827725054696202,-0.0004940807120874523,0.0002396603231318295,6.676421617157757e-05
0.00013261334970593452,9.557606972521172e-05,-0.0004934488097205758,0.00023194070672616363,5.665312346536666e-05
0.00013726306497119367,9.950434468919411e-05,-0.0004908430273644626,0.00023712973052170128,7.321851444430649e-05
0.00012073617108399048,8.423639519605786e-05,-0.00038426494575105613,0.00025956297758966684,7.97093816800043e-05
5.091482307761908e-05,2.7759057047660466e-05,-0.00038577383384108543,0.0002676745061762631,0.00010646339796949178
5.566402614931576e-05,1.5178061403275933e-05,-0.0003827022737823426,0.0002632259565871209,0.00010240087431157008
7.58601090637967e-05,3.294345151516609e-05,-0.00039554716204293067,0.00027529674116522074,0.00010840391041710971
9.010086068883538e-05,2.7448348191683177e-05,-0.0004003657959401608,0.00025995276519097393,0.00010592104081297292
0.00012891880760435018,4.896880273008719e-05,-0.00041787512600421916,0.00022196538338903335,5.512111238203943e-05
0.00011643159814411774,5.5071450333343826e-05,-0.00040175102185457945,0.00026541561237536365,9.548948582960291e-05
8.115659875329584e-05,3.8996251532807946e-05,-0.00038959996891207993,0.00026412378065288067,0.00010352912067901344
8.244788477895781e-05,2.071628114208579e-05,-0.0004026482056360692,0.0002539286215323955,0.00010410803224658594
8.238198643084615e-05,2.916037556133233e-05,-0.00041238998528569937,0.00024215584562625736,8.855641499394551e-05
0.00010247238242300229,5.1970095228170976e-05,-0.0004343346226960421,0.0002511123311705888,8.212622196879238e-05
8.654946577735245e-05,5.633260298054665e-05,-0.000435831694630906,0.00025211088359355927,7.460041524609551e-05
9.514898556517437e-05,5.6376160500803956e-05,-0.0004406406951602549,0.00024470238713547593,8.285353396786377e-05
0.00011209277727175503,5.8695157349575304e-05,-0.00044389753020368516,0.0002559921413194388,9.066887287190184e-05
9.195455641020091e-05,5.545186650124377e-05,-0.0004280923749320209,0.000258673942880705,9.245667024515568e-05
9.125198266701773e-05,4.680593337980099e-05,-0.00042613287223502994,0.00024953868705779314,0.00010536933405091986
0.00010330302029615268,6.991979171289131e-05,-0.000439012743299827,0.00024734821636229753,7.580613601021469e-05
9.527905058348553e-05,7.192187331384048e-05,-0.00044184617581777275,0.0002587990602478385,8.547967445338145e-05
0.00011003220424754544,7.170117896748707e-05,-0.0004479564086068422,0.0002335241733817384,7.777824066579342e-05
0.00010084146197186783,6.528974336106329e-05,-0.0004122954560443759,0.00024531708913855255,8.215835259761661e-05
0.0001070062062353827,5.4091226047603413e-05,-0.0004203990974929184,0.00023365342349279672,7.475216989405453e-05
0.00011153591913171111,6.627646507695317e-05,-0.0004492557782214135,0.00024752022000029683,7.526957779191434e-05
8.314112346852198e-05,4.306880873627961e-05,-0.0004234247899148613,0.0002386416599620134,6.929039227543399e-05
0.0001060917929862626,6.668997957604006e-05,-0.0004532776074483991,0.00024467401090078056,7.490166171919554e-05
0.00010462840145919472,8.326365787070246e-05,-0.0004504558455664665,0.0002278384490637109,6.549994577653706e-05
0.0001257943804375827,8.000357047421858e-05,-0.00044858729233965283,0.00025537580950185657,7.526762783527374e-05
0.00011649428779492156,7.059094787109643e-05,-0.0004468182160053402,0.0002487167075742036,8.951882773544641e-05
0.00010419618774903938,6.207946717040613e-05,-0.0004528707941062749,0.00024265484535135331,7.940155046526343e-05
0.00011230619566049428,7.793396798660979e-05,-0.0004528381687123328,0.00024337705690413716,7.656718662474304e-05
0.00012772034096997229,7.249901682371275e-05,-0.00043968902900815015,0.0002551804936956614,9.579570178175344e-05
0.00011750565317925066,6.717434007441625e-05,-0.0004464617813937366,0.000243488495470956,8.780770440353079e-05
9.680405491963029e-05,5.172854798729532e-05,-0.00044819698086939747,0.0002342924562981352,8.172783418558538e-05
0.00013444075011648238,7.253519288497046e-05,-0.0004634301585610956,0.0002471066836733371,7.156281208153814e-05
0.00011017099313903601,7.475406891899183e-05,-0.0004396096046548337,0.0002609244256746024,9.51815309235826e-05
0.00012474905815906823,7.164158159866929e-05,-0.0004484477394726128,0.0002664316853042692,8.320837514474988e-05
0.0001384195202263072,7.574683695565909e-05,-0.0002573741367086768,0.00037460870225913817,0.0002586129994597286
0.00014252582332119346,0.00013473174476530403,-0.00041263026650995016,0.000254501384915784,0.00013577847857959569
0.00015502696624025702,0.00014857786300126466,-0.000490053032990545,0.00024074340763036162,6.32160808891058e-05
0.00014068196469452232,0.00010538286005612464,-0.0004904068191535772,0.00024740546359680593,6.882406160002574e-05
0.0001475914177717641,0.00010941298387479036,-0.00045325286919251084,0.0002486094308551401,7.076290785335004e-05
0.00011407776037231089,5.6851877161534496e-05,-0.000447807862656191,0.00023329097894020376,6.969006790313871e-05
0.00011117473331978545,6.536519504152237e-05,-0.0004478640912566334,0.00023833147133700552,7.956202171044424e-05
0.00011676528811221941,5.355667235562578e-05,-0.0004295399703551084,0.00024891685461625457,0.00010159971134271473
0.00011842390813399106,7.240074046421796e-05,-0.0004445445665623993,0.00023751358094159516,6.912491517141461e-05
0.00013300543650984764,8.406146662309766e-05,-0.00046043656766414637,0.00026482087559998035,0.00010032628051703796
0.00011112963693449275,7.50890831113793e-05,-0.00045761626097373664,0.00023739859170746056,7.554353214800358e-05
0.000120476855954621,8.822567178867757e-05,-0.00046432128874585027,0.00025598288630135363,8.875696221366525e-05
0.00011884592095157132,8.12325524748303e-05,-0.00046083299093879765,0.0002446467406116426,7.409499085042626e-05
0.0001306613121414557,6.528928497573361e-05,-0.0004671276547014713,0.00023712468100711703,6.752584158675745e-05
0.00013720865536015478,8.937191887525843e-05,-0.00047196319792419667,0.00024964861222542817,7.830143294995649e-05
0.00013518471678253263,0.00010186788131250069,-0.0004788803635165095,0.0002396967902313918,7.237209501909092e-05
0.00012060737935826181,9.052827954292296e-05,-0.00044223890290595586,0.00025128116249106824,6.888530333526433e-05
0.00011568119953153655,5.11974903929513e-05,-0.0004230936465319246,0.00024135161947924644,8.339316991623491e-05
0.00013005851360503584,7.82580318627879e-05,-0.00045821358799003065,0.0002529546036385,9.036224946612491e-05
0.00012182414502603933,6.994345312705262e-05,-0.0004549161822069436,0.0002335991594009101,7.115407061064616e-05
0.0001212569695780985,6.798788672313094e-05,-0.0004631372867152095,0.00023496279027312997,6.807216414017603e-05
0.00010846354416571558,7.445384107995777e-05,-0.0004608464078046382,0.00024951723753474653,7.57727975724265e-05
9.881129517452791e-05,5.424990376923233e-05,-0.0004533932369668037,0.0002384919935138896,6.791901978431271e-05
0.00011369685671525076,6.619706255150959e-05,-0.00044921369408257306,0.00025286886375397444,7.2121387347579e-05
0.00013175973435863853,8.053248893702404e-05,-0.00044794759014621377,0.0002480262483004481,7.979005022207275e-05
0.00013183907140046358,8.373540185857563e-05,-0.0004577246436383575,0.00025686839944683015,7.829531386960298e-05
0.00011122933938167988,7.163212285377085e-05,-0.0004599483800120652,0.00023993504873942584,7.393950363621116e-05
0.00012373068602755666,7.737576379440725e-05,-0.00046689953887835145,0.0002329964336240664,7.203670975286514e-05
0.0001283663441427052,7.656731759198009e-05,-0.00046811235370114446,0.00024631386622786516,7.993019971763715e-05
0.00012312643229961395,7.475746679119766e-05,-0.0004624691791832447,0.00024018467229325322,6.69455184834078e-05
0.00014387120609171686,8.316226012539119e-05,-0.00044965249253436923,0.0002488174650352448,8.070723561104387e-05
0.0001285461912630126,6.97226423653774e-05,-0.00046365786693058913,0.00025178820942528546,8.780707867117599e-05
0.00011206040653632954,6.428877532016486e-05,-0.0004541872185654938,0.0002358037891099229,6.921205931575969e-05
0.00012325527495704589,7.079663191689178e-05,-0.00045032461639493693,0.0002513521758373827,0.00010449605906615034
0.00011602099402807652,8.323575457325205e-05,-0.00046133869909681374,0.000241940826526843,7.070046558510512e-05
0.00012755824718624353,7.348097278736532e-05,-0.00046604653471149504,0.0002448588784318417,6.678714998997748e-05
0.00011126186291221528,7.898377953097224e-05,-0.00047168310265988117,0.0002320108178537339,6.047761053196154e-05
0.00012185826926724983,8.023856207728386e-05,-0.0004618303792085498,0.00025078904582187533,8.912863268051296e-05
0.000116202631033957,6.955225398996845e-05,-0.0004544003750197589,0.00025717736571095884,8.222385804401709e-05
0.00013449412654154003,9.190158016281202e-05,-0.0004640289407689124,0.00025286583695560694,8.080546831479296e-05
0.00014404056128114462,9.789255273062736e-05,-0.000443026889115572,0.00025301892310380936,9.827307076193392e-05
0.00014699308667331934,9.771731129148976e-05,-0.0004513109743129462,0.0002629886730574072,8.085359149845317e-05
0.0001251983339898288,9.281353413825856e-05,-0.0004456072638276965,0.0002505918964743614,8.163952588802205e-05
0.00013174518244341016,8.847930439515041e-05,-0.0004635706718545407,0.0002579443680588156,8.992601942736655e-05
0.00011712928971974179,6.784341530874373e-05,-0.00044976000208407635,0.0002423575060674921,7.581513636978343e-05
0.0001208213870995678,8.886836440069601e-05,-0.0004734631220344454,0.00024161850160453466,7.007371459621936e-05
0.00011903449194505813,7.908206316642463e-05,-0.0004619603278115392,0.00023918367514852437,6.116615986684337e-05
0.00011642894241958855,6.508838123409079e-05,-0.00046442859456874436,0.00024127641518134624,7.569849549327046e-05
0.0001214568255818449,8.139205601764843e-05,-0.00047125571290962403,0.00023728176893200723,6.750362081220374e-05
0.00012305678683333102,7.635758083779365e-05,-0.0004642549611162394,0.0002493149950169027,7.723238377366215e-05
0.00013216535444371402,8.35201281006448e-05,-0.000457712507341057,0.00024047672923188657,8.154060924425721e-05
0.0001355762797174975,9.602834325050937e-05,-0.00046778158866800373,0.00023753228015266356,7.540853403043002e-05
0.00011065437865909188,6.386575842043385e-05,-0.0004722819721791894,0.00023006230185274037,6.434342503780499e-05
0.00011266671208431943,6.104769272496924e-05,-0.00046235418994911015,0.00023133677314035594,6.26490218564868e-05
0.0001313615211984143,6.314674828900024e-05,-0.00045224142377264803,0.0002518839028198272,0.00010046296665677801
0.000116830320621375,7.177390216384083e-05,-0.00045611857785843313,0.00023548153694719082,7.571039895992726e-05
0.00011720240581780671,8.379507926292717e-05,-0.0004485967219807208,0.00025303519214503467,8.962032734416425e-05
0.00012992839037906379,7.855390140321106e-05,-0.00047477943007834256,0.0002326795074623078,6.512280378956348e-05
0.00014653948892373592,8.247081859735772e-05,-0.00047094255569390947,0.00024432310601696367,8.173416426870972e-05
0.00012458860874176023,8.471804903820157e-05,-0.00046682971878908575,0.0002470127947162837,6.961972394492477e-05
0.0001431060372851789,9.327219595434144e-05,-0.00047390951658599084,0.00025108398403972393,7.725972682237625e-05
0.00016856465663295242,0.00012526974023785442,-0.00047676611575298006,0.0002484173746779561,8.77158745424822e-05
0.00014340975030791014,0.00011369670392014086,-0.000450984894996509,0.0002563974412623793,9.843607404036447e-05
0.00011595681280596182,6.669780123047529e-05,-0.0004506947007030249,0.00023813721782062203,7.846255175536498e-05
0.0001154130295617506,7.758617721265182e-05,-0.00047201645793393254,0.0002352049632463604,7.803356129443273e-05
0.0001297833223361522,8.098589023575187e-05,-0.00045010310714133084,0.0002482334384694696,9.327095176558942e-05
0.00012642164074350148,8.586611511418596e-05,-0.00047122815158218156,0.0002544871822465211,8.2250677223783e-05
0.00010601673420751469,7.602316327393055e-05,-0.0004714885726571083,0.00024097082496155053,6.405558087863028e-05
0.00014041051326785237,9.552860865369439e-05,-0.0004671508795581758,0.0002424748236080632,5.984335803077556e-05
0.00013035547453910112,7.123975228751078e-05,-0.00046229787403717637,0.00023658867576159537,7.840713078621775e-05
0.00012832072388846427,7.903656660346313e-05,-0.0004629515169654042,0.00025367780472151935,8.807244739728048e-05
0.00011921449186047539,7.48876846046187e-05,-0.00045761821093037724,0.0002476389054208994,8.568268822273241e-05
0.00013674134970642626,9.880341531243177e-05,-0.00047987053403630847,0.0002569464850239456,7.853302668081595e-05
0.00012888942728750408,8.997046097647399e-05,-0.0004503423988353461,0.00025616330094635487,9.149522520601751e-05
0.0001533171598566696,0.0001180346807814203,-0.0004651143390219658,0.00024847796885296697,7.639680552529171e-05
0.00014292035484686494,0.00010021511116065084,-0.00044531287858262664,0.00024327251594513652,8.898730447981508e-05
0.00012722446990665048,6.25346292508766e-05,-0.00045242518535815185,0.00023251991660799828,6.918935105204582e-05
0.00017765395750757307,9.260670049116015e-05,-0.0004685431777033955,0.00024716000189073384,9.293764014728367e-05
0.00014071541954763234,8.029952005017549e-05,-0.0004464776429813355,0.0002540626446716488,9.828521433519201e-05
0.0001255426759598777,9.171281271846964e-05,-0.0004497629415709524,0.00027373485499992967,0.00010952186858048664
0.00014239150914363566,9.242367377737536e-05,-0.00046506969374604523,0.0002538394182920456,9.461746230954304e-05
0.0001503678795415908,9.941108874045312e-05,-0.00045622925972566014,0.000250157347181812,8.580994472140445e-05
0.00010778314026538284,6.756256334483625e-05,-0.00046097635640762746,0.00024159610620699823,7.54442298784852e-05
0.00012960298045072705,8.182096644304694e-05,-0.0004678317927755416,0.0002309865958523005,6.756386574124917e-05
0.0001184424545499496,6.714605115121229e-05,-0.0004620015388354659,0.00023167114704847333,5.902716293348931e-05
0.00012770954344887286,7.259127596626058e-05,-0.00045722353388555353,0.00022043185890652242,5.037040682509542e-05
0.00018033724336419252,0.00013224534632172436,-0.0004102960519958288,0.0003614412271417677,0.00023004689137451348
0.00017024856060743332,0.00013828913506586105,-0.0004340211162343621,0.00035095421480946243,0.0002099344419548288
0.00013664808648172766,8.291222184197977e-05,-9.762800618773326e-05,0.00030093995155766606,0.0001669488992774859
0.0001610762410564348,0.00019474084547255188,-0.00018960112356580797,0.0002765893004834652,0.00010202104749623686
0.0002312738652108237,0.0002608110371511429,-0.000515543797519058,0.00029125911532901233,0.00011220927262911572
0.00019252585479989648,0.00015866177272982895,-0.0005108092445880175,0.0002821350935846567,0.00010746918997028844
0.0001620615221327171,0.0001212702045449987,-0.0004901455249637365,0.00025117924087680876,8.034791244426742e-05
0.00013596816279459745,8.862462709657848e-05,-0.00046062198816798633,0.00023906763817649332,9.057398710865529e-05
0.00013250655320007354,8.554470696253702e-05,-0.0004497543559409678,0.00025167252169922,9.259365469915792e-05
0.00013385000056587157,9.023338498082012e-05,-0.00047377796727232635,0.0002661993494257331,8.078604150796309e-05
0.00014822553202975539,9.797667735256256e-05,-0.00046838223352096975,0.00026309650274924934,8.387801790377125e-05
0.00013244633737485856,8.556457760278136e-05,-0.0004473653389140964,0.00024942311574704945,8.606835035607219e-05
0.00012820756819564852,9.763473644852638e-05,-0.00045845401473343367,0.00024364166893064976,7.623020064784214e-05
0.00013720792776439342,9.12388932192698e-05,-0.00047808719682507217,0.00024145595671143383,8.534435619367288e-05
0.0001340224116574973,9.086531645152718e-05,-0.0004380476020742208,0.0002721874334383756,0.00011224346962990239
0.0001320585870416835,7.692196231801063e-05,-0.00042581235175020993,0.00026565318694338197,0.00011355624883435669
0.0001438658800907433,9.173944272333756e-05,-0.00046335658407770097,0.0002497415116522461,8.589156641392037e-05
0.0001400881155859679,0.00010137231583939864,-0.00047507919953204686,0.0002421134267933667,7.511123112635687e-05
0.00012733455514535308,7.587054278701544e-05,-0.0004639590624719858,0.00024663531803525984,7.942925731185824e-05
0.00013579441292677075,8.120784332277253e-05,-0.00046134696458466346,0.0002536971878726036,8.631162199890241e-05
0.00012086894275853408,8.079670078586787e-05,-0.00047155027277767664,0.00024144821509253236,7.79055990278721e-05
0.0001253794034710154,7.234700024127959e-05,-0.0004568682634271681,0.00024230088456533847,9.002024307847023e-05
0.00014214855036698282,8.664299093652517e-05,-0.0004690492351073772,0.0002480474940966815,9.190972923533992e-05
0.00011100716801593079,8.234705455834046e-05,-0.0004697141121141613,0.00025183180696330965,6.621403008466585e-05
0.00013183079136069864,9.35610878514126e-05,-0.0004768117505591362,0.00025302398717030883,7.320180884562433e-05
0.00013559634680859745,7.666947931284085e-05,-0.000453247019322589,0.0002505035954527557,8.56721308082342e-05
0.0001479931961512193,0.00010288257908541708,-0.0004625961882993579,0.0002512038627173752,8.171048102667555e-05
0.00013108979328535494,8.711223199497908e-05,-0.00045550995855592186,0.00026523289852775633,9.281090751755984e-05
0.00012345417053438723,7.73346473579295e-05,-0.00047432808787561953,0.00023692141985520718,6.266640411922708e-05
0.00012792005145456642,8.515929948771372e-05,-0.0004600143292918801,0.0002521065180189908,8.955230441642925e-05
0.0001252209476660937,8.224511111620814e-05,-0.00045159083674661815,0.00025330708012916153,9.9550248705782e-05
0.0001469886483391747,8.446186257060616e-05,-0.0004740401054732502,0.0002530177589505911,8.299288310809061e-05
0.00011392130545573308,7.323262980207801e-05,-0.00048387882998213167,0.00022438427549786866,5.010415043216199e-05
0.00012689910363405946,8.625951159046963e-05,-0.0004640522820409387,0.0002501198323443532,7.879728946136311e-05
0.00011798737978097051,9.036017581820488e-05,-0.00046432987437583517,0.00026249312213622034,8.412288298131898e-05
0.00014720983745064584,0.00010100394138135016,-0.00046610395656898623,0.000269582262262702,8.296922169392928e-05
0.0001441562781110406,8.918100502341986e-05,-0.00048020362737588574,0.0002288719697389752,6.0561695136129856e-05
0.0001348546938970685,8.694511780049652e-05,-0.0004580974346026778,0.0002393697650404647,8.950231131166221e-05
0.00013116755872033536,7.698055560467765e-05,-0.0004520356887951493,0.0002514492371119559,0.00010024436051025988
0.00014144599845167252,7.814604032319039e-05,-0.00045189945376478136,0.0002466584846843034,0.00010043199290521444
0.00014350049605127424,7.514560275012627e-05,-0.00043578655458986765,0.0002546882024034858,9.577655873727052e-05
0.0001610716135473922,7.905333768576385e-05,-0.0004282539593987167,0.00025768173509277403,0.00010343837493564934
0.00010598346852930264,5.2161249186610796e-05,-0.0004601133987307549,0.00023120392870623618,8.014932245714591e-05
0.00011774867016356438,5.160182627150789e-05,-0.0004608437593560666,0.00022868900850880888,8.641155727673322e-05
0.00011643995094345884,8.368025009986013e-05,-0.00045714539010077726,0.0002346546534681693,7.695518434047699e-05
0.00011627602361841127,6.957353616598994e-05,-0.0004649001348298043,0.00023850695288274437,7.075280882418156e-05
0.0001153598932432942,3.818035474978387e-05,-0.00018292355525773016,0.0003396339598111809,0.00021621093037538233
0.00017983492580242455,0.00016738240083213896,-0.0002882234111893922,0.0002786528202705085,0.00011446790449554099
0.00017479520465712994,0.00016001849144231528,-0.0005248303641565144,0.0002577021950855851,8.526649617124349e-05
0.0001610551553312689,0.000125387407024391,-0.0005056808004155755,0.00024527317145839334,7.908847328508273e-05
0.00015668818377889693,0.00010279801063006744,-0.0004718185227829963,0.0002625340421218425,0.0001069021673174575
0.00013090783613733947,8.988925401354209e-05,-0.00046704831765964627,0.00024208806280512363,8.744694787310436e-05
0.00012946028436999768,8.107176108751446e-05,-0.00048535320092923934,0.00022826287022326142,6.892734381835908e-05
0.00012285129923839122,8.517722017131746e-05,-0.0004853960126638413,0.00023597168910782784,7.099995855242014e-05
0.00012278345820959655,9.171247074846178e-05,-0.00048606912605464464,0.000246378273004666,7.839106547180563e-05
0.00012759085802827028,8.344544767169282e-05,-0.0004821866168640554,0.00024574215058237314,8.204866026062518e-05
0.00012988183880224824,9.065313497558236e-05,-0.00047562125837430363,0.00025149137945845723,8.843656542012468e-05
0.00012926408089697358,9.280450467485934e-05,-0.00046265820856206124,0.00026212906232103705,0.00010246802412439138
0.00012874451931566,9.229714487446472e-05,-0.00046856363769620657,0.00025240454124286765,7.901967910584062e-05
0.0001235593226738274,7.634299254277721e-05,-0.0004574658814817667,0.0002414977643638849,9.19676385819912e-05
0.00011777132021961734,8.338435145560652e-05,-0.00047050375724211335,0.00023669563233852384,6.960463360883296e-05
0.00014382395602297038,7.405095675494522e-05,-0.0004746485792566091,0.000236134888837114,6.993630086071789e-05
0.0001519263896625489,9.77197923930362e-05,-0.00047721122973598534,0.0002605542249511928,8.505071309627965e-05
0.00012961072206962854,8.872216858435422e-05,-0.0004711784713435918,0.0002469643368385732,7.732014637440443e-05
0.00014138697588350624,8.396261546295135e-05,-0.00048035336658358574,0.0002444912679493428,8.27252952149138e-05
0.00012354340287856758,8.548762707505375e-05,-0.00045711503480561083,0.0002373346796957776,7.651202759006992e-05
0.00012801676348317417,8.163931488525122e-05,-0.0004725316248368472,0.00025337617262266576,8.283495117211714e-05
0.0001278899435419589,7.412414561258629e-05,-0.00047563549014739687,0.00024249273701570928,8.522142888978124e-05
0.00012068025534972548,8.828067075228319e-05,-0.0004527940764091909,0.0002600928710307926,9.429777855984868e-05
0.00011977223039139062,8.234930282924324e-05,-0.0004628344613593072,0.00024877541000023484,7.58929891162552e-05
0.0001353914849460125,9.23302286537364e-05,-0.00045508236507885163,0.00024668723926879466,8.504866127623245e-05
0.00011033968621632086,6.160544580779971e-05,-0.000453945976914838,0.00023044511908665297,8.353888551937416e-05
0.00011917112715309484,7.646936137462035e-05,-0.00045895893708802765,0.0002472782216500491,9.217925980919972e-05
0.00012164739746367562,8.299264300148934e-05,-0.0004638973332475871,0.0002584136382211,9.20729071367532e-05
0.00013124622637405992,8.383652311749756e-05,-0.00047106514102779334,0.0002467367448844016,8.499524847138673e-05
0.00011681453906930984,7.338610157603398e-05,-0.0004592119657900184,0.00024521397426724434,8.061171683948487e-05
0.00011123502190457656,7.885073864599691e-05,-0.0004773735126946122,0.00023256021086126569,5.740764390793629e-05
0.00011224913032492624,6.966875662328675e-05,-0.0004587861767504363,0.00023562023125123238,6.141891208244489e-05
0.00013831685646437106,9.001154103316367e-05,-0.0004801708564627916,0.0002505948068574071,8.613404497737065e-05
0.00013923102233093232,8.988138142740354e-05,-0.00045948056504130363,0.0002547303738538176,7.975794142112136e-05
0.00010910544369835408,6.510213279398158e-05,-0.00046188064152374864,0.00023644168686587363,7.2030998126138e-05
0.0001211126655107364,7.350803934969008e-05,-0.0004512591694947332,0.00025193896726705134,9.692410822026432e-05
0.000140928546898067,7.432833081111312e-05,-0.000455689849331975,0.0002614533004816621,0.00010209104948444292
0.0001436340098734945,9.434425010113046e-05,-0.0004650371556635946,0.0002550878853071481,8.730341505724937e-05
0.00012483063619583845,7.935661415103823e-05,-0.00046863779425621033,0.00023936953220982105,7.994789484655485e-05
0.00012762397818733007,7.201534026535228e-05,-0.0004795761778950691,0.0002398310898570344,7.061751966830343e-05
0.00011245547648286448,7.188084418885408e-05,-0.0004658947582356632,0.0002443418197799474,8.860815432853997e-05
0.000134892703499645,9.295444760937244e-05,-0.00047397011076100165,0.00024609084357507527,7.350047235377133e-05
0.0001342979521723464,0.00010202528210356833,-0.00047574343625456095,0.00024238275364041328,6.535759894177318e-05
0.00014368057600222528,0.00010253864456899464,-0.0004834169521927834,0.0002442813711240888,7.497372280340642e-05
0.000131200926261954,8.241834439104423e-05,-0.00043574956362135714,0.00023388613772112882,8.565253665437922e-05
0.0001199498656205833,6.765474245185031e-05,-0.00044769447413273167,0.00023754237918183208,8.81162632140331e-05
0.00013221471454016862,8.445071580354123e-05,-0.0004775223496835679,0.00024514575488865376,8.693338895682245e-05
0.0001373445411445573,8.597195846959949e-05,-0.0004937266930937767,0.00022917895694263282,6.137879972811788e-05
0.0001186530280392617,9.364041034132242e-05,-0.00048061533016152685,0.00024613254936411977,6.84329352225177e-05
0.00013916805619373918,9.076949936570601e-05,-0.00046730317990295584,0.0002526136231608689,9.521946049062535e-05
0.0001332064712187275,7.894807640695943e-05,-0.0004291576624382287,0.00024618959287181497,0.00010713951633078976
0.00011785811511799692,5.602449527941644e-05,-0.0004210371116641909,0.0002335132594453171,8.349491690751165e-05
0.0001355289132334292,0.0001009603583952412,-0.0004558231448754668,0.000248168216785416,7.308623025892302e-05
0.000203488307306543,8.880014502210543e-05,-0.00043189764255657787,0.00022827922657597807,8.14297454780899e-05
0.00019854368292726576,7.744001050014049e-05,-0.0001313305401708931,0.0001517150230938569,2.1806765289511528e-05
0.00010535010369494556,6.680164369754493e-05,-8.960855484474449e-05,0.0002885014400817454,8.417849312536418e-05
0.0002201382449129596,0.00023092403716873375,-0.0004458918992895633,0.000292154960334301,0.00013660771946888414
0.00022072719002608207,0.00021524754993151876,-0.0005607985658571124,0.00028531925636343663,0.0001361237227683887
0.00018777544028125703,0.00014500366523861885,-0.0004912724834866822,0.00027934121317230165,0.0001337706489721313
0.00017336693417746574,0.00016607028373982757,-0.00045432650949805975,0.00030694095767103136,0.00015624889056198302
0.00016974467143882066,0.0001408291282132268,-0.00046831133658997725,0.0002819615183398128,0.00012254455941729248
0.00015629158588126302,0.00011015335621777922,-0.0004861252673435956,0.00026611765497364104,0.00010363845649408177
0.00014004510012455282,9.76537776296027e-05,-0.00046800039126537735,0.00024552276590839034,7.360799645539373e-05
0.00013669900363311172,9.259663784177974e-05,-0.0004750953521579504,0.00024444074369966984,8.846280979923904e-05
0.00014094432117417455,9.870128997135909e-05,-0.0004693622759077698,0.0002486598968971521,8.449529559584333e-05
0.0001542329991934821,8.000992238521576e-05,-0.0004681044956669211,0.00023883691756054762,9.332187619293109e-05
0.0001230406342074275,8.40364518808201e-05,-0.00045337929623201484,0.0002493624342605472,7.794487464707345e-05
0.00012010267528239639,0.00011268065281910823,-0.00045482444693334406,0.0002872834156733006,8.682495536049828e-05
0.00013521786604542285,9.78002426563762e-05,-0.000466288736788556,0.0002696869196370244,8.752118446864188e-05
0.00012468473869375885,7.755718979751691e-05,-0.0004615502548404038,0.0002444137935526669,7.926768739707768e-05
0.00012564270582515746,9.241523366654292e-05,-0.0004764409677591175,0.00026388125843368465,0.0001066769691533409
0.0001258344855159521,7.945723336888477e-05,-0.000475581968203187,0.0002401289093540981,8.160392462741585e-05
0.00013093191955704242,8.979746780823916e-05,-0.0004797981528099626,0.0002514210937079042,8.973332296591252e-05
0.00012995318684261292,9.456502448301761e-05,-0.00045078937546350056,0.00027728185523301363,0.00010062263754662126
0.00011538604303495957,6.824380398029462e-05,-0.00046101922634989023,0.000251212069997564,8.168561907950789e-05
0.00012356150546111166,8.503687422489747e-05,-0.000473665539175272,0.00023954754578880966,7.375447603408247e-05
0.00014009512960910797,0.00010018130706157535,-0.000438093557022512,0.00025966684916056687,8.278848690679297e-05
0.00014192007074598226,9.468707867199555e-05,-0.0004691680951509625,0.0002546230680309236,8.213319961214438e-05
0.0001268855412490666,7.552758324891329e-05,-0.0004785084747709334,0.0002439908421365544,7.166972500272095e-05
0.0001286564947804436,8.799086208455265e-05,-0.0004726286861114204,0.00024865238810889423,8.011261525098233e-05
0.00015657767653465268,0.00010096048208652064,-0.0004633849603123963,0.0002635293349158019,0.00010238765389658512
0.00011431352322688325,5.934361252002418e-05,-0.000470673490781337,0.00023262575268745425,7.729791832389309e-05
0.0001146926442743279,8.188228093786165e-05,-0.00047369441017508507,0.00024141409085132182,7.499792991438879e-05
0.00013204642164055258,0.00010231426131213084,-0.000462958007119596,0.00025490883854217833,8.243065531132743e-05
0.0001234165392816067,6.970544927753508e-05,-0.00046102449414320285,0.0002560637367423624,8.569996862206608e-05
0.00010758668940979987,6.807986937928945e-05,-0.00047391484258696437,0.00023059344675857574,6.132607086328791e-05
0.0001210080808959901,8.151854126481341e-05,-0.0004728080530185253,0.00024355658388230952,6.802019925089553e-05
0.00011945450387429446,7.541538070654497e-05,-0.0004723382007796316,0.000247246993239969,7.67961610108614e-05
0.00012772221816703677,8.114940283121541e-05,-0.0004766572674270719,0.00024895812384784216,8.373345917789267e-05
0.00013230895274318755,9.582670463714749e-05,-0.00047103798715397726,0.00025603180984035134,8.110654016491026e-05
0.00014167913468554616,0.00010016158921644092,-0.00047214803635142733,0.0002610062074381858,8.494657231494784e-05
0.00012731869355775416,7.643612480023876e-05,-0.00047494412865489716,0.00024222057254519316,7.577014912385495e-05
0.0001222160062752664,9.281839447794482e-05,-0.00048125479952432215,0.00024215505982283506,7.627171726198867e-05
0.00013419328024610877,8.217808499466628e-05,-0.0004676024545915425,0.00024156997096724808,8.363562665181234e-05
0.00012180296471342444,6.180893251439555e-05,-0.0004559422668535263,0.00024703730014152825,9.52940754359588e-05
0.00012878085544798523,7.612090121256188e-05,-0.0004651714989449829,0.00024730651057325304,9.410405618837105e-05
0.00012923884787596762,7.467537216143683e-05,-0.0004653409705497325,0.0002570574579294771,8.139484270941466e-05
0.00013634856441058218,8.404280379181729e-05,-0.0004705235187429935,0.00024876228417269886,8.383028762182221e-05
0.00011731636914191768,8.033516496652737e-05,-0.0004620206018444151,0.00024886272149160504,7.040383206913248e-05
0.00012572288687806576,9.494019468547776e-05,-0.0004675369418691844,0.0002617748104967177,8.183338650269434e-05
0.00012933695688843727,7.951852603582665e-05,-0.0004549478180706501,0.0002501165436115116,6.384251173585653e-05
0.00014057844236958772,9.666923870099708e-05,-0.0004590350145008415,0.00024083181051537397,7.201005792012438e-05
0.00013231967750471085,8.246799552580342e-05,-0.00048100954154506326,0.00023679062724113462,6.21819999651052e-05
0.00012939325824845582,7.10373933543451e-05,-0.0004571994068101049,0.0002488376048859209,8.785229147179051e-05
0.000142034245072864,7.676282984903082e-05,-0.00046682695392519236,0.00023515375505667183,7.006501982687041e-05
0.00013226625742390752,7.39102324587293e-05,-0.00048179586883634334,0.00023781387426424766,8.095368684735149e-05
0.00014046570868231356,0.00010050996206700802,-0.0004469655395951122,0.0002593064564280212,9.374334331369029e-05
0.00011261420149821787,8.242485637310892e-05,-0.0004548428114503622,0.0002552595105953514,8.640126907266676e-05
0.0001399997854605317,9.412199142389001e-05,-0.0004613266501110047,0.00025728525361046195,9.71689005382359e-05
0.00011778063344536348,5.927225720370189e-05,-0.0004532112507149577,0.0002423277037451044,8.270548278233036e-05
0.0001277351257158443,7.263795123435557e-05,-0.00045079644769430166,0.0002448339655529708,8.180958684533834e-05
0.0001426057715434581,0.00010966184345306827,-0.00046130531700327987,0.0002554437378421426,8.319141488755122e-05
0.00016189027519430965,8.114321099128574e-05,-0.0004616941732820123,0.00025527042453177273,8.436362986685708e-05
0.00012565866927616298,7.609529711771756e-05,-0.0004697148106060922,0.0002546382311265916,8.149456698447466e-05
0.00012365607835818082,7.953267049742863e-05,-0.00046400894643738866,0.00022931399871595204,6.638665945501998e-05
0.00011708342935889958,6.628895789617674e-05,-0.0004613747587427497,0.00024017076066229487,7.533576717833057e-05
0.00012370271724648774,9.273750038119032e-05,-0.00046045050839893514,0.00025206105783581734,8.270607941085473e-05
0.00012242744560353458,8.315141167258844e-05,-0.0004652987990994007,0.000241632224060595,9.090107050724328e-05
0.00012959861487615854,7.590479799546301e-05,-0.0004533332830760628,0.00023992740898393092,7.878792530391365e-05
0.00013224704889580607,7.0045112806838e-05,-0.00044743073522113264,0.0002477302623447031,9.909386426443234e-05
0.00013396005670074373,9.453568782191724e-05,-0.00047518234350718563,0.0002419153752271086,6.778164970455691e-05
0.00012653166777454317,8.003507537068799e-05,-0.00047891584108583635,0.0002447609149385244,6.616837345063686e-05
0.00012459275603760034,7.697501860093325e-05,-0.0004747967759612948,0.00024313014000654218,8.340476051671429e-05
0.00013487000251188874,8.97684003575705e-05,-0.00046507662045769393,0.00025890278629958635,9.587878594174981e-05
0.00013085565296933058,7.747427298454568e-05,-0.00047139308298937976,0.00025501757045276463,9.053415124071762e-05
0.00015203496150206774,9.358703391626476e-05,-0.00046605704119428987,0.00023302901536226275,8.238829468609764e-05
0.00010847434896277264,6.332217162707819e-05,-0.00046691592433489865,0.00023460022930521518,6.302678229985759e-05
0.00012003604933852328,7.782373722875491e-05,-0.0004678797558881343,0.00024960015434771776,7.299658318515867e-05
0.00011780488421209155,6.560413748957217e-05,-0.0004622380365617573,0.0002378510544076562,7.859706965973601e-05
0.00012941028398927298,7.705925236223267e-05,-0.00047826921218074864,0.000236926440265961,8.6663116235286e-05
0.0001201277191285044,7.246940367622301e-05,-0.0004652196075767279,0.00025156012270599604,7.505030953325331e-05
0.00012351902842056006,9.553594281896949e-05,-0.00046351339551620185,0.00024462296278215945,7.6954675023444e-05
0.0001270273351110518,8.000696107046679e-05,-0.0004644339205697179,0.0002471999905537814,8.711422560736537e-05
0.00012771523324772716,8.296474697999656e-05,-0.0004717383126262576,0.0002502825518604368,7.508380804210901e-05
0.00012073350080754607,8.875010098563507e-05,-0.00046975328586995596,0.00024664634838700294,7.739422289887443e-05
0.00012194093142170459,7.022057252470404e-05,-0.00046738007222302263,0.00024127989308908584,7.731466030236334e-05
0.00012328388402238488,7.101514347596094e-05,-0.00046155572636052966,0.00025497638853266835,9.119218157138675e-05
0.00013453810242936015,9.35201605898328e-05,-0.0004714155220426619,0.00024607518571428955,9.622226207284257e-05
0.0001408795069437474,8.910621545510368e-05,-0.0004723730380646885,0.00026617464027367527,9.649973799241708e-05
0.00012056461127940564,8.548072946723549e-05,-0.00047699370770715177,0.0002479824761394412,7.084217213559896e-05
0.00012349995085969567,9.153388964477926e-05,-0.0004620121035259217,0.00024238797777798027,7.453645957866685e-05
0.00012134517601225525,9.105875506065786e-05,-0.00046749730245210236,0.0002427603030810133,6.779730756534262e-05
0.00012712542957160622,9.14098200155422e-05,-0.000479546026326716,0.00024506813497282565,8.032575715333222e-05
0.00011693294072756542,6.371220661094412e-05,-0.0004730216169264168,0.00023543889983557162,6.979912723181769e-05
0.00012712716124951842,9.460597357247023e-05,-0.0004720307770185173,0.0002468287420924753,8.879538654582575e-05
0.00013755190593656152,8.587256161263213e-05,-0.00045695109292864805,0.0002563130110502243,9.196929750032724e-05
0.00012987118680030107,8.638184954179451e-05,-0.0004536390479188413,0.00023549752950202676,8.285892545245588e-05
0.0001277463306905702,7.113126775948331e-05,-0.00045701800263486797,0.0002473255153745413,8.810701547190547e-05
0.0001263488520635292,8.732863352634013e-05,-0.0004717142728623003,0.00025635925703682,9.862203296506776e-05
0.00014011743769515306,8.168826025212184e-05,-0.0004704364691860974,0.0002450250030960888,8.139898272929713e-05
0.0001274342939723283,9.233234595740214e-05,-0.0004802305484190583,0.0002487871970515698,7.744772301521152e-05
0.00012715242337435484,7.903157529653981e-05,-0.0004647349705919624,0.0002517980756238103,7.695599197177215e-05
0.00014489593741018325,0.0001063034651451744,-0.00048182281898334617,0.0002454007917549461,9.287010470870882e-05
0.00012868180056102574,8.690229151397943e-05,-0.00044856019667349756,0.00024254323216155166,8.767432882450521e-05
0.00011663017357932405,6.721929094055668e-05,-0.00046545249642804265,0.00023010052973404527,6.588568066945301e-05
0.00012119973689550535,6.81401725159958e-05,-0.0004618094826582818,0.0002382909733569249,7.236575766000897e-05
0.00012122682528570293,8.909656753530726e-05,-0.0004698129196185618,0.0002445020072627813,6.954919808777049e-05
0.00014297277084551752,8.850102312862873e-05,-0.00046119431499391794,0.0002559092827141285,9.784357098396868e-05
0.00013651762856170538,6.383222353179008e-05,-0.00046712777111679316,0.0002477268280927092,9.333365596830844e-05
0.00012908325879834592,9.929933003149928e-05,-0.0004733046516776085,0.0002433388290228322,7.716795516898856e-05
0.00013224866415839642,9.6753123216331e-05,-0.0004651203053072095,0.0002720788470469415,0.00010322601883672178
0.00012980186147615316,7.238373655127361e-05,-0.0004529934958554804,0.000253748003160581,9.65125218499452e-05
0.00013282716099638492,9.331153705716132e-05,-0.00047006914974190295,0.00024700898211449385,7.44160352041945e-05
0.00012895181134808809,8.74513279995881e-05,-0.00045538600534200663,0.00023041758686304087,6.855948595330118e-05
0.00012753430928569287,9.761172259459272e-05,-0.0004717796691693365,0.00025390286464244127,7.888207619544119e-05
0.00013070463319309056,9.960976603906602e-05,-0.00047716233530081814,0.00025147886481136084,8.235737186623737e-05
0.00016806398343760518,9.945691272150724e-05,-0.00046648422721773386,0.0002395898191025481,7.773347169859335e-05
0.0001322208408964798,0.00010347550414735451,-0.0004619888495653868,0.00024727854179218406,7.544142863480373e-05
0.00012539430463220924,7.032929715933278e-05,-0.00045095523819327365,0.00023665610933676362,8.518081449437885e-05
0.00013210049655754122,7.973355968715623e-05,-0.0004612457123585045,0.00024691325961612165,7.274119707290083e-05
0.0001264390448341146,9.97776151052676e-05,-0.00045488143223337835,0.00026861013611778617,0.00011029525921912864
0.00015770013851579281,8.778004121268168e-05,-0.00043980919872410595,0.0002563542511779815,9.434731327928604e-05
0.00014653745165560395,0.00010688623297028244,-0.00044653704389929766,0.00025156018091365695,7.234758959384635e-05
0.00011930183973163366,6.574222061317414e-05,-0.00044449541019275774,0.00022649779566563663,6.112162373028697e-05
0.00013393285917118192,7.260347047122195e-05,-0.0004074334865435958,0.00025271173217333853,9.231024159817024e-05
0.00015074682596605268,0.00011164234456373379,-0.00045967171899974346,0.00026857075863517815,0.00010616455983836204
0.00015004101442173126,0.00010488439147593455,-0.0005010089371353388,0.00023434033209923652,6.68689390295185e-05
0.00014989740157034248,0.00011751789133995771,-0.00047645246377214784,0.00026427090051583946,0.00011023748811567202
0.00015240958600770682,0.00011164595343871042,-0.0004399785539135337,0.00025417350116185844,0.0001049130005412735
0.00012858612171839925,0.00010023464710684492,-0.00045428780140355235,0.00025850956444628537,8.668662485433741e-05
0.00012223672820255158,7.734601967968047e-05,-0.00046867778291925793,0.00024390881299041206,8.138975681504235e-05
0.00012906049960292876,8.657817670609802e-05,-0.0004571872123051435,0.00024618636234663427,8.619194704806432e-05
0.00015863780572544786,9.517446596873924e-05,-0.0004675079544540495,0.0002576208207756281,8.573597006034106e-05
0.00014737823221366853,0.00010596167703624816,-0.0004662487772293389,0.0002546425384934992,0.00010036961612058803
0.00013058315380476415,7.646021549589932e-05,-0.0004643258871510625,0.00024451001081615686,9.510455129202457e-05
0.00015153843560256064,7.391701365122572e-05,-0.0004643830470740795,0.00025497243041172624,8.236763824243098e-05
0.0001267923798877746,7.261215068865566e-05,-0.000467022939119488,0.00024323089746758344,8.759965567151085e-05
0.0001490633876528591,0.00011217370047233999,-0.0004441193304955959,0.0002559500571805984,7.982359238667415e-05
0.00012662674998864532,0.00010767107596620916,-0.00046180721255950635,0.0002497030363883823,7.695020758546889e-05
0.0001401001209160313,8.435698691755533e-05,-0.0004841193731408566,0.00024936292902566487,7.655399531358853e-05
0.00014570901112165302,0.00011374276073183864,-0.0004721365112345666,0.00027004725416190917,0.0001058868001564406
0.00014690737589262426,8.755940507398918e-05,-0.0004690259811468423,0.0002548167831264436,9.220212814398109e-05
0.00011773222649935633,8.259833703050391e-05,-0.0004535818879958242,0.0002561536675784737,7.89054247434251e-05
0.00014404737157747152,7.413483399432154e-05,-0.0004431442357599735,0.0002460760006215424,9.87061721389182e-05
0.00012718120706267655,8.21078647277318e-05,-0.0004709942440968007,0.00024995070998556907,8.189839718397708e-05
0.00012845433957409114,9.029837383423e-05,-0.00047635787632316346,0.00025089047267101705,7.107089913915844e-05
0.00014022125105839223,9.03556720004417e-05,-0.0004648284229915589,0.000256310566328466,8.23875016067177e-05
0.00016891278210096059,0.00010449682304169984,-0.0004482719232328236,0.0002703751961234957,9.494822734268382e-05
0.00016347176278941333,0.00010716383985709399,-0.0004800010938197374,0.0002669277891982347,0.00011609850480454043
0.00014458579244092107,8.667145448271185e-05,-0.00042479461990296835,0.0002830295416060835,0.00013716993271373212
0.00012775484356097877,7.905370875960216e-05,-0.0004362775362096727,0.00029197122785262764,0.00013950116408523172
0.00012627989053726196,7.241395360324532e-05,-0.00045942497672513133,0.0002506749297026545,9.315986972069368e-05
0.00012303357652854174,8.181133307516575e-05,-0.00044612205238081526,0.0002529144112486392,9.162887727143243e-05
0.00012851135397795588,9.340521501144394e-05,-0.0004546525597106666,0.00025157822528854007,9.356456575915216e-05
0.00014140950224827975,9.305094863520937e-05,-0.0004609884636010976,0.0002603651955723762,8.964780863607302e-05
0.00012951475218869746,9.010687790578233e-05,-0.00045929616317152977,0.00027008180040866137,0.00010266587196383624
0.00012771374895237386,8.754414011491463e-05,-0.00045275050797499716,0.0002541604044381529,8.717251330381258e-05
0.00016695045633241534,0.00010334092075936496,-0.0004638510581571608,0.0002680109755601734,8.080478437477723e-05
0.00015392708883155137,0.0001040873466990888,-0.0004629307368304581,0.00025048592942766845,7.964127871673553e-05
0.00011504054418765007,8.405602420680225e-05,-0.0004580123350024224,0.0002575009420979768,8.081045962171629e-05
0.00013728819612879306,8.086490561254323e-05,-0.00046493345871567726,0.00023746272199787202,9.180534107144922e-05
0.0001479001366533339,8.231396350311114e-05,-0.00046798537368886173,0.00024969191872514784,8.445727871730924e-05
0.0001260764111066237,8.969246846390888e-05,-0.0004674145311582834,0.0002446891157887876,7.518054917454721e-05
0.00012643235095310956,8.807899575913325e-05,-0.00047558784717693925,0.000254742830293253,9.68834137893282e-05
0.00012500857701525092,8.399319631280379e-05,-0.0004651925701182336,0.00022816224372945729,7.328748324653134e-05
0.00012270762817934155,7.203141285572201e-05,-0.00047160565736703575,0.00023818975023459643,8.188255014829339e-05
0.00011920841643586755,8.695512224221602e-05,-0.0004735021502710879,0.0002484433935023844,7.819157326593995e-05
0.00014982068387325853,8.833842730382457e-05,-0.0004737568960990757,0.00024022371508181092,9.0329151134938e-05
0.0001297694398090243,9.699353540781884e-05,-0.00046237383503466845,0.00024761626264080405,8.558163972338662e-05
0.0001350494712824002,0.000102167934528552,-0.00047045215615071356,0.00025774427922442555,7.809455564711243e-05
0.00012552019325084982,7.443213689839466e-05,-0.00043953501153737307,0.0002601261658128351,8.71356824063696e-05
0.00016041529306676241,7.642732816748321e-05,-0.0004558789951261133,0.00023669085931032896,8.596559200668707e-05
0.00015437585534527898,7.62045820010826e-05,-0.0004339916631579399,0.0002457041118759662,8.4027269622311e-05
0.000125271879369393,8.391562732867897e-05,-0.00043059280142188067,0.00024847377790138125,9.141903137788177e-05
0.0001379729510517791,0.00011795129830716179,-0.0004860424378421157,0.0002593013341538608,9.64565042522736e-05
0.0001393497659591958,9.576060256222264e-05,-0.0004890401032753289,0.00024135492276400328,8.864644769346341e-05
0.00013193197082728148,9.180505003314464e-05,-0.00047792977420613164,0.0002460727409925312,7.883430225774646e-05
0.00014640853623859584,8.941616397351027e-05,-0.00046027681673876936,0.00026166343013755977,0.0001124067130149342
0.00015753853949718177,0.00011121473653474824,-0.00043894938426092267,0.00025665955035947263,8.692531264387071e-05
0.0001423496287316084,0.0001140578169724904,-0.0004702801816165447,0.00025487018865533173,9.899900032905862e-05
0.00014547244063578546,0.00010890310659306124,-0.00047258660197257996,0.0002481841074768454,7.813221600372344e-05
0.00012730757589451971,8.686678484082222e-05,-0.0004716525145340711,0.00023265904746949678,6.99471274856478e-05
0.0001441010826965794,0.00010717337863752618,-0.0004680794663727284,0.00024917061091400683,8.075939695117995e-05
0.0001339536247542128,8.24123781058006e-05,-0.00044670287752524024,0.00027351532480679447,0.00010659304098226129
0.00012049490760546179,9.159307228401303e-05,-0.00047356076538562775,0.00024241513165179637,7.575618656119332e-05
0.0001452764117857441,7.999204535735771e-05,-0.0004494438471738249,0.00025278536486439407,9.4860079116188e-05
0.00012066165072610603,7.969977741595358e-05,-0.00046720041427761316,0.00024289968132507056,7.696387910982594e-05
0.0001266096223844215,7.798798469593747e-05,-0.0004665363521780818,0.00025179682415910065,7.457239553332329e-05
0.00013253629731480032,8.178303687600419e-05,-0.0004856642044615001,0.0002374438481638208,9.003558807307854e-05
0.00014300541079137474,8.74605102580972e-05,-0.0004583834379445762,0.00026743931812234223,0.00010925251990556717
0.0001453286677133292,0.0001024790108203888,-0.0004524870601017028,0.0002701499324757606,0.00010935406317003073
0.00013557804049924016,9.226916154148056e-05,-0.0004621799744199962,0.0002570134238339961,9.299824887420982e-05
0.00012381195847410711,8.106623863568531e-05,-0.0004695980460382998,0.00024069659411907201,7.660894334549084e-05
0.00014403236855287105,8.280986367026344e-05,-0.0004527659039013088,0.000270111981080845,0.00011339642514940351
0.00013632797345053405,9.278192010242492e-05,-0.0004466164682526141,0.000258209474850446,8.860675734467804e-05
0.00012694367615040394,7.476936298189685e-05,-0.00046091119293123484,0.00023368478287011382,7.282904698513448e-05
0.0001326451456407085,7.965822442201899e-05,-0.000472606421681121,0.0002451574837323278,7.527393609052524e-05
0.00014844501856714487,8.479379903292282e-05,-0.000471433944767341,0.00025665565044619143,8.6517226009164e-05
0.00014193091192282736,9.428073099115865e-05,-0.0004812089027836919,0.0002477065136190504,7.235123484861106e-05
0.00012924765178468078,8.634081314085051e-05,-0.0004596869403030724,0.00025147353881038725,8.57526174513623e-05
0.00012458646961022168,7.300079596461728e-05,-0.00046639601350761955,0.00023771688574925062,8.035175414988771e-05
0.00012376587255857882,9.521658648736776e-05,-0.0004738547431770712,0.0002622553438413888,8.63710738485679e-05
0.0001438661856809631,9.35252319322899e-05,-0.0004610999021679163,0.0002523459552321583,8.243864431278779e-05
0.00014218543947208673,8.402924868278205e-05,-0.0004774039261974394,0.0002411255409242585,7.073872984619811e-05
0.00015663530211895704,9.401133138453588e-05,-0.0004628027381841093,0.00025718062533997,0.00010362117609474808
0.00015469564823433754,6.222045340109617e-05,-0.0004563265247270465,0.0002435203059576452,8.49944117362611e-05
0.0001613627391634509,8.834031177684666e-05,-0.000482853502035141,0.00023673601390328256,7.143117545638232e-05
0.00015208504919428378,0.00011652846296783535,-0.000464293611003086,0.0002619136357679963,8.977225661510602e-05
0.00012307152792345732,7.916160393506289e-05,-0.00047049368731677527,0.00024659925838932395,8.525801240466535e-05
0.00015350470494013282,9.619195770937951e-05,-0.00044730142690241337,0.0002435238566249609,8.124621672322974e-05
0.00013362262689042836,9.83608842943795e-05,-0.0004156620998401195,0.00025600846856832504,9.070314263226463e-05
0.0001141447719419375,6.922224565641956e-05,-0.0004615086654666812,0.00023655986296944317,7.749516953481361e-05
0.0001275664835702628,9.062049502972512e-05,-0.00047704804455861444,0.0002470740000717342,7.041720527922736e-05
0.0001298497518291697,7.876206655055285e-05,-0.00046388941700570285,0.0002547216136008501,9.443354065297171e-05
0.00012000158312730493,8.010817691683769e-05,-0.000468171841930598,0.00024255228345282379,8.779438212513925e-05
0.00011093987268395723,6.471065717050806e-05,-0.000469048653030768,0.00023179440177045763,6.21424987912178e-05
0.00012257763592060658,9.544959175400436e-05,-0.0004662372812163085,0.00026984771830029786,8.254623389802873e-05
0.00013901706552132964,9.195083839586003e-05,-0.0004482766671571881,0.00026282868930138653,9.463065362069756e-05
0.0001247578620677814,8.277090091723949e-05,-0.00046499035670422023,0.00023409325513057408,6.011574441799894e-05
0.00016827842046041042,0.00011973251093877481,-0.00047069007996469736,0.00027901100111193955,0.00010151178867090492
0.000128280880744569,9.163231879938394e-05,-0.000466855417471379,0.0002579650026746094,7.746870687697083e-05
0.00013053166912868622,6.962869520066306e-05,-0.0004573574697133153,0.00025326188188046217,8.700659964233637e-05
0.00011852336319861934,8.806253026705235e-05,-0.0004597103979904205,0.00025610739248804753,7.189889583969489e-05
0.00012648118718061596,8.083275315584615e-05,-0.0004525600525084883,0.00024655702873133123,7.345298945438117e-05
0.00012443789455574006,7.464060763595626e-05,-0.00045921676792204385,0.0002491562627255917,9.114231943385677e-05
0.00012037180567858741,9.185198723571376e-05,-0.0004619066312443465,0.00024869010667316616,8.460825483780354e-05
0.00013481928908731788,8.862304821377621e-05,-0.00048018933739513164,0.0002529338526073843,7.841322076274082e-05
0.00013748426863458008,9.723387483973056e-05,-0.00048156001139432186,0.0002442675468046218,6.0288784879958264e-05
0.00013173856132198125,7.734259270364419e-05,-0.0004364288761280477,0.0002515342785045505,8.300890476675704e-05
0.00011653575347736476,9.150082769338042e-05,-0.00043646304402500386,0.00024025359016377482,9.228222188539803e-05
0.00015978327428456396,0.00012300776143092662,-0.0004968901630491018,0.00026771982084028423,9.366570884594694e-05
0.00015101823373697698,0.00011181121226400137,-0.000480385817354545,0.0002525435411371291,8.824221731629223e-05
0.00014366267714649442,9.74844442680478e-05,-0.0004714213719125837,0.0002620354061946273,9.06880886759609e-05
0.00014530299813486636,8.79715953487903e-05,-0.0004777113499585539,0.00023452490859199315,7.538776844739914e-05
0.0001414739090250805,9.771228360477836e-05,-0.00044943639659322804,0.00025880540488287807,0.000108307707705535
0.00014238485891837627,8.314494334626943e-05,-0.0004515118489507586,0.00025549600832164293,0.00011208989599253982
0.00017741935153026134,0.00013790043885819614,-0.0004539477813523263,0.0002655282150954008,9.580205369275063e-05
0.00014090437616687268,6.96363567840308e-05,-0.0004554434271994979,0.0002511073253117502,9.461977606406435e-05
0.00012939987936988473,8.216635615099221e-05,-0.00047411827836185694,0.00024091239902190864,7.208651368273422e-05
0.0001331259700236842,7.607568113598974e-05,-0.00046578189358115196,0.0002432170149404556,7.718984852544963e-05
0.00014763433136977255,9.497204155195504e-05,-0.0004707367334049195,0.0002528904879000038,8.759654883760959e-05
0.00015141672338359058,8.738561882637441e-05,-0.00035945206764154136,0.00024305218539666382,9.385293378727509e-05
9.847597539192066e-05,3.838843258563429e-05,-0.0001431146520189941,0.00040392577648162836,0.0002557167899794877
0.00012761626567225903,-7.11041793692857e-05,-0.00023701810277998447,0.00027957974816672504,0.00019667718152049932
0.00025377696147188544,0.00025820115115493536,-0.0004553863254841417,0.0004153147165197879,0.0002674236602615565
0.000252333004027605,0.00026737817097455263,-0.00044602915295399725,0.0004125790146645159,0.00022234818607103082
0.00016324668831657618,7.101098890416324e-05,-0.0005196619313210249,0.00015278630598913878,1.0158895747736096e-05
0.00016216488438658416,7.599368109367788e-05,-0.00047809642273932695,0.0001934749161591753,-2.505006159481127e-05
0.00022875514696352184,0.00020754830620717255,-0.0005074854707345366,0.00033455638913437724,0.00019282916036900133
0.00020289751410018653,0.0002200871822424233,-0.00047901854850351816,0.0003631594590842724,0.00019168503058608621
0.00014537670358549803,0.00015442229050677267,-0.00046370885684154933,0.00032115101930685336,0.00015567948867101222
0.0001328103244304657,0.00015925505431368947,-0.00048250847612507636,0.00030542095191776747,0.00011440226808190347
0.00013483205111697316,0.00012880591384600848,-0.00047440212802030157,0.00028845493216067547,0.00010365477646701038
0.00013239883992355314,9.937851427821441e-05,-0.00046238512732088566,0.00026313084526918834,0.00010476743773324416
0.00013964771642349658,9.535063145449384e-05,-0.00047608520253561437,0.0002552304358687252,9.439429413760081e-05
0.00015633166185580194,0.00012491061352193358,-0.00045596910058520734,0.00028560534701682627,9.427641634829342e-05
0.00013836388825438917,0.00012147000234108418,-0.0004712892114184797,0.00027081186999566853,9.327660518465564e-05
0.00015160821203608066,0.0001059962742147036,-0.0004589443560689688,0.0002653932897374034,9.803546709008516e-05
0.00013117915659677237,8.663433254696429e-05,-0.00046408257912844414,0.0002572762314230204,8.735612937016414e-05
0.00014664641639683396,9.736274660099298e-05,-0.0004626254376489669,0.0002602407184895128,0.00010568914876785128
0.0001449650153517723,0.00010740217112470417,-0.00046117545571178203,0.00027268507983535534,8.764274389250204e-05
0.0001458740734960884,9.626708197174594e-05,-0.0004633146163541824,0.0002539198030717671,8.474033529637381e-05
0.00013263485743664205,0.00010351789387641476,-0.00047475303290411835,0.000264582660747692,7.646536687389016e-05
0.00013436157314572483,0.00010390221723355352,-0.0004620218533091247,0.00026653456734493375,8.794500899966805e-05
0.0001264358579646796,7.439513865392655e-05,-0.0004585831775330007,0.00025960494531318545,9.3156450020615e-05
0.00013831071555614471,0.00010090097930515185,-0.00047249338240362704,0.0002596881240606308,9.115251305047424e-05
0.00020878620853181928,9.360245167044924e-05,-0.00022715800150763243,0.00029014059691689914,0.00015917301061563194
0.0001814018323784694,0.00021832733182236552,-7.51089901314117e-05,0.0003080207097809762,0.0001389054668834433
0.000207555916858837,0.00028573573217727244,-0.0005345894605852665,0.00037135434104129667,0.00018739997176453468
0.0002020662650465965,0.0002258181921206415,-0.0005049090832471848,0.00031680855317972595,0.00014021812239661813
0.00016171694733202455,0.00013782635505776852,-0.0005116547690704465,0.00026768341194838285,0.00010258288966724649
0.00016107212286442518,0.00013869053509552032,-0.0004636466619558632,0.00027775054331868887,0.00011560368147911504
0.00014137377729639408,9.194567974191159e-05,-0.0004804028721991927,0.0002584455069154501,9.409982158103958e-05
0.00013103590754326433,9.338642121292652e-05,-0.0004828137462027371,0.00023000653891358525,6.716260395478457e-05
0.00015282491222023964,0.00010817268048413098,-0.00048166755004785955,0.00026385020464658737,9.926206257659942e-05
0.0001458558544982225,0.00010692264913814142,-0.0004657070967368781,0.0002678930759429932,9.752280311658978e-05
0.0001247067702934146,0.0001148414085037075,-0.00046496881986968225,0.0002722598728723824,9.162772039417176e-05
0.00012054249236825855,7.953002932481469e-05,-0.00047828469541855156,0.0002364783867960796,7.542866660514846e-05
0.00013553258031606674,9.506897913524881e-05,-0.00046952484990470117,0.00024979599402286107,9.539557504467666e-05
0.00015069094661157578,0.00012079021689714864,-0.0004648712347261608,0.00026911825989373034,0.0001009109109872952
0.00014056438521947712,0.00010768202628241852,-0.00041382163180969656,0.00025026118964888155,8.70063595357351e-05
0.00015000895655248314,9.490202501183377e-05,-0.00044698745477944607,0.0002535666280891747,0.00010107741400133818
0.00012394633085932583,9.123306517722084e-05,-0.0004599847889039666,0.00024759641382843256,8.15770763438195e-05
0.00011979722330579534,9.491731907473876e-05,-0.00048013217747211456,0.00025277311215177184,7.014505536062643e-05
0.00013621296966448426,9.79766991804354e-05,-0.0004637585079763085,0.0002647919463925064,0.0001070946964318864
0.00013825917267240584,9.268035501008852e-05,-0.0004380422760732472,0.00026321291807107633,0.00011088340397691356
0.00012891135702375325,9.368628525407983e-05,-0.00046629787539131934,0.0002379959623795003,8.185955812223256e-05
0.00013913647853769362,0.00010924242087639868,-0.0004606942238751799,0.0002635101554915309,9.815274825086816e-05
0.00013466400559991598,8.119757694657892e-05,-0.00047221372369676834,0.00024019031843636182,7.807397923897952e-05
0.00012630705896299332,8.656788122607395e-05,-0.00046208442654460663,0.00025621664826758206,9.183591464534402e-05
0.00012207086547277868,8.625987538835034e-05,-0.00046550217666663235,0.00025426852516829973,9.251970186596736e-05
0.00013875176955480126,9.188063268084079e-05,-0.0004610415489878506,0.00025078325415961444,9.616419265512376e-05
0.00014036330685485154,7.623030251124874e-05,-0.00045845401473343367,0.00023271823010873052,8.992373477667571e-05
0.00013013886928092688,9.31977847358212e-05,-0.00046108689275570203,0.00026895536575466394,9.47545049712062e-05
0.00013545244291890413,8.245347271440551e-05,-0.0004584252892527729,0.000252066703978926,8.7256237748079e-05
0.00014805837417952714,8.976846584118903e-05,-0.0004770016530528665,0.00024277393822558221,9.051689266925678e-05
0.0001285649050259963,9.265712287742645e-05,-0.00048274788423441345,0.00024480203865095973,6.644265522481874e-05
0.0001295002002734691,8.506420999765396e-05,-0.0004606401780620217,0.00025671368348412216,9.383822180097924e-05
0.00012239304487593472,9.31288377614692e-05,-0.0004582696419674903,0.00024955300614237785,9.907705680234358e-05
0.0001528655557194725,0.00010534332250244915,-0.0004565956187434495,0.0002585164038464427,0.00010252081847283988
0.00013008476526010782,7.109429861884564e-05,-0.0004520465445239097,0.0002534609811846167,0.00010146309796255082
0.00015744676056783646,9.262634557671845e-05,-0.0004583157424349338,0.0002479505783412605,9.260338265448809e-05
0.00015246195835061369,9.199017222272231e-05,-0.0004647376190405339,0.0002416666102362797,8.261229231720792e-05
0.00013845138892065734,9.8268392321188e-05,-0.00047113624168559914,0.00026569320471026003,9.024741302710028e-05
0.00015137837908696383,8.682873885845765e-05,-0.0004600896791089326,0.0002561904839240014,9.408030018676072e-05
0.0001220299964188598,0.00010205330909229815,-0.00046706415014341474,0.0002790866128634661,7.761536107864231e-05
0.00013431446859613058,7.148420991143212e-05,-0.0004625098081305623,0.00024387793382629752,9.511207463219762e-05
0.00013243965804576874,9.031072113430128e-05,-0.00047081531374715274,0.0002450170577503741,6.734942871844396e-05
0.00016380249871872363,0.00010794049740070476,-0.00046657555503770714,0.0002540008863434196,9.46060026763007e-05
0.0001620634720893577,8.922876440919937e-05,-0.000472479237942025,0.0002573360980022698,0.00010243106953566894
0.00015094236005097628,7.065165118547155e-05,-0.00046608486445620656,0.0002480916737113148,9.437530388822779e-05
0.00012946524657309055,8.562643779441714e-05,-0.00045159590081311757,0.0002578081912361085,0.00010962811938952656
0.00013919010234531015,7.681027636863291e-05,-0.00044456587056629365,0.00025468596140854055,0.00010635071521392092
0.00011957815877394751,7.755466504022479e-05,-0.0004556806234177202,0.0002471941406838596,8.997916302178055e-05
0.00014042208204045892,9.371232590638101e-05,-0.00046872859820723534,0.0002579768479336053,0.0001040610222844407
0.00014414155157282948,0.0001031567808240652,-0.0004656932724174112,0.0002554126258473844,8.341866487171501e-05
0.00012837268877774474,0.00010373051918577404,-0.00046213454334065324,0.0002713995636440813,0.00011842831008834763
0.00013769902579952031,0.0001046689721988514,-0.0004750154912471771,0.00025687410379759973,8.879329834599048e-05
0.00016829490778036416,0.0001602807897143066,-0.000459816656075418,0.0002633723197504878,8.152532973326743e-05
0.000135971000418067,8.447026630165055e-05,-0.0004593145858962089,0.00024132838007062676,8.940562838688493e-05
0.0001285690232180059,9.595221490599216e-05,-0.00047273878590203816,0.0002504966105334461,8.894906204659492e-05
0.00014836987247690558,0.00010257323447149248,-0.0004576877108775079,0.0002540789428167045,7.700162677792832e-05
0.00013154058251529932,7.571862079203129e-05,-0.0004728356434497981,0.00023386470274999735,7.666733290534467e-05
0.00012676685582846403,8.465216524200514e-05,-0.0004710330395027995,0.00025248801102861757,7.991158781806007e-05
0.00015032046940177682,9.970356040867046e-05,-0.0004638160171452909,0.00025562613154761493,8.584179886383936e-05
0.00016360863810405138,0.00012398113904055208,-0.0004115179763175547,0.00025842140894383187,0.0001027118632919155
0.00015763773990329355,7.766826456645504e-05,-0.0004591369070112705,0.0002416900097159669,8.481390250381081e-05
0.00012948094808962196,9.71299086813815e-05,-0.0004760239680763334,0.0002444777637720108,7.18274968676269e-05
0.0001366819633403793,8.568030170863494e-05,-0.00046201015356928116,0.00025556603213772183,0.0001039367343764752
0.0001404742070008069,0.0001101957095670514,-0.00046137839672155684,0.0002566610637586564,0.00010522588127059862
0.00013653851056005806,8.566548058297485e-05,-0.00045993970707058907,0.000261125824181363,0.00010169811866944656
0.00018656109750736505,0.00012453312228899452,-0.0004572884063236416,0.00028413848485797644,0.00011585488391574472
0.00013787408533971757,9.205018432112409e-05,-0.00044070198782719666,0.00025292523787356913,9.651359869167209e-05
0.00012331496691331267,8.536378300050274e-05,-0.0004699119599536061,0.00023237653658725319,7.52484193071723e-05
0.00014586866018362343,0.0001034774977597408,-0.00047396816080436116,0.00026152931968681514,9.708445577416569e-05
0.0001466521207476035,0.00010157742508454248,-0.00047009193804115057,0.00025801782612688845,0.00011012449249392375
0.00013250875053927302,9.91947963484563e-05,-0.00047064913087524485,0.00024779827799648046,7.909417035989463e-05
0.0001336010318482295,9.120923641603441e-05,-0.0004715641553048045,0.00025264034047722816,8.867248834576458e-05
0.0001432621356798336,0.000103201819001697,-0.0004751262022182346,0.00025321883731521666,8.27518233563751e-05
0.0001308900973526761,9.745277930051087e-05,-0.000453970191301778,0.0002460782416164875,8.963196160038933e-05
0.00012702748063020408,8.715949661564082e-05,-0.0004477734328247606,0.0002462122356519103,7.609910244354978e-05
0.0001275542308576405,9.434459207113832e-05,-0.00044768393854610617,0.0002710549160838127,0.00011642440949799492
0.00011950160842388867,9.8552176496014e-05,-0.0004703640879597515,0.0002524979063309729,7.213192293420434e-05
0.0001516756456112489,0.00010520582145545632,-0.00045900611439719807,0.00027247954858466983,0.00010678460967028515
0.0001369426172459498,8.721798803890124e-05,-0.0004473017761483789,0.00025087405811063945,8.979687845567241e-05
0.00013678424875251952,9.65668514254503e-05,-0.0004548324504867196,0.000281577609712258,0.00010403725900687276
0.0001439829939045012,0.00010220946569461375,-0.00048196542775258416,0.0002552833466324955,7.650689076399429e-05
0.0001684320595813915,0.000103221413155552,-0.0004704276216216386,0.0002472433261573315,8.310720295412466e-05
0.00014070367615204304,8.864978735800833e-05,-0.00046076625585556036,0.0002505950105842203,9.625549137126654e-05
0.0001271257788175717,8.588039781898259e-05,-0.0004607288865372538,0.0002429880405543372,8.734935545362532e-05
0.00013885571388527748,7.794708653818816e-05,-0.00046192845911718905,0.00025610398733988404,8.929515752242878e-05
0.00014120896230451765,9.332755143987016e-05,-0.00047253249795176083,0.00025575736071914434,8.713273564353585e-05
0.00011725259537342937,8.859942317940295e-05,-0.00046739843674004083,0.00024727432173676794,7.588303560623899e-05
0.0001442075881641358,9.428770135855301e-05,-0.00046796185779385274,0.00025474053109064704,8.518761023879051e-05
0.00014018254296388477,8.210256783058867e-05,-0.0004660686536226422,0.0002464595891069621,8.487539162160829e-05
0.00013062758080195638,7.820082100806758e-05,-0.00045163984759710735,0.00024297296477016064,8.845229604048653e-05
0.00013395150017458946,7.256863318616523e-05,-0.00044759680167771887,0.00025183672551065683,9.860543650574982e-05
0.00014108805044088513,0.00011216972779948264,-0.0004653127980418503,0.0002639887388795614,9.445539762964471e-05
0.0001335392298642546,0.00010824713535839692,-0.00047026135143823916,0.00025701869162730867,7.403472409350799e-05
0.00013277569087222219,9.358854731544852e-05,-0.00047522078966721887,0.0002465995203237981,8.085736772045493e-05
0.0001305842015426606,8.73582175699994e-05,-0.00047312967944890266,0.0002512586361262948,8.579385757911949e-05
0.00012628491094801578,8.121046994347125e-05,-0.0004743464814964682,0.00024907191982492805,7.718634878983721e-05
0.00013668260362464937,8.574483217671514e-05,-0.00046041319728828967,0.0002649569942150265,0.00010993569594575092
0.00013897623284719882,7.141466630855575e-05,-0.00044250520295463497,0.0002390766603639349,9.328038140665741e-05
0.00015986421203706414,9.1828107542824e-05,-0.0004461217031348497,0.00024307193234562877,8.427626744378358e-05
0.0003657831693999469,7.326515333261342e-05,-0.00048547051846981054,0.0002300857740920037,7.577519136248155e-05
0.00013847123773302883,0.00010338325228076428,-0.00038869961281307036,0.0003430065116845072,0.00018863087461795658
0.0001103194517781958,0.0001059945425367914,-0.00042423198465257883,0.000320572464261204,0.00014528409519698468
0.00012416781100910157,9.47441512835212e-05,-0.000464099895907566,0.0002587712078820914,8.780891221249476e-05
0.00013705267338082194,0.00011569868365768345,-0.00046316298539750283,0.0002855763304978609,0.00010956117330351844
0.00012739529483951628,9.32963375817053e-05,-0.00046657980419695383,0.0002560316352173686,8.672437979839742e-05
0.0001442096836399287,0.00010518333147047088,-0.00046879571164026856,0.0002591042721178382,8.904773130780086e-05
0.00014444623957388103,9.848106128629296e-05,-0.0004572485340759158,0.00025852874387055635,0.00010437818855280057
0.0001433437573723495,0.00010459147597430274,-0.00046316851512528967,0.0002705432707443833,0.00011961645213887097
0.00013254398072604093,9.890436194837092e-05,-0.00047431394341401756,0.0002414103219052777,6.814125663368031e-05
0.000142070246511139,0.00010581453534541652,-0.00047699917922727764,0.0002511660277377814,8.433342009084299e-05
0.0001446245878469199,0.00010044852388091384,-0.00045708604739047587,0.00027235536254011095,0.00012032690574415027
0.00013835726713296026,9.774588397704063e-05,-0.00045694952132180333,0.00026991055347025394,0.00010306647163815796
0.00014166822074912488,0.00010430027759866789,-0.00046828115591779346,0.0002449600142426789,9.022508311318234e-05
0.00013829009549226612,8.838580106385052e-05,-0.00046254144399426883,0.00025039337924681604,8.69283903739415e-05
0.00013928962289355695,9.928902727551758e-05,-0.00046135517186485236,0.0002426743303658441,8.622967288829386e-05
0.0001283204328501597,9.286920248996466e-05,-0.00047261975123547023,0.00025698269018903375,7.956952322274445e-05
0.00015196995809674266,9.062979370355606e-05,-0.00047865236410871154,0.0002474758366588503,9.825699817156419e-05
0.00014317710883915424,9.476426930632441e-05,-0.00046876817941665655,0.0002663760096766054,0.0001141791362897493
0.00015208970580715686,0.00010883212962653488,-0.00047154977801255876,0.0002669966488610953,9.591226262273268e-05
0.00014187750639393926,9.564150241203606e-05,-0.00047379519673995684,0.00024266255786642432,6.956168363103643e-05
0.00014475331408903003,8.028109004953876e-05,-0.0004669959307648241,0.00024218828184530142,7.671117782592773e-05
0.00014347999240271747,0.0001005676167551428,-0.0004723483289126307,0.0002663594204932451,8.648481889395043e-05
0.00015911096124909818,0.0001008228719001636,-0.0004680714919231832,0.0002538294647820294,7.355448178714141e-05
0.00012532177788671106,8.672285184729844e-05,-0.0004689659690484405,0.00025280567933805287,9.403299918631093e-05
0.00014149189519230276,9.111312101595104e-05,-0.0004707407497335225,0.0002491239574737847,8.636242273496464e-05
0.0001328707730863243,0.00010758495045593008,-0.00046485054190270597,0.00025170244043692946,9.868568304227664e-05
0.00013336369011085478,8.447561413049698e-05,-0.0004686848260462284,0.00024331660824827853,7.531057053711265e-05
0.00013803085312247276,0.00010836357250809671,-0.0004692473448812962,0.00025276051019318396,8.364015229744837e-05
0.00013049358676653358,9.732178295962512e-05,-0.0004590261087287218,0.00024492043303325767,8.805529068922624e-05
0.00013208879681769758,8.2786449638661e-05,-0.0004354561679065228,0.0002560402499511838,9.014338866109028e-05
0.00012161199265392494,6.661518273176625e-05,-0.0002270428813062608,0.00023221904120873657,8.938643441069871e-05
4.53777238362818e-06,-1.3260105333756654e-05,-0.0001574607886141166,0.00027285830583423376,5.359401984605938e-05
0.000274082733085379,0.00024127494543790815,-0.00033980183070525527,0.00041613937355577946,0.0003138745087198913
0.00022670713951811197,0.00015888940833974632,-0.0001952416496351361,0.0004943708772771059,0.0003512718249112368
0.0002083893486997113,0.00020008698629681018,-0.0004905554233118892,0.0003132853307761252,0.0001410565892001614
0.00020680390298366547,0.00016251807392109185,-0.0005320462514646351,0.0002547259791754186,8.737559983273968e-05
0.00020925005082972348,0.00015403860015794638,-0.0004928559064865112,0.0002774993190541864,0.00011741026537492871
0.00017253775149583817,0.00012695735495071858,-0.0004749863874167204,0.00027423043502494693,0.00011607687338255347
0.00014714572171214968,0.00012087735376553609,-0.00047893883311189717,0.00026539567625150084,0.00010246038436889648
0.00014525144069921223,9.008085180539638e-05,-0.00045996351400390273,0.000261785025941208,0.00010920513886958359
0.0001568918232806027,8.317825268022716e-05,-0.0002789981372188777,0.0002392603928456083,0.00013514308375306427
0.00015565626381430778,0.00015171572158578783,-0.0003413841186556965,0.00029236401314847166,0.00010435324657009916
0.0001937545748660341,0.00018190765695180744,-0.0004910737625323236,0.0003088252269662917,0.00013324736210051924
0.00015578219608869404,0.00012763975246343762,-0.00048736084136180585,0.00027388639864511793,9.403056174051015e-05
0.0001491794246248901,0.00011645632912404837,-0.00047183511196635664,0.0002791221486404538,0.00011499241372803225
0.0001362167822662741,9.55259965849109e-05,-0.000477404537377879,0.00024718683562241495,9.39035089686513e-05
0.00017418574134353548,0.00011453352635726333,-0.00047025826643221086,0.0002729077823460102,0.00011600962898228315
0.00014446102431975305,8.748449909035116e-05,-0.00046036057756282384,0.0002728134277276695,0.00011955018999287859
0.00013647826563101262,0.00010067305993288757,-0.00046850740909576416,0.00025228544836863875,0.00010544962424319236
0.0001416348677594215,0.00010965064575430006,-0.0004876774037256837,0.00025971856666728854,8.300244371639566e-05
0.0001540446246508509,0.0001132183606387116,-0.0004710902867373079,0.00026409039855934685,8.435952622676268e-05
0.00014102326531428846,0.00012172662536613645,-0.00046435679541900754,0.0002704774378798902,9.747916919877751e-05
0.000127994324429892,8.236924622906372e-05,-0.00045760805369354784,0.0002491282357368618,9.336344373878092e-05
0.0001423705980414525,9.696917550172657e-05,-0.0004484998935367912,0.00024929892970249057,0.00010069716518046334
0.00014155074313748628,9.042362216860056e-05,-0.0004491309227887541,0.00025451218243688345,0.00010343562462367116
0.00014477861986961216,8.062610868364573e-05,-0.00048171577509492636,0.00024987882352434104,7.974069012561813e-05
0.0001257012627320364,7.805618952261284e-05,-0.00047292615636251867,0.00024918015697039664,8.277629967778921e-05
0.00012211459397803992,7.683182047912851e-05,-0.00048035991494543845,0.00024427060270681977,7.649818144273013e-05
0.00014424868277274072,7.072281732689589e-05,-0.0004608051967807113,0.00024865480372682214,8.979187259683385e-05
0.00013892223068978635,9.817008685786276e-05,-0.0004824243078473955,0.00025971513241529465,6.769313768018037e-05
0.00014748724061064422,8.962373249232769e-05,-0.00046766095329076057,0.00025400708545930684,8.135487587423995e-05
0.00013403547927737236,8.875453931977972e-05,-0.00046987511450424785,0.00024940469302237034,8.113731746561825e-05
0.00014528202882502228,0.00010661334817996247,-0.00047229530173353845,0.00024306291015818715,8.928763418225573e-05
0.00013394086272455752,0.00010115912300534546,-0.0004658669931814074,0.0002496108354534954,9.337760275229812e-05
0.00012342570698820057,0.0001027179605443962,-0.0004599682288244367,0.00025338365230709314,8.036156941670924e-05
0.00017348011897411197,0.00011521498527145012,-0.00042909756302833557,0.00028477405430749064,0.00012503592006396502
0.00014378165360540152,9.919611329678446e-05,-0.0004073946620337665,0.0002608543436508626,0.00010827943333424628
0.00015006857574917376,9.463451715419069e-05,-0.000431572349043563,0.0002361445658607408,7.513767195632681e-05
0.00013824335474055258,9.05447013792582e-05,-0.0004529706493485719,0.00026450783479958767,9.655601752456278e-05
0.00013818748993799093,8.326256647706032e-05,-0.00046895272680558253,0.00024099263828247783,6.825291347922757e-05
0.00012568311649374664,7.762378663755953e-05,-0.0004734004323836416,0.00024278712226077914,9.372473141411321e-05
0.00013041294005233794,8.887274452717975e-05,-0.00047174963401630515,0.0002439016534481198,9.55823707045056e-05
0.00015380256809294224,9.9559489171952e-05,-0.0004618508683051914,0.00026957466616295283,0.00010462506179464981
0.00014385679969564083,9.085949568543585e-05,-0.00045888891327194875,0.00025219828239642084,9.428118937648831e-05
0.00014943614951334894,9.3251968792174e-05,-0.0004626532609108836,0.00025772230583243067,8.627115312265232e-05
0.00012359867105260494,7.601925608469173e-05,-0.0004632874915841967,0.0002459041425026953,7.386610377579926e-05
0.00012969353701919317,8.706740482011809e-05,-0.00046954318531788886,0.0002460617397446185,9.068217332242055e-05
0.0001244524319190532,8.132444781949744e-05,-0.00046776482486166065,0.0002489738399162888,9.12667455850169e-05
0.00011590508802328259,8.287312812171876e-05,-0.00023851727019064126,0.0003290346066933125,0.00016240091645158827
0.0003299165109638125,0.0001382925984216854,-0.00018528214422985914,0.00035420319181866944,0.00018499266298022118
0.0002386184060014784,0.0001472539734095335,-0.0003485427296254784,0.00034797695116139954,0.00017849200230557474
0.00011073975474573672,0.00013407818914856762,-0.00044149302993901074,0.00029251512023620313,0.00013595010386779904
0.00013073571608401835,7.311649824259804e-05,-0.00048335560131818056,0.00024530431255698204,9.495830454397948e-05
0.00012075567065039651,9.45528518059291e-05,-0.0004624700522981584,0.00025702567654661834,8.661610627314076e-05
0.0001524712715763599,0.0001175078286905773,-0.00047792552504688496,0.0002575497492216528,9.508310904493555e-05
0.00013014761498197913,9.06201676116325e-05,-0.00047341512981802236,0.0002497786481399089,7.645667938049883e-05
0.00015236316539812833,0.000112548703327775,-0.0004673174989875406,0.0002670928370207548,9.342736302642152e-05
0.00012771649926435202,6.843838491477071e-05,-0.00043224234832450753,0.0002581837179604918,0.00010065104288514705
0.00013904993829783052,8.015114144654945e-05,-0.00047113027540035546,0.0002548760385252536,8.436008647549897e-05
0.00015645880193915218,9.935282287187873e-05,-0.00045686980593018245,0.00025297832326032216,9.606627281755208e-05
0.00013888857210986316,7.274444942595437e-05,-0.00045053343637846416,0.00024104311887640503,9.417214459972456e-05
0.00014578587433788923,0.00011194562102900818,-0.0004721112200058997,0.00023919074737932533,9.362200216855855e-05
0.00013045933155808598,0.0001275533577427268,-0.00048162630992010247,0.0002381234371569008,9.263544779969379e-05
0.0001368585508316755,9.542414773022756e-05,-0.00047164713032543665,0.0002488168829586357,8.829547732602805e-05
0.0001345275086350739,9.87408056971617e-05,-0.0004618946986738592,0.0002643082989379764,9.334434435004367e-05
0.00015117748989723623,0.00010833369742613286,-0.00047207233728840947,0.0002540628192946315,9.065274207387121e-05
0.0001268109917873517,8.059728133957833e-05,-0.0004624077409971506,0.00024680682690814143,8.841634553391485e-05
0.00015992551925592124,0.00010098589700646698,-0.000438381772255525,0.00025083436048589647,8.159338176483288e-05
0.0001519241777714342,9.527465590508656e-05,-0.0004623457789421082,0.0002509861660655588,8.503750723320991e-05
0.00012369519390631467,9.132761624641716e-05,-0.00046949260286055505,0.00024895297246985143,8.345734386239201e-05
0.00014875076885800811,9.23739353311248e-05,-0.0004670387133955956,0.00025246795848943293,8.345303649548441e-05
0.0001297683484153822,9.319441596744582e-05,-0.00043854292016476393,0.0002799760259222239,0.00012351710756774992
0.00013198223314248025,8.637495920993388e-05,-0.0004528951249085367,0.0002508449833840132,9.256385965272784e-05
0.00013626570580527186,8.933136268751696e-05,-0.000467430567368865,0.00024308271531481293,8.538834663340822e-05
0.00014067439769860357,8.341993816429749e-05,-0.0004616545920725912,0.00026166174211539334,9.339550160802901e-05
0.00013913550355937332,0.00010150064190384,-0.0004661099810618907,0.0002743046497926116,9.930366650223732e-05
0.00012547650840133429,8.870306191965938e-05,-0.0004604430287145078,0.00026111913030035794,8.535083179594949e-05
0.00014078730600886047,9.743853297550233e-05,-0.00044856438762508333,0.0002397535718046129,6.8507062678691e-05
0.00012703552783932537,0.00010131662565981968,-0.00046516317524947226,0.0002428312145639211,9.284255793318152e-05
0.00015041434380691499,0.00010265770833939314,-0.0004503160016611219,0.00026133080245926976,9.99314506771043e-05
0.00013553480675909668,8.717484161024913e-05,-0.00047481659566983586,0.000236188861890696,7.372360414592549e-05
0.00014833675231784582,9.824806329561396e-05,-0.00045611269888468087,0.00024560248130001133,8.088081085588783e-05
0.0001404103823006153,0.00010462565114721656,-0.00044015605817548936,0.0002838877553585917,0.00010816782742040232
0.00013220566324889657,9.022062295116484e-05,-0.00044755899580195546,0.0002548202173784375,8.363197412109001e-05
0.0001408781390637159,9.314384078606965e-05,-0.00044477576739154756,0.00027362670516595244,0.00011758730397559702
0.00014250144886318594,0.0001018085386021994,-0.0004663029685616493,0.0002663547056727112,0.00010942677181446923
0.00013467388635035604,9.402351133758202e-05,-0.00045498038525693113,0.00028356024995446205,0.00011873016774188728
0.00012704043183475733,8.220530435210094e-05,-0.00045388445141725237,0.00026249437360093,0.00010259601549478248
0.000131835593492724,7.850818656152114e-05,-0.0004627262533176689,0.0002522607974242419,8.814893226372078e-05
0.000185283221071586,0.0001440534106222913,-0.0004676104290410876,0.0002697824384085834,9.582078200764954e-05
0.00019962734950240701,0.00012675464677158746,-0.00047081767115741974,0.0002753276203293353,9.947837679646908e-05
0.00012472800153773278,9.071560634765774e-05,-0.00045615847920998936,0.0002680194738786668,9.329701424576342e-05
0.00014351034769788384,9.574597061146052e-05,-0.0004465419624466449,0.00027280783979222184,0.00012390212214086205
0.0001290369691560045,9.47013613767922e-05,-0.0004555502673611045,0.00025377134443260735,9.672404121374711e-05
0.00013786864292342216,0.00010868006938835606,-0.000457785208709538,0.00027029062039218843,9.898385178530589e-05
0.0001246565661858767,0.00010803860641317442,-0.000470113183837384,0.000261626613792032,9.356921509606764e-05
0.0001348084770143032,0.00011078924580942842,-0.0004642890125978738,0.0002624746994115412,9.9700344435405e-05
0.00012876896653324366,9.891724766930564e-05,-0.0004665033193305135,0.0002570031792856753,8.887378498911858e-05
0.0001684523740550503,0.0001067236007656902,-0.00044413076830096543,0.00026815602905116975,9.818469698075204e-05
0.00015433045336976647,0.00010025893425336109,-0.0004542337846942246,0.0002603449102025479,9.967407095246016e-05
0.00013111467706039548,6.896530248923227e-05,-0.00046774026122875506,0.00023926484573166817,8.273512503365055e-05
0.0001282723678741604,7.94068182585761e-05,-0.0004652923962567002,0.0002508994657546282,7.872359856264666e-05
0.00012080398300895469,9.550833055982366e-05,-0.0004732250235974789,0.00025487039238214493,8.643219916848466e-05
0.00012868171324953434,8.566959877498448e-05,-0.0004665579763241112,0.0002449332387186587,8.105247252387926e-05
0.00015619432087987661,0.0001269938220502809,-0.00045513000804930925,0.0002499804832041264,9.502144530415536e-05
0.00014043213741388172,0.000104681181255728,-0.0004512101004365832,0.0002393345639575273,9.696136839920655e-05
0.0001606732839718461,0.00010150610614800827,-0.0004345323250163346,0.0002853360201697797,0.00013371137902140615
0.0001787235523806885,0.00011490018368931487,-0.0004482839140109718,0.0002465320285409689,7.747844938421622e-05
0.0001322755852015689,8.061544212978332e-05,-0.000446471938630566,0.00023688387591391802,8.715815056348221e-05
0.00014672407996840775,0.00012304037227295342,-0.0004736189148388803,0.0002642488689161837,9.540022438159211e-05
0.00015698670176789165,8.628147043054923e-05,-0.00046817620750516653,0.0002481570118106901,9.323085396317764e-05
0.00014807826664764434,0.00011668051593005657,-0.00045287955435924227,0.000261664274148643,0.00010157703218283132
0.00019465255900286135,0.00013887333625461906,-0.00044557146611623466,0.0002777331683319062,0.00012346469156909734
0.00016000581672415137,0.00010186737927142532,-0.0004416901210788637,0.0002593641984276473,0.00010803211625898256
0.0001369323581457138,0.0001195528748212382,-0.0004595167993102224,0.00026202003937214613,9.962220792658628e-05
0.0001595740322954953,0.00011373266897862776,-0.0004581888788379728,0.00025307905161753297,9.086036152439192e-05
0.0001396675652358681,9.08486035768874e-05,-0.00045612838584929705,0.00026243561296723783,0.00010015220323111862
0.00013450613187160343,9.476186824031174e-05,-0.00046420344733633096,0.0002459242241457105,8.762289508013056e-05
0.00013083776866551486,9.353981295134872e-05,-0.0004617678932845593,0.0002677832671906799,0.00010511576692806557
0.00015801966947037727,9.481739107286558e-05,-0.0004679328703787178,0.00025028185336850584,9.311556641478091e-05
0.0001590913743712008,0.00013529924035537988,-0.00044124183477833867,0.00026481467648409307,8.651836105855182e-05
0.0001223597064381465,0.00011502566485432908,-0.00042310383287258446,0.0002807795535773039,9.011711517814548e-05
0.0001412452111253515,0.00012131695984862745,-0.0004777599533554167,0.0002689336834009737,9.139242320088671e-05
0.00012473706738092005,7.653766078874469e-05,-0.0004424750222824514,0.000268594827502966,0.0001167157752206549
0.00013398664304986596,0.00012164989311713723,-0.0004543962131720036,0.00027615873841568833,0.00010341031884308904
0.0001531224261270836,0.00010144366387976332,-0.0004492002190090716,0.00026168482145294547,0.00010566249693511054
0.0001467289839638397,9.957164729712532e-05,-0.000443414959590882,0.00027218292234465485,9.0742003521882e-05
0.00013244460569694638,0.00010131615272257476,-0.0004778504662681371,0.0002526341995690018,9.5091039838735e-05
0.0001354949636152014,9.469009819440545e-05,-0.00046555392327718437,0.00028080123593099415,0.00010539455252001062
0.00015732596511952582,9.397877147421241e-05,-0.000470465689431876,0.0002488313766662032,9.016144031193107e-05
0.00012429655180312693,9.202706132782625e-05,-0.00046119355829432607,0.00024315126938745382,7.745041511952877e-05
0.00014759684563614428,0.00012859870912507176,-0.0004419303731992841,0.0002667402441147715,7.54038555896841e-05
0.00013306445907801392,8.208027429645881e-05,-0.00044321658788248897,0.00025594697217457,0.00011913681373698636
0.0001502848754171282,0.00011084538709837945,-0.0004526030970737338,0.00027849918114952743,0.00010127213317900896
0.0001416440209141001,9.117011359194295e-05,-0.0004593642079271376,0.00025802195887081325,0.00010110583389177917
0.00013902768841944635,0.00014033340266905725,-0.00047204474685713654,0.00027556650456972415,0.00010570893937256187
0.00015717574569862336,8.283522038254887e-05,-0.00046969726099632686,0.00024798334925435483,9.607357787899672e-05
0.00015895324759185314,8.953001088229941e-05,-0.00042929613846354187,0.0002586066839285195,8.924136636778712e-05
0.00015147805970627815,9.88723331829533e-05,-0.00046036954154260457,0.00026193514349870384,9.934462286764756e-05
0.00015324355626944453,0.00010076974285766482,-0.0004638093232642858,0.00025741051649674773,9.434255480300636e-05
0.00015172502025961876,0.00012204480299260469,-0.0004687526088673621,0.0002697244053706527,0.00010174392082262784
0.00014797455514781177,9.80776094365865e-05,-0.0004158193478360772,0.00027360671083442867,0.00013612650218419728
0.00016769573267083615,0.00010633970669005066,-0.00045559779391624033,0.0002655699208844453,0.00011227453069295736
0.00015592729323543608,9.46219588513486e-05,-0.0004666101594921201,0.0002625409688334912,0.0001000198899419047
0.00013328823843039572,9.360114199807867e-05,-0.00046778100659139454,0.00025463374913670117,9.557614976074548e-05
0.00014267273945733905,8.802554657449946e-05,-0.0004511264269240201,0.0002808113058563322,0.00011199957225471736
0.00015302935207728297,0.00010499302879907192,-0.000448609993327409,0.0002806844422593713,0.00010820263560162856
0.0001412646088283509,0.00011131120845675468,-0.00044881287612952287,0.00024574450799264014,8.226933277910575e-05
0.00013931363355368376,9.022717858897522e-05,-0.00045615952694788575,0.0002481751434970647,8.660808089189231e-05
0.0001343353360425681,0.00011193325917702168,-0.0004669561167247594,0.00026709845406003296,0.00010248972102999687
0.00014144192391540858,8.776206959737465e-05,-0.0004608327872119844,0.00026422907831147313,9.474331454839556e-05
0.00015178599278442562,9.346633305540307e-05,-0.0004707215121015905,0.0002452658663969487,8.823001553537324e-05
0.00014326619566418233,9.367207530885936e-05,-0.0004642778367269784,0.0002507907920517028,0.00010271543578710408
0.00014923943672329187,0.00010410211689304559,-0.000440837669884786,0.00026605906896293163,0.00010742142330855133
0.00011872575123561545,8.008479926502332e-05,-0.0004540163790807128,0.0002505466982256621,7.946690311655402e-05
0.00014755818119738248,0.00011028679728042334,-0.00046729022869840253,0.00027636889717541635,9.742572001414374e-05
0.00013538321945816276,8.344121306436136e-05,-0.00045569252688437695,0.0002492656640242785,8.140831778291613e-05
0.00014566050958819687,9.658505587140098e-05,-0.0004573158512357622,0.00026486435672268266,9.131242404691876e-05
0.00015228538541123268,8.690253889653832e-05,-0.0004601036198437214,0.00025481541524641216,0.00010909595584962516
0.00013437055167742076,8.301920024678111e-05,-0.00046716452925465996,0.00025109213311225176,8.386203262489289e-05
0.00013618674711324275,9.241727093467488e-05,-0.0004622146370820701,0.0002618154976516962,0.00011115380766568704
0.00013018024037592113,8.92784955794923e-05,-0.0004488748672883958,0.0002491267223376781,0.0001051542640198022
0.00017185906472150236,0.00011034646013285965,-0.00044748411164619034,0.000250674202106893,0.0001059155401890166
0.00016659423999954015,0.00014392766752280295,-0.0004499251081142575,0.0002719787589740008,9.378819959238173e-05
0.00013610208407044408,0.00010599849338177592,-0.0004463874211069197,0.0002731939021032304,0.00010338703577872366
0.00013374858826864508,9.691448212834076e-05,-0.00045055357622914016,0.00027742530801333487,0.00011396987974876538
0.00015115432324819267,0.00010138752986676992,-0.0004760052543133497,0.0002467022277414799,8.640211308375001e-05
0.00013236528320703655,8.727249223738909e-05,-0.00045745595707558095,0.0002619087463244796,9.956956637324764e-05
0.00013366120401769876,8.582964801462367e-05,-0.0004686365427915007,0.0002687909291125834,9.272403985960408e-05
0.00014389482385013252,9.528613736620172e-05,-0.00044352869736030703,0.0002544188755564392,0.00011481250112410637
0.00015758733206894251,0.00011723342322511598,-0.00045936219976283615,0.0002705549704842269,0.00010030977136921138
0.000147822720464319,0.00010680667037377134,-0.00044397855526767666,0.0002573044039309025,9.568136010784656e-05
0.00013632894842885437,0.00010416402074042708,-0.00046272660256363446,0.00025696339434944093,9.021248843055218e-05
0.0001291966618737206,0.00010004191426560284,-0.0004372205294203013,0.00027411209885030985,0.00011868029105244204
0.00014065409777686,0.00010747009218903258,-0.00047472934238612646,0.00025925913359969854,7.058813935145736e-05
0.0001511482405476272,9.266792767448352e-05,-0.000451399915618822,0.00026177143445238466,0.00011050375906052068
0.00015771767357364297,0.00012544561468530446,-0.000432095053838566,0.00028083298821002245,0.00011290011752862483
0.00013933326408732682,0.0001436142192687839,-0.00045737624168395996,0.00029040293884463614,9.398546535521746e-05
0.00015011851792223752,0.00010119948274223134,-0.0004617328813765198,0.0002449838211759925,8.999001875054091e-05
0.00014488049782812595,0.0001103711547330022,-0.0004795706481672824,0.00025909338728524745,8.921060361899436e-05
0.00015148380771279335,0.00010766032937681302,-0.0004537650384008885,0.00028913567075505847,0.00010504392412258312
0.00014095920778345314,9.444605530006811e-05,-0.0004565035342238843,0.0002596247650217265,0.00011747870303224774
0.0001576854265294969,0.00011743302457034588,-0.0004868883406743407,0.00026427602278999984,8.864085248205811e-05
0.00015253733727149663,0.0001205794687848538,-0.0004502241499722004,0.000259532273048535,9.7553689556662e-05
0.00014201216981746254,8.558942499803379e-05,-0.00044381647603586316,0.0002607783826533705,9.933402907336132e-05
0.0001704693568171933,0.00010096782352775335,-0.0004451071727089584,0.0002709318068809808,0.0001233039511134848
0.00014018241199664774,9.58521122811362e-05,-0.00046232144813984627,0.0002520823036320508,9.212649456458166e-05
0.00014637679851148278,9.494478581473233e-05,-0.00046629965072497725,0.0002458158996887505,8.918354433262721e-05
0.000126759143313393,8.98005164344795e-05,-0.0004530794685706496,0.00024206528905779126,7.968526188051328e-05
0.00015154381981119514,0.0001078784407582134,-0.0004698719712905586,0.00025345030007883906,0.00010334569378755988
0.00013337435666471722,0.00010657350503606722,-0.00045458108070306485,0.000267232331680134,0.00012005568714812398
0.00015798232925590128,9.239291102858259e-05,-0.0004543556133285165,0.000250373559538275,9.591202979208903e-05
0.00016433649579994383,0.00011394964531064034,-0.0004083917883690447,0.0002780637878458947,9.96732705971226e-05
0.00015021934814285487,0.00012755744683090595,-0.0004123096878174693,0.0002704210055526346,9.492108074482529e-05
0.0001382941845804453,0.00011940791591769084,-0.00045074269291944807,0.00027138309087604284,0.00010061786451842636
0.0001360172318527475,8.839910151436925e-05,-0.000464817596366629,0.00025702849961817265,9.49431923800148e-05
0.0001285175239900127,8.052960038185121e-05,-0.0004744371399283409,0.00024084000324364752,8.66723494254984e-05
0.00014305036165751517,9.070668602362275e-05,-0.000460321782156825,0.00026162751601077616,9.897565905703233e-05
0.00014004441618453709,0.00010139474034076557,-0.00044564771815203136,0.0002656081924214959,0.0001224724983330816
0.00015542338951490817,0.00010519144416321068,-0.00044065559632144874,0.0002777072659227997,0.00011960125266341491
0.0001574085035827011,0.00011720259499270469,-0.00045624808990396565,0.0002652485563885421,0.00010633552301442249
0.00014339739573188126,9.977445006370544e-05,-0.0004520803631749004,0.00026692645042203367,0.00012314507330302152
0.00014771342102903873,9.879346180241556e-05,-0.0004646069137379527,0.0002799725043587386,0.0001067710472852923
0.00016157400386873633,8.874369086697698e-05,-0.00046368202310986817,0.00024515125551261013,8.784335659584029e-05
0.00012812875502277166,9.044201578944919e-05,-0.00043123349314555526,0.000280884763924405,0.00010748016939032823
0.00016873310960363597,0.00010249088518321514,-0.0004271704237908125,0.00029361029737628996,0.00011436857312219216
0.00018321156676393,0.00012144144420744851,-0.0004844714421778917,0.00022227932640817016,5.6643442803760984e-05
0.00016438521561212838,0.00011000072117894888,-0.00044724589679390187,0.0002914431097451597,0.0001252284273505211
0.00015536196588072926,0.00010113548341905698,-0.00045895704533904785,0.00027218315517529845,0.00011731435370165857
0.00013428865349851551,9.095470886677504e-05,-0.0004310947260819376,0.00026993127539753914,0.00012277545465622097
0.00013014230353292078,8.439302473561838e-05,-0.00046023188042454416,0.00026533464551903313,9.739001689013095e-05
0.00013244050205685198,9.098627197090536e-05,-0.0004576226929202676,0.0002580257132649421,8.94873301149346e-05
0.00014263580669648943,9.97940223896876e-05,-0.0004285256436560303,0.00028218052466399973,0.00010865488729905336
0.0001293881650781259,0.00011311186972307041,-0.0004529283323790878,0.00024830791517160833,7.947202539071441e-05
0.00014187736087478697,7.291569636436179e-05,-0.0004392286646179855,0.00024343334371224048,9.87321327556856e-05
0.00015729627921245992,0.00012013580999337137,-0.0004379080492071808,0.0002857617218978703,0.00011877883662236853
0.00012119145685574041,8.797850750852375e-05,-0.0004517818160820752,0.0002579586289357394,9.151087579084559e-05
0.00014272464613895863,8.805282413959503e-05,-0.0004580137028824538,0.0002646128123160452,0.0001134429476223886
0.0001415448059560731,0.00010402273619547486,-0.0004647932364605367,0.00024936776026152074,7.741848094156012e-05
0.00015266003902070224,0.00012817460810765624,-0.000448585778940469,0.00026264510233886545,9.585654333932324e-05
0.00014443727559410036,9.458803106099367e-05,-0.0004581290704663843,0.00024421949638053775,8.166598854586482e-05
0.000140021278639324,6.799044786021113e-05,-0.0004602265835274012,0.00023732197587378326,8.114931551972404e-05
0.0001529978180769831,8.912462362786755e-05,-0.0004570772871375084,0.00026324507780373096,0.00011515286314534023
0.0001316367561230436,8.724931831238791e-05,-0.00043970468686893577,0.0002620163722895086,9.366039012093096e-05
0.00013254901568870991,0.00011722474300768225,-0.00047965260455384856,0.0002429548621876165,7.028906838968396e-05
0.00013452129496727141,0.00010601080430205911,-0.0004514750035014004,0.0002872834447771311,0.0001156402358901687
0.00012873319792561233,8.029009040910749e-05,-0.0004725762992165983,0.0002383304527029395,8.349245035788044e-05
0.00014385573740582913,0.00011050297325709836,-0.00046831902000121767,0.0002692667476367205,0.00011094938963651656
0.0001477792684454471,0.00011004669067915528,-0.00045612183748744434,0.0002769170678220689,9.256906923837958e-05
0.00016148241411428899,9.5836614491418e-05,-0.00041472163866274064,0.00026813117437995965,0.00013020176265854388
0.00015103067562449723,9.971104736905545e-05,-0.00046200319775380194,0.00026512809563428164,8.178317511919886e-05
0.0001405420625815168,0.0001099494329537265,-0.0004685707972384988,0.0002746646350715309,0.0001008723265840672
0.00013996654888615012,9.065594349522144e-05,-0.00047209399053826934,0.0002458578674122691,7.797605940140784e-05
0.00013420594041235745,8.67156413733028e-05,-0.00045196912833489483,0.0002572398807387799,0.0001025185192702338
0.00014270245446823535,0.00011349791020620613,-0.0004534200124908239,0.00027595440042205155,0.00011751207057386635
0.00013628338638227433,0.0001039726339513436,-0.00047225115122273564,0.0002525456075090915,8.466224244330078e-05
0.00015566164802294225,0.00013204997230786827,-0.00048104012967087334,0.00025968701811507344,9.90137632470578e-05
0.0001515887415735051,9.970008977688848e-05,-0.00044575336505658925,0.0002677376614883542,0.00010076042235596104
0.00013823305198457092,0.00010887530515901744,-0.00045910238986834884,0.0002645939530339092,8.911419718060642e-05
0.0001279259886359796,7.8157740063034e-05,-0.0004347350331954658,0.0002696617448236793,0.00010115168697666375
0.0001421169872628525,7.844954234315082e-05,-0.0004336653801146895,0.0002760236675385386,0.00013843273336533457
0.0001313892425969243,9.397922985954209e-05,-0.00044895443716086447,0.00026756527950055897,9.968072845367716e-05
0.000123414138215594,0.00010839332389878108,-0.000466660741949454,0.00025343909510411317,8.389176946366206e-05
0.00014673935947939754,9.791820048121735e-05,-0.0004602615081239492,0.00024083198513835669,0.00010463832586538048
0.00014346797252073884,8.736840391065925e-05,-0.00043640268268063664,0.0002600319276098162,0.00010409895912744104
0.0001937504857778549,0.00010646013834048064,-0.0004693010996561498,0.00027500867145136,0.0001130843302235007
0.00013112116721458733,8.453772898064925e-05,-0.0004593515477608889,0.00025926370290108025,7.815531716914847e-05
0.00012187077663838865,8.026195428101346e-05,-0.0004543891118373722,0.0002398090873612091,9.397378016728908e-05
0.00013338674034457654,9.628882980905472e-05,-0.0004515427281148732,0.0002577291743364185,8.820243238005787e-05
0.00014361458306666464,0.00010413985728519036,-0.0004375006828922778,0.00029968321905471385,0.00014835975889582187
0.00013338391727302223,9.393248183187096e-05,-0.000469084334326908,0.0002577319974079728,8.298239845316857e-05
0.00016693114594090733,0.00010797019785968588,-0.00046014314284548163,0.0002438171795802191,7.521697989432141e-05
0.0001425267837475985,0.00012762719416059554,-0.0004485516983550042,0.0002819026121869683,0.00011401782103348523
0.0001352978724753484,0.00010648086026776582,-0.0004400521283969283,0.00028422570903785527,0.00013038134784437716
0.00013625308929476887,7.875587471062317e-05,-0.00045486079761758447,0.00024752068566158414,7.898494368419051e-05
0.00014230856322683394,9.323788253823295e-05,-0.0004564333066809923,0.00027415849035605794,0.00011631900997599587
0.0001294193061767146,0.00010269504127791153,-0.0004638816462829709,0.0002658272569533437,9.293624316342176e-05
0.0001399758912157267,7.470262062270194e-05,-0.00046368455514311785,0.00023909343872219327,8.504883589921519e-05
0.000146518912515603,8.853718463797122e-05,-0.00045970990322530275,0.0002648480876814574,0.00010133678006241098
0.00016830065578687936,0.00013121575466357172,-0.00048043683636933565,0.0002664507192093879,9.931802196661009e-05
0.00015637649630662054,0.0001080063739209436,-0.0004073501913808286,0.00026793815777637064,9.994501306209712e-05
0.00013365675113163888,9.704755939310417e-05,-0.0004558501241263002,0.00025034029386006296,0.00011636464478215205
0.00015090114902704954,0.00010601461690384896,-0.00046939161256887024,0.0002633297408465296,0.00011289955000393091
0.00014328170800581574,9.953646076610312e-05,-0.0004506009863689542,0.0002581808948889375,0.0001192131676361896
0.00014247024955693632,9.99145704554394e-05,-0.0004424084327183664,0.00027271010912954807,0.00011218908184673636
0.00013037973258178678,0.00010524892422836274,-0.0004574715858325362,0.0002596516569610685,7.816791912773624e-05
0.0001587743463460356,0.00011422245734138413,-0.0004715950635727495,0.00026489462470635766,0.00011234455450903623
0.00014791515422984958,0.00011429726146161555,-0.00042527230107225483,0.000256954604992643,9.097288420889528e-05
0.00018990205717273057,0.00012154856813140212,-0.0004277870466466993,0.0002957210235763341,0.00013861781917512417
0.00015537197759840637,0.00011082836135756223,-0.0004550041048787534,0.00027985195629298687,0.00012589902325998992
0.00012675389007199556,8.903752313926816e-05,-0.0004467064572963864,0.0002638205187395215,7.633908535353841e-05
0.00013596145436167714,0.00011166669719386846,-0.00044921250082552433,0.0002765712852124125,9.50984685914591e-05
0.00012505528866313398,8.593040547566488e-05,-0.00044765882194042206,0.0002626516215968877,9.624309313949198e-05
0.00012559919559862465,8.847157732816413e-05,-0.00047074674512259657,0.0002487916499376297,6.929668597877027e-05
0.00014787344844080508,0.00012020768917864187,-0.00046724424464628095,0.0002534385130275041,0.00010637156083248556
0.00015965035709086806,9.649506682762876e-05,-0.0004606407310348004,0.0002601167070679366,0.00011348989210091533
0.00014808047853875903,0.00011591010115807876,-0.0004395928990561515,0.0003013764799106866,0.00013675908849108964
0.0001502817467553541,0.00011032860493287444,-0.0004485967801883816,0.00025659002130851155,0.0001049174679792486
0.00014549765910487622,0.00012491898087318987,-0.0004694728704635054,0.00025681807892397046,9.468381904298441e-05
0.00013291412324178964,0.00010517701593926175,-0.0004768084909301251,0.0002527792821638286,7.599665696034208e-05
0.00013628658780362457,9.118296293308957e-05,-0.0004604012065101415,0.00026059840456582606,9.75413786363788e-05
0.00012820164556615057,8.981347491499037e-05,-0.000459136499557644,0.00025161757366731763,8.935702499002218e-05
0.00016881013289093969,0.00011920224642381072,-0.0004512678133323789,0.0002626362256705761,0.00010398897575214504
0.00014370399003382772,0.00011278606689302251,-0.00046396526158787316,0.00027504103491082793,9.398626571055502e-05
0.00013431382831186056,0.00010001528426073493,-0.0004561109526548535,0.0002867061411961913,9.82490018941462e-05
0.00015518354484811422,0.00011912127956748007,-0.00045646607759408653,0.0002690603432711214,0.00011321462807245551
0.000137786686536856,9.612720168661326e-05,-0.0004730047076009214,0.00024298863718286162,7.745681796222925e-05
0.00013160047819837928,9.49291352299042e-05,-0.0004599730018526316,0.00024760470842011273,9.344863065052779e-05
0.00013391513493843377,0.0001030938801704906,-0.00047056915354914963,0.0002609748917166144,9.481146116741002e-05
0.00015323811385314912,0.00011412633466534317,-0.00045338616473600274,0.0002499099064152688,0.00011498982348712161
0.00015759804227855057,0.0001477721962146461,-0.0003773753996938467,0.00027418404351919895,0.00015121414617169648
0.00019184993288945407,0.0001649643381824717,-0.00045709835831075907,0.00026320756296627223,8.962924766819924e-05
0.00012744250125251708,8.643675391795114e-05,-0.0004241829738020897,0.00027459822013042867,0.0001224586449097842
0.00015423817967530343,0.00011462974362075327,-0.00046856759581714874,0.0002764716336969286,9.504597983323039e-05
0.00012430058268364522,8.24954840936698e-05,-0.0004591374890878797,0.0002567621413618326,9.575316653354092e-05
0.00015467166667804122,0.00012649587006308138,-0.0004583488334901631,0.00027625862276181584,9.89885229500942e-05
0.00013869605027139187,9.675865294411778e-05,-0.00046534219291061163,0.0002597196726128459,9.620290802558884e-05
0.00017668660439085215,0.00014140454004518688,-0.0004356857680249959,0.00025919423205778003,0.00010338102583773434
0.00012890278594568372,0.00013118344941176474,-0.00045314210001379246,0.00028559609199874103,9.724673145683481e-05
0.00015634158626198766,7.866218220442533e-05,-0.0004653427749872208,0.00024017585383262485,9.238411439582704e-05
0.00013630601461045444,0.0001025652964017354,-0.00047867902321740985,0.0002584129106253385,8.218790026148781e-05
0.0001438050967408344,9.749758464749902e-05,-0.0004808531084563583,0.00024844834115356207,7.961584196891636e-05
0.0001289059582632035,8.177173731382936e-05,-0.00045847886940464383,0.0002500003029126674,9.575181320542471e-05
0.00013801519526168704,0.00010065465903608127,-0.00044864075607620185,0.00028573363670147955,0.00011482641275506467
0.00015401170821860433,0.00012265118130017072,-0.0004505155084189028,0.00026652062661014497,0.00010988550639012828
0.00015638477634638548,0.00011055907089030371,-0.0004390108806546778,0.00024470186326652765,8.926177542889491e-05
0.00014615098189096898,0.00011435976193752141,-0.000469184567919001,0.00027883134316653013,9.437704284209758e-05
0.00014423199172597378,0.00011650615488179028,-0.0004640344122890383,0.0002771155850496143,0.00010400272731203586
0.00014473010378424078,9.209170093527064e-05,-0.0004619989194907248,0.0002638002333696932,0.00010703656880650671
0.00013819447485730052,0.00011890025780303404,-0.00047457296750508254,0.00028030763496644795,8.48968920763582e-05
0.0001476099423598498,9.342674457002431e-05,-0.0004623249114956707,0.0002418914518784732,7.528562127845363e-05
0.00013631355250254273,0.00010188585292780772,-0.0004673442454077304,0.00025787902995944023,8.026432624319568e-05
0.0001362804468953982,8.116428944049403e-05,-0.0004699380369856953,0.00024278491036966446,9.8265525593888e-05
0.00013865610526409,0.00010612881305860357,-0.0004468265979085117,0.00028160965302959085,9.970402606995776e-05
0.00016914559819269925,0.00010756323899840936,-0.0004358365840744227,0.00028463354101404553,0.00013133925676811486
0.00016070881974883378,0.0001232742506545037,-0.0004510805883910507,0.0002737492613960057,0.00010048172407550736
0.00013842195039615038,8.157819684129208e-05,-0.00045640949974767853,0.0002599361469037831,9.244079410564154e-05
0.00013945516548119485,8.862176036927849e-05,-0.00045054568909108633,0.0002726533857639879,8.760363562032579e-05
0.0001267215266125277,0.00010700761049520224,-0.0004568386357277632,0.0002672455739229917,7.870284025557339e-05
0.0001504407555330545,8.766499377088621e-05,-0.0004653721989598125,0.00025081521016545594,9.468778443988411e-05
0.00014959723921492696,0.000103823869721964,-0.0004464053199626506,0.0002591537777334452,0.00010126393317477779
0.00016627702279947698,0.00012466174666769805,-0.00043042170000262564,0.00027451259666122496,0.00013192603364586827
0.00014652202662546188,0.00012550705287139863,-0.0004342278116382658,0.00026606934261508286,0.00011479001113912089
0.0001262430305359885,9.272996976505965e-05,-0.0004564737901091576,0.0002544771414250136,9.763635171111672e-05
0.00015468506899196655,0.0001304720644839108,-0.0004770800587721169,0.00026974460342898965,0.000105195606010966
0.00011128516780445352,0.00010253137588733809,-0.000452847481938079,0.0002509202458895743,7.308786734938622e-05
0.0001511718874098733,9.740192763274536e-05,-0.00046476651914417744,0.0002415736817056313,0.00010034123260993509
0.00013963441597297788,9.853128722170368e-05,-0.00047470437129959453,0.0002558747073635459,9.41776015679352e-05
0.00014334208390209824,0.0001068578494596295,-0.0004423960053827613,0.00027136216522194445,9.028986823977904e-05
0.00015751781756989658,9.669949940871447e-05,-0.00041309132939204574,0.00028606411069631577,0.00014479596575256434
0.00015571249241475016,0.00014780805213376882,-0.0004429345426615328,0.0002926024899352342,9.784718713490291e-05
0.0001384941569995135,0.00010408981324872002,-0.00047201040433719754,0.00024758258950896556,8.386300760321319e-05
0.0001487055269535631,0.00011189287033630538,-0.0004454846784938127,0.00026111779152415693,0.00010710602509789167
0.00014514884969685227,0.00011078069655923171,-0.0004561150853987783,0.00024128404038492593,7.696061948081478e-05
0.00014552180073224008,0.0001021402276819572,-0.000436457892647013,0.0002901587577071041,0.00012342561967670918
0.00013954800670035183,0.00011928234744118528,-0.00045250268885865813,0.00026085777790285647,9.181450877804308e-05
0.00015851705393288285,9.61150581133552e-05,-0.00044863007497042423,0.00027310283621773124,0.00010888336692005396
0.0001396334555465728,0.00010539140203036368,-0.00046848022611811757,0.00025374008691869676,7.758287392789498e-05
0.000138422692543827,8.922915731091052e-05,-0.00046019392902962863,0.0002672841364983469,0.0001116838975576684
0.0001577637012815103,0.00010841251059900968,-0.00045854513882659376,0.00027899429551325744,0.00010751010267995298
0.00014758222096133977,0.00010677176760509609,-0.000444462028099224,0.00027230739942751825,0.00012797761883120984
0.00015933712711557746,0.00010562884563114494,-0.000426161423092708,0.0002705742954276502,0.00012912596866954118
0.00015882992011029273,9.715862688608468e-05,-0.00045769911957904696,0.000249442586209625,9.847161709330976e-05
0.00014444273256231102,0.00010716331598814577,-0.0004699499986600131,0.00025654255296103656,7.237004319904372e-05
0.0001292260130867362,0.00010894718434428796,-0.0004546775890048593,0.00026697898283600807,0.00010803714394569396
0.00014942047710064799,9.768860036274418e-05,-0.00045290504931472236,0.00027880928246304393,0.00011487262963782996
0.00013981251686345786,9.48640808928758e-05,-0.0004668156616389752,0.00024670120910741394,6.87234423821792e-05
0.00014351798745337874,8.977791731012985e-05,-0.00045277967001311486,0.00025142519734799856,0.0001250298519153148
0.00014913096674717963,9.736701031215489e-05,-0.0004563633410725743,0.0002589632640592754,0.00010176366049563512
0.00015676081238780168,0.00010772780660772696,-0.0004458652401808648,0.00024853867944329977,7.601280231028795e-05
0.0001666933676460758,0.00014052403275854886,-0.00042400186066515744,0.00029866551631130284,0.00013922556536272168
0.00015048230125103146,9.208486881107092e-05,-0.0004318715655244887,0.00028444448253139853,0.0001034019369399175
0.00013757453416474166,0.00010027346434071659,-0.00047813507262617355,0.0002674311399459839,6.323763955151662e-05
0.00013363841571845114,0.0001115185659728013,-0.0004747264902107418,0.0002642911276780069,9.21390819712542e-05
0.00015464001626241952,0.00011367077240720393,-0.000462999742012471,0.0002654052514117211,0.00011317047028569505
0.00017311447300016883,8.974569209385663e-05,-0.0004434653383214026,0.00026640977011993533,9.90561457001604e-05
0.00017187584307976067,0.00010396898142062128,-0.00045952608343213797,0.00026774764410220087,9.419724665349351e-05
0.00013586001296062022,0.00010016095620812848,-0.00045314984163269406,0.000255375518463552,0.0001100017107091844
0.0001357613509753719,8.590297511545941e-05,-0.0004395432770252228,0.00026356973103247583,0.00011375026952009648
0.00016665647854097188,0.00012290719314478338,-0.00044803589116781955,0.0002788037527352572,0.00012243878154549748
0.00014732508861925453,9.391742787556724e-05,-0.0004454932059161365,0.0002908041060436517,0.000105379156593699
0.00012811156921088696,0.00010052730067400263,-0.0004511112929321825,0.00026402727235108614,9.949298691935836e-05
0.00013912084978073835,0.00016166697605513036,-0.00041255101677961653,0.0002659234160091728,0.00012149844405939805
0.00011970147897955029,9.022373706102371e-05,-0.00044306195923127234,0.00024145822681020943,8.971621718956159e-05
0.0001338206056971103,9.584662620909512e-05,-0.0004597220686264336,0.00026850219001062214,8.349006384378299e-05
0.00013337568088900298,0.00010887921962421387,-0.00045940955169498915,0.00026515001081861556,9.463324386160821e-05
0.00012015589163638653,8.621750748716295e-05,-0.00045055779628455633,0.0002551021752879024,9.68378590187058e-05
0.00014556384121533483,0.0001285440812353045,-0.00044164856080897147,0.0002675190626177937,0.00011078862007707356
0.00019084879022557288,0.00015406223246827722,-0.0004535363987088203,0.000253372301813215,6.441318691940978e-05
0.00014088759780861435,6.561186455655843e-05,-0.00044484503450803464,0.00024104032490868121,9.576272714184596e-05
0.000144835896207951,0.00010569800360826777,-0.0004481048381421715,0.0002979583223350346,0.00013716769171878695
0.00017866905545815825,8.491862536175177e-05,-0.000460352428490296,0.0002638996811583638,0.0001173902055597864
0.00014444257249124348,2.916968696808908e-05,-0.0005037499940954149,0.00014479176024906335,5.237867299001664e-05
0.00014215873670764267,4.152602195972577e-05,-0.0004099150246474892,0.00024054477398749438,0.00012621421774383632
0.00012134680582676084,3.2740503229433664e-05,-0.00036219609319232404,0.000297711871098727,0.00017884529370348898
0.00012477753625717014,1.1916055882466024e-05,-0.0003521180769894272,0.0002893004275392741,0.00019293512741569432
8.56925908010453e-05,1.2615012110472892e-06,-0.00042993167880922556,0.0001948643330251798,0.00010557760833762586
0.0001105015617213212,5.6075292377499864e-05,-0.00038890575524419546,0.0002586126211099326,0.00015136429283302275
0.00012017535482300444,7.548782014055178e-05,-0.00037370817153714597,0.0003138737811241299,0.00015452629304490983
0.00013648469757754356,0.0001330224913544953,-0.0003998842730652541,0.00029391361749731004,0.00014212667883839458
0.00015538776642642915,0.00014156990800984204,-0.0004791147657670081,0.0002861639368347824,7.080646901158616e-05
0.00014912532060407102,0.00014500366523861885,-0.00047993156476877624,0.0002707728126551956,7.104821997927502e-05
0.00020484338165260846,0.00014270699466578662,-0.0004529946018010378,0.00031781941652297974,0.00012168477405793965
0.00017446109268348664,0.0001696138206170872,-0.0005259749013930558,0.00019705455633811653,2.1727766579715535e-05
0.00014020645176060498,0.00012556432920973748,-0.0005040996475145222,0.0002277893217978999,5.316231181495823e-05
0.0001255022652912885,0.0001071664082701318,-0.0004672660143114626,0.00024050552747212348,7.394502608804032e-05
0.00011069666652474551,0.00010551779996603729,-0.00041743068140931433,0.00029200871358625585,0.00013867171946913004
0.00012329546734690666,0.00011836530029540882,-0.0004289356875233352,0.0002787212724797428,0.00013884861255064607
0.00013938803749624642,0.00010742988524725661,-0.00038681589649058884,0.0003483849868644029,0.00017988095351029187
0.0001639263064134866,0.00013093759480398148,-0.00039600487798452383,0.00035990466130897403,0.0001731400261633098
0.00015997969603631643,0.00011117422400275244,-0.0003914333356078714,0.0003367842873558402,0.00019285902089904994
0.0002043707499979064,0.00013433973072096705,-0.0004250750644132495,0.00029216642724350095,0.00014867237769067287
0.00018046941841021183,0.00014718314923811704,-0.0005990612553432584,0.00016914149455260483,-6.065105480956844e-05
0.0001167246518889442,0.0001269831118406728,-0.0005211092066019773,0.0002304531808476895,3.845631727017462e-05
0.00010083684173878282,0.00012253185559529808,-0.00045876987860538076,0.00028519585612230003,9.956605936167763e-05
0.00011841281957458703,8.610635995864868e-05,-0.00040814152453094715,0.00031521552591584623,0.00016330700600519776
0.00017805086099542675,0.00015285555855371058,-0.00039107454358600085,0.00033130490919575095,0.00017404694517608732
0.000161765594384633,0.00015525973867624998,-0.0003821004647761583,0.00033546946360729635,0.0001793796254787594
0.0002677748852875084,0.00022078183246776464,-0.0007299486314877868,0.00013408328231889755,-0.00017668436339590698
0.0002652818220667541,0.0002331783762201667,-0.0005590082728303969,0.0002289114927407354,-1.3959867828816641e-05
0.00015419573173858225,0.0001451830903533846,-0.0005320355412550272,0.00023788891849108043,8.247309779108036e-06
8.936077210819349e-05,9.791244519874455e-05,-0.0004613922501448542,0.0002289635594934225,7.839413592591882e-05
8.092405914794655e-05,9.161822526948528e-05,-0.0003558880707714707,0.0003765452420338988,0.0002056746307061985
0.00012306224380154165,7.944410754134879e-05,-0.00026624539168551564,0.00045144231989979744,0.0003138610045425594
0.00020543296705000105,0.00011986983736278489,-0.0003044000477530062,0.0004019202897325158,0.000290822732495144
0.0002820371591951698,0.00017594131350051612,-0.0006200060597620903,0.00015081344463396817,-5.400706504588016e-05
0.0002601761370897293,0.00015004730084910992,-0.0004990999586880207,0.00024991200189106166,8.698929013917223e-05
0.00017529696924611926,0.00012142917694291101,-0.0003685789415612817,0.0003161358763463795,0.00018172364798374474
0.00022443731722887603,0.00016913529543671754,-0.0003879426803905517,0.0003606659302022308,0.0001946551201399416
0.00032111289328895515,0.00019246422743890437,-0.0005522632272914052,0.0002383983664913103,7.366681529674679e-05
0.0003198630001861602,0.000177152527612634,-0.0004948609275743365,0.0003032228851225227,0.00011019852536264807
0.00021158516756258905,0.00015894093667156994,-0.0004612653574440628,0.0003043152973987162,0.0001375660503981635
0.00013786242925561962,0.00010699211270548405,-0.00039331332664005464,0.00030513110687024886,0.00017765616939868778
0.00014230571105144918,0.00013108532584737986,-0.00036151587846688926,0.000302165950415656,0.00015823158901184795
7.925559475552291e-05,6.961164763197303e-05,-0.00036817084765061736,0.0003235412004869431,0.00017331671551801264
8.364444511244074e-05,7.982889655977488e-05,-0.0003316738293506205,0.0003741227556020021,0.00022957762121222916
7.676827954128385e-05,7.450823613908142e-05,-0.0002885365975089371,0.0004143966652918607,0.00027578763547353446
9.633465379010886e-05,9.959832823369652e-05,-0.0002986287872772664,0.000416965369367972,0.000283264322206378
0.0001635631633689627,0.00013269482587929818,-0.0004014572186861187,0.0003358293615747243,0.00018054613610729572
0.00031354266684502363,0.00011867052671732381,-0.0004999369848519564,0.0002269343531224877,7.179244857979938e-05
0.00031897181179374456,0.00012140228500356896,-0.0005793675081804395,0.00014852535969112068,3.62482933269348e-06
0.00023543665884062648,8.447134314337745e-05,-0.00045318069169297814,0.00025246851146221155,0.00010651895718183368
0.00011947558232350276,6.150540139060467e-05,-0.00032265475601889193,0.00036878828541375697,0.0002132510708179325
7.28480372345075e-05,0.000112010064185597,-0.00020353076979517937,0.0005388432764448224,0.000404288963181898
0.00018387737509328872,0.00014910062600392848,-0.00021786009892821312,0.000563213019631803,0.0004125304403714836
0.0002949517802335322,0.00014645086775999516,-0.0006953499978408217,8.101367711788043e-05,-0.0001432718418072909
0.0002749890263658017,0.0001511000155005604,-0.0005333457374945283,0.00022185286798048764,4.144763806834817e-05
0.00018303809338249266,0.00013156580098439008,-0.0004571593599393964,0.0002501796989236027,5.038054223405197e-05
0.0001619782851776108,0.0001474850723752752,-0.0003808469336945564,0.00039497783291153615,0.0002177339920308441
0.0003993259160779417,0.00019125935796182605,-0.0005815309705212713,0.00025775827816687524,4.5412569306790835e-05
0.0004040283674839884,0.00020611289073713124,-0.00044853234430775046,0.0003395709209144116,0.00018877130059991032
0.000296036247164011,0.0001990219170693308,-0.0004554471524897963,0.00034311629133298993,0.0001961241650860757
0.00023169527412392202,0.00013493750884663314,-0.00044893304584547883,0.00028655430651269853,0.00016231171321123838
6.580520857824013e-05,6.326955917757004e-05,-0.0003544667561072856,0.0003400935675017536,0.0001799336896510795
2.4379742171731774e-05,5.3572435717796914e-05,-0.0002742969081737101,0.00041110836900770653,0.0002722126082517207
-3.0089140636846423e-06,6.894476973684505e-05,-0.0002558712149038911,0.0004464806988835335,0.00029765459476038814
0.00010870100959436968,0.00015871012874413282,-0.0001815970754250884,0.0006098323501646519,0.000442411081166938
0.0001717453997116536,0.00015747507859487087,-0.00023777726164553314,0.0005313953734003006,0.0004078966740053147
0.00023494118067901582,0.00011280132457613942,-0.0006962906918488443,3.074970300076529e-05,-0.00016149920702446252
0.00020802949438802895,0.00011632590758381411,-0.0005408301367424427,0.00017760053742676973,-4.282394456822658e-06
0.00020689550729002806,0.0001571842294652015,-0.00043232334428466856,0.00035231534275226295,0.00015272064774762842
0.00023658400459680704,0.0001861866912804544,-0.0005430149030871688,0.000259300897596404,4.201352930977009e-05
0.0002320277417311445,0.00018407941388431937,-0.0005086514865979552,0.00030475886887870734,9.670862345956266e-05
0.0003833686350844801,0.000178351896465756,-0.000519517925567925,0.0002847470750566572,8.255845023086295e-05
0.000425006786826998,0.00021974495030008256,-0.00047202422865666444,0.0003461456799414009,0.00019582897948566824
0.0003188607224728912,0.00017232171376235783,-0.00043049195664934814,0.00034655083436518913,0.00018138744053430853
0.00010015494626713917,6.124858919065446e-05,-0.0004192502819932997,0.00027710467111319304,0.00013187626609578731
7.011717389104888e-05,0.00015819964755792168,-0.000214549814700149,0.0005089369369670749,0.0003953288542106748
0.00014985576854087412,0.00015960920427460223,-0.0005112874787300825,0.00030378295923583215,0.00010084803943755104
0.00013299175770953298,0.00013626508007291704,-0.0005347147816792129,0.0002124973252648488,-5.004384092899272e-06
9.423675510333852e-05,0.00011632435052888467,-0.00046063691843301063,0.00026735838036984205,7.13095287210308e-05
5.182460881769657e-05,7.172709592850879e-05,-0.00031669039162807167,0.0003635165630839765,0.00022652241750620303
7.099631329765543e-05,8.383336535189301e-05,-0.00025770635693334043,0.000417504517827183,0.00031621474772691727
0.00012316045467741787,0.00019902859639842063,-0.0001382533082505688,0.0006071358220651746,0.0004944697138853371
0.00034722083364613354,0.00018760876264423127,-0.0003766765876207501,0.0004684088344220072,0.00028805091278627515
0.0003624347737058997,0.00011833049211418256,-0.0005508262547664343,0.0001687940675765276,-7.844810170354323e-06
0.0002299609477631748,0.00012380997941363603,-0.000474097701953724,0.0002819118089973926,0.00010504000238142908
0.0003904032055288553,0.00015593982243444768,-0.0005284446524456143,0.0002524566370993853,7.597197691211477e-05
0.0003382909926585853,0.0001537622301839292,-0.0004235706583131105,0.00035102595575153833,0.00020069115271326154
0.00018068939971271905,8.888214506441727e-05,-0.000418522977270186,0.00028835597913712263,0.00016592160682193935
4.587616422213614e-05,4.184320641797967e-05,-0.00027289765421301126,0.0003738178056664765,0.00022167041606735438
1.2832813808927312e-05,0.00014782113430555907,-0.00011776856263168156,0.0006123103084973991,0.00048232884728349756
0.00023803615476936105,0.0001507595588918775,-0.00041315314592793584,0.0003557321324478835,0.00020813255105167627
0.00029074933263473213,0.00016670511104166508,-0.0005935441586188973,0.0002243143098894507,-1.3236758604762144e-05
0.00027460898854769766,0.00016758441051933914,-0.0004888457478955388,0.00028407888021320105,8.992631046567112e-05
0.00012918951688334346,0.0001211631752084941,-0.0004103834507986903,0.0002640750608406961,0.00010058112093247472
5.371314182411879e-05,5.1820716180372976e-05,-0.00028987365658394987,0.00038477120688185096,0.00025510511477477854
2.3935590434120968e-05,7.746453047730029e-05,-0.0001739748113323003,0.0004944909014739096,0.0003748003509826958
3.157218816340901e-05,7.795544661348687e-05,-0.00016629854508209974,0.0005464046844281256,0.00044492204324342316
0.0001042758085532114,0.00014881200331728903,-0.00010466367530170828,0.0006526404758915305,0.0005485659930855036
0.0002871715114451945,0.00014173099771142006,-0.0006792920758016407,9.750261233421044e-05,-7.087956328177825e-05
0.0003188829286955297,0.00014861792442388833,-0.0006028665811754763,0.00015518060536123812,-5.0452679715817794e-05
0.00022867461666464808,6.870123615954071e-05,-0.00048124935710802674,0.00021040928550064564,4.3270254536764696e-05
0.00011969760817009956,5.5058480938896544e-05,-0.0003118180902674794,0.0003812103823293001,0.0002541056601330638
6.250278966035695e-05,7.38031740183942e-05,-0.00023988279281184083,0.0004604306304827333,0.00033606481156311935
0.00011595253454288466,0.00016281379794236273,-7.505853864131495e-05,0.0007082173251546919,0.0005828306311741471
0.00019489620171952995,0.00015509534568991512,-9.47942171478644e-05,0.0006735973292961718,0.0005498317186720669
0.0002963447477668524,7.588908920297399e-05,-0.0006754109635949135,4.932754745823331e-05,-0.00015839423576835546
0.00034094054717570543,0.00013425515498965979,-0.0005950484191998839,0.00017905270215123892,-1.929338031914085e-05
0.000276902545010671,0.00013202879927121103,-0.00044289079960435634,0.00028877172735519707,0.00013128326099831608
9.394560038344936e-05,0.00012427134788595143,-0.0003998097381554544,0.00031462483457289636,0.00012123588385293259
4.542301030596718e-05,0.0001812766131479293,-0.000406653416575864,0.0004166492144577205,0.00023403383966069669
0.00021977441792842,0.0002314147568540648,-0.0004060832725372165,0.00043954202556051314,0.00024177807790692896
0.0002509785408619791,9.055269765667616e-05,-0.0004669419140554965,0.00022657314548268917,0.00010938353807432576
0.00023265500203706324,9.247474372386932e-05,-0.00045580748701468116,0.00023303594207391143,0.00010531192674534395
0.00020442242384888232,0.00013756279076915234,-0.0004362654290162027,0.00031140839564614,0.00016572971071582288
0.0003851655637845397,0.00017338477482553571,-0.0004166475846432149,0.00039135912084020674,0.0002473136701155454
0.00035006529651582236,0.00017560920969117433,-0.00042616555583663285,0.0003855882096104324,0.00022517686011269689
0.0001297479320783168,7.765366171952337e-05,-0.0003819746489170939,0.00027997427969239647,0.00016635406063869598
5.758397946920013e-06,4.718949639936909e-05,-0.00019522308139130476,0.0004833942803088576,0.0003811442875303328
4.579967571771704e-05,0.00012867938494309786,-0.00011979306145804004,0.0005938925314694643,0.000479005539091304
0.00022633931075688446,0.0001416163286194205,-0.0006321748369373381,0.00014541836571879685,-7.541044760728255e-05
0.00023699890880379823,0.00017802511865738782,-0.0005639424780383706,0.0002513687068130821,2.003239387704525e-05
0.00022268852626439184,0.00016868406964931637,-0.00046272148028947413,0.0002912356576416641,7.594646012876183e-05
9.305350249633192e-05,0.00010387584188720213,-0.0003515617281664163,0.000387023261282593,0.00022787560010328892
0.00014031986938789487,0.00014875888882670552,-0.0003234244359191507,0.0004193683562334627,0.00026488190633244807
0.00017620122525840998,6.597624451387675e-05,-0.0004361775936558842,0.00025709456531330943,0.00011020217061741276
0.00013983869575895372,0.00010605300485622138,-0.00028295855736359954,0.0004088728164788336,0.00029724321211688215
0.00034794647945091134,0.0002312616852577776,-0.0005811460432596505,0.0002826762211043388,3.651574297691696e-05
0.0003495650016702712,0.00021745265985373408,-0.0004153096815571189,0.00039875746006146073,0.0001990480232052505
0.00014213533722795546,0.00012755868374370039,-0.000427528255386278,0.0003421135770622641,0.0001542031968710944
8.01099758973578e-06,4.277835250832141e-05,-0.00032617876422591513,0.00035227840999141335,0.00021791586186736825
5.826752840221161e-06,5.2979634347138926e-05,-0.00021707637642975897,0.00048089525080285966,0.00035044774995185435
5.3146864956943325e-05,9.235188190359622e-05,-0.00021477985137607902,0.0004846655356232077,0.00035951397148892283
0.00011661314783850683,0.00019624600827228278,-7.66982775530778e-05,0.000745930359698832,0.0006196862086653709
0.00023391116701532158,0.0001784425548976287,-0.0005842770333401859,0.0002293520083185285,5.43729038327001e-05
0.0002651969261933118,8.804965182207525e-05,-0.0006826531025581063,-5.030916554460417e-07,-0.0002001484390348196
0.0002958671539090574,0.00014480011304840446,-0.0005375044420361519,0.0002401313977316022,1.4104775800660718e-05
0.00024899462005123496,0.0001402539201080799,-0.00040924001950770617,0.00029165533487685025,0.00011685676145134495
8.326766692334786e-05,8.538053953088821e-05,-0.0003544584906194359,0.0003653961175587028,0.00020397434127517045
1.7389476852258667e-05,6.298138032434508e-05,-0.00021340913372114298,0.0004808387311641127,0.00036712648579850793
5.092798892292194e-05,6.183028744999319e-05,-0.0001995818456634879,0.0004935046890750527,0.00038632150972262025
9.546730871079491e-05,9.733596380101515e-05,-0.0002141380391549319,0.0004986997228115797,0.000378274533431977
0.00011555202945601196,0.0001355395215796307,-0.00019445105863269416,0.0005608324427157639,0.000438102608313784
0.000144561126944609,0.00014773049042560157,-0.00034915609285235405,0.00040933920536190266,0.0002816481573972851
0.00021863041911274197,0.00013831144315190613,-0.0008555800304748117,-0.00010749023931566626,-0.0003746011352632195
0.00020705493807327,0.00011099897528765724,-0.0005349623970687388,0.0001846116065280512,-2.17446777242003e-05
0.0001593021443113685,0.00014289493265096098,-0.0005543477600440383,0.0001326690544374287,-7.812680269125849e-05
0.00013176815991755575,0.00011463438568171114,-0.0004585198767017573,0.00026392802828922873,8.484834688715637e-05
0.000133138382807374,9.219257481163368e-05,-0.0003052774991374463,0.00040370531496591866,0.00027165800565853715
0.00015464326133951542,0.00011979023111052813,-8.826127304928376e-05,0.0006486392812803388,0.0005559406708925962
0.00026912280009128153,0.0001139754822361283,-0.00014913370250724256,0.000600155966822058,0.00047233246732503176
0.0002793590829242021,0.00012491543020587417,-0.00048100025742314756,0.00022954402083996683,6.181738717714325e-05
0.00018499694124329835,8.989022171590477e-05,-0.00045322233927436173,0.00028557603945955634,0.00010743916209321469
0.0002755227033048868,0.00012105685891583562,-0.00043886216008104384,0.00029491260647773737,0.00011800927313743159
0.00018979395099449905,0.00010750320507213472,-0.0003720250097103417,0.00034216977655887604,0.00019481203344184905
6.800702249165624e-05,5.4416548664448776e-05,-0.0003220061480533332,0.00034242603578604763,0.00026055664056912065
5.8883961173705763e-05,6.045522604836151e-05,-0.00021816298249177637,0.00044885609531775117,0.0003728358715306968
0.00010148196452064441,9.23330953810364e-05,-0.00022354596876539293,0.0005104172159917654,0.0003808341862168163
0.00012647491530515254,0.00011240852472838016,-0.0002427371509838849,0.000490433012600988,0.0003637680201791227
0.0001601465919520706,0.00019076524768024686,-0.00017708535597193986,0.0006476900889538229,0.0005015568458475173
0.00017206440679728985,0.00018027973419521004,-0.00022157626517582685,0.0006251395680010319,0.0004905601963400841
0.00014242716133594513,7.313754758797586e-05,-0.0007465071976184845,-2.26037809625268e-05,-0.00019766870536841447
0.0002032420452451333,9.580236655892804e-05,-0.0006255064508877696,7.793434633640572e-05,-0.00012156178127042949
0.00016199341916944832,8.863646507961676e-05,-0.00039763719541952014,0.00035424379166215664,0.0001980244851438329
0.00014152970106806606,9.4473289209418e-05,-0.0003112280392087996,0.0004236402455717325,0.0002691553090699017
0.00012670308933593333,0.00011035300121875478,-0.0002980163262691349,0.0004196856170892716,0.0002846875868272037
0.00012282242823857814,8.249506208812818e-05,-0.00032435980392619973,0.0004016734019387514,0.0002586713817436248
0.00014271127292886376,0.00014414580073207617,-0.00019298036932013932,0.0005970157799310982,0.0004549580917228013
0.00016694472287781537,0.00016049499390646815,-0.0002913133648689836,0.0004999138182029128,0.00034537503961473703
0.00017205179028678685,8.490921027259901e-05,-0.0005801602965220809,0.00010269770427839829,-7.295878458535299e-05
0.00015457892732229084,9.493728430243208e-05,-0.0003798147954512388,0.00030745426192879677,0.00016453942225780338
0.00012475073162931952,7.405600626952946e-05,-0.0002560666180215776,0.0004680787678807974,0.00031484660576097667
0.00017599549028091133,0.00015503811300732195,-0.00021222952636890116,0.0005535862874239683,0.000433542940299958
0.00023558633984066543,6.633324665017426e-05,-0.0007331299129873514,-6.6106476879213e-05,-0.0002476641966495663
0.0002250823745271191,5.6325930927414454e-05,-0.0006606167298741639,2.654396666912362e-05,-0.0001525570114608854
0.00018428613839205357,0.00010983665561070667,-0.0004568420990835875,0.00027899318956770003,8.898925443645567e-05
8.441325917374343e-05,8.943799912231043e-05,-0.00028416336863301694,0.0004189026658423245,0.00026933866320177913
5.548931585508399e-05,8.275898289866745e-05,-0.00023587665054947135,0.00048725717351771886,0.0003364547446835786
9.808836330194026e-05,0.00012294677435420454,-0.00024188245879486206,0.0004786952340509743,0.000335076852934435
0.0001070711950887926,0.00011310717673040925,-0.000308968621538952,0.00044423644430935383,0.0002855577040463686
0.00013890738773625344,0.00013842928456142545,-0.0002691058325581253,0.0005104951560497284,0.00034959751064889133
0.00016437895828858018,0.0001314611145062372,-0.0004943158128298818,0.0002740852942224592,0.000131489839986898
0.0001780513994162902,0.00017238972941413522,-0.0006610408890992402,8.506527228746562e-05,-0.00010416502482257785
0.00029976683435961604,7.692506915191187e-05,-0.0008090038900263608,-8.806271944195032e-05,-0.0003172612632624805
0.00030549688381142914,7.629068568348886e-05,-0.00044416997116059065,0.00025004977942444384,9.069790394278243e-05
0.00017270543321501464,8.995120151666924e-05,-0.000338224257575348,0.00037608260754495865,0.00022046163212507963
5.337115362635814e-05,9.749964374350384e-05,-0.00026613968657329684,0.00046762175043113535,0.00031918793683871627
7.394960266537964e-05,9.83411373454146e-05,-0.00026503499248065054,0.00046982610365375876,0.00031309292535297567
0.00010906309762503952,0.00011681507021421568,-0.0003033211105503142,0.00043655687477439637,0.0002751841675490141
0.00012169310502940789,0.00013041554484516382,-0.0003700351808220148,0.00038975809002295136,0.00023006483388599008
0.00015891087241470814,0.0001787902001524344,-0.0002642937179189176,0.0005447118892334403,0.00038528148434124887
0.00023841342772357169,0.00010488196130609141,-0.000734918168745935,1.4291303159552625e-05,-0.00014858852955512702
0.00024827528977766633,7.466368697350845e-05,-0.0005565548781305552,0.0001440015621483326,-3.6348461435409256e-05
0.00014324385847430676,7.194215140771121e-05,-0.0004989107837900518,0.0002257862943224609,4.893476943834685e-05
0.00013566155394073576,0.00017103421851061285,-0.00034863551263697445,0.00033325704862363636,0.00016466641682200134
0.00011205534246983008,0.00016208073066081852,-0.0004271302022971213,0.00035730376839637756,0.0001647145109018311
0.00011688064842019229,0.00011664483463391663,-0.0003979330649599433,0.0003306165162939579,0.00016414128185715524
9.833799413172528e-05,6.313969061011449e-05,-0.0003000597062055021,0.00038740885793231433,0.0002575405815150589
0.000121971097541973,0.00012432802759576592,-0.00030920596327632666,0.0004411869740579276,0.00027156181749887764
0.00011884321429533884,0.00010053614823846146,-0.00031613398459739983,0.0004318301798775792,0.0002604834735393524
0.00011524594447109848,0.0001053503292496316,-0.000383300386602059,0.00034161109942942863,0.00015662283112760633
0.00012412358773872256,7.612552872160451e-05,-0.0003837454714812337,0.00033964839531108737,0.0001589911407791078
0.00015814807557035238,0.00012084569607395681,-0.0004230412596371025,0.00031805573962628836,0.00017029844457283616
0.0001369265519315377,0.00015528942458331585,-0.0007574953488074242,3.242397724534385e-05,-0.00015352896298281848
0.00015801377594470978,9.602039790479466e-05,-0.000525323033798486,0.00020867618150077758,7.1962863330554674e-06
0.00014332321006804705,8.960441482486202e-05,-0.0003347757738083601,0.0003745495632756501,0.00019141497614327815
0.00014778290642425418,9.835103264776991e-05,-0.0002691324043553322,0.00047419415204785764,0.0003172341384924948
0.00012870298814959824,8.796325710136443e-05,-0.00024280582147184762,0.0004542519163805992,0.0003072785038966685
0.00010596983338473365,7.534438191214576e-05,-0.0003000751894433052,0.0003957080480176956,0.0002353438030695543
0.00012698175851255658,0.00011054566857637838,-0.000344645231962204,0.00034157410846091807,0.0002036530204350129
0.0001369207602692768,0.00013872730778530243,-0.00025697864475660026,0.0004928400740027428,0.00036316303885541856
0.00021493328677024687,0.00019005044305231422,-0.0003136820159852505,0.00046846811892464757,0.0003244501422159374
0.0001821495243348181,0.0001068477940862067,-0.0006211837753653526,0.00013121227675583214,-5.859305747435428e-05
0.00014335164451040328,9.974478598451242e-05,-0.0003978351305704564,0.0003091380058322102,0.0001430912670912221
0.0001255231472896412,8.704765787115319e-05,-0.00035428465344011784,0.000369695364497602,0.00020737361046485603
0.00011584483581827952,7.04063058947213e-05,-0.00034805477480404084,0.0003532228292897344,0.00019952324510086328
0.0001048995109158568,7.641520642209798e-05,-0.00035645710886456067,0.00035650134668685496,0.0001968567376025021
0.00011845568951684983,0.00013901127385906875,-0.0002680387697182596,0.0005079018883407116,0.0003433539241086692
0.00016884350043255836,8.405771950492635e-05,-0.0005803612293675543,0.000148848193930462,-3.23558815580327e-05
0.00017756862507667392,0.00010521549847908318,-0.0007208199240267278,2.688135464268271e-05,-0.00017888181901071218
0.0003422906156629324,0.00019413942936807868,-0.0005726103554479778,0.00022481656924355772,-1.6350332998626982e-06
0.000298568804282695,0.00016265743761323392,-0.0003837208496406674,0.0003819203411694616,0.00020793249132111669
0.00013050442794337871,0.00010894863225985318,-0.000305008958093822,0.0003678794018924236,0.00022704788716509936
3.968479359173216e-05,6.980833131819963e-05,-0.0001879310584627092,0.0005225958884693681,0.0003977087326347828
9.42559927352704e-05,0.00013793502876069397,-0.0001728348870528862,0.0005507441819645463,0.00042636788566596806
0.00011534279474290088,0.00011394380999263376,-0.00020130579650867733,0.0005625792546197772,0.0004341860476415605
0.0001242077414644882,0.00011304227518849078,-0.00024646654492244124,0.0005107258912175894,0.00037579465424641967
0.00015237093612086028,9.002262231661007e-05,-0.0004604150308296085,0.00028309610206633806,0.00012371959746815264
0.00011448173609096556,8.107348548946902e-05,-0.0004618354723788798,0.0002631602983456105,9.202744695357978e-05
0.0001448334223823622,8.740503108128905e-05,-0.00036788833676837385,0.0003404878953006118,0.00019445610814727846
0.00014108770119491962,0.00010226082667941228,-0.00036216730950400233,0.0003732045879587531,0.00022885626822244376
0.00016600156959611923,0.0001010497726383619,-0.000595001270994544,0.00014059596287552267,-6.319513340713456e-05
0.00013738556299358606,6.922963075339794e-05,-0.0005133825470693409,0.00019480858463793996,3.607749022194184e-05
0.0001583715493325144,0.00011720616748789324,-0.0004486358957365155,0.00025099416961893445,8.177091513061896e-05
0.00012588498066179454,7.398265734082088e-05,-0.0004420203331392258,0.0002788368728943169,0.00012087664799764751
0.00011405241093598306,5.8175115555059165e-05,-0.0004379686724860221,0.00027534944820217794,0.00010955979087157176
0.00013463669165503234,8.820344373816623e-05,-0.0004199353279545903,0.00028713615029118955,0.0001440291671315208
0.00016450858674943447,0.00012408827024046334,-0.0003411588550079614,0.0003413099911995232,0.0002290904230903834
0.00012016786786261946,0.00011671673564705999,-0.00024784560082480306,0.00037356952088885015,0.0002383245300734416
0.00014965845912229267,9.229727584170178e-05,-0.0005215635173954071,0.00019554648315533998,3.0720439099241055e-05
0.0001324019831372425,7.908410043455659e-05,-0.0004924129461869596,0.00022247493325266987,4.8608879296807565e-05
0.00012879126006737351,6.886391201987863e-05,-0.0004769661172758788,0.0002083914732793346,5.532758950721473e-05
0.00013122103700879959,0.00014356629981193691,-0.00035901620867662126,0.0004145852290093899,0.0002633317781146616
0.00014904901036061347,0.0001296328700846061,-0.000472500454634428,0.00030081675504334266,0.00014596634719055146
0.00017013608885463327,8.099226397462189e-05,-0.0005628072540275753,0.00014068021846469492,-8.537252142559739e-06
0.00014832030865363777,0.00010396321886219084,-0.0003459716099314392,0.00032367228413932025,0.00017258452135138214
0.00012651836732402444,9.633997979108243e-05,-0.0002864679554477334,0.00038687477353960276,0.00021363016276154667
0.00011536084639374168,7.839902536943555e-05,-0.00034650860470719635,0.0003547904489096254,0.00020208700152579692
0.00010550827573752032,8.155902469297871e-05,-0.0003993311547674239,0.0002994506212417037,0.0001505462423665449
0.00011295668082311751,5.498292011907324e-05,-0.0004651486524380744,0.0002303454530192539,7.08267034497112e-05
0.00010263991134706883,6.165228114696221e-05,-0.00045994311221875256,0.000230877980357036,5.677618901245295e-05
0.00011315225856378677,5.326949394657277e-05,-0.0004671167407650501,0.00021943237516097724,6.0331080021569505e-05
0.0001367918448522687,9.916162525769323e-05,-0.0004656603268813342,0.0002484757278580218,8.833096217131241e-05
0.0001551353634567931,9.603294893167913e-05,-0.00037198743666522205,0.0003654085448943079,0.00020972042693756518
0.00010443764767842369,0.00010256988025503233,-0.0003101677575614304,0.00042023655259981746,0.00027124423650093377
0.00014348165132105348,9.309617598773913e-05,-0.0004911979194730519,0.00023858618806116283,4.6248267608461895e-05
0.00012350438919384032,7.976293272804469e-05,-0.0004537189670372754,0.00025460400502197444,8.467142470180987e-05
0.00012747145956382155,7.605927385156974e-05,-0.0004446600214578211,0.0002578443381935358,8.405632979702204e-05
0.00015985096979420632,9.171464625978841e-05,-0.0004565469571389258,0.0002809774305205792,0.00012345667346380648
0.0001303657190874219,0.00012914858234580606,-0.00032422033837065095,0.0004573831392917782,0.00028379555442370474
0.00017186019977089018,7.999742229003459e-05,-0.0005104038282297552,0.0002193917753174901,7.937398913782091e-05
0.00015514543338213116,8.085183799266815e-05,-0.0005138215492479503,0.0002024702116614208,2.2509097107104026e-05
0.00013310551003087312,7.541014201706274e-05,-0.00040918399463407695,0.0003004009777214378,0.0001471466384828091
0.00014146162720862776,8.672202966408804e-05,-0.0003607091493904591,0.00031958267209120095,0.0001594982750248164
0.00012216411414556203,8.479592361254618e-05,-0.00041676161345094437,0.0002884436689782888,0.00011319747136440127
0.0001275244285352528,7.199239189503714e-05,-0.00046162994112819433,0.00025344660389237106,9.75469156401232e-05
9.983796189771964e-05,7.25932841305621e-05,-0.00046462332829833025,0.0002532141807023436,7.604621350765228e-05
0.00013069868145976216,7.798247679602355e-05,-0.0004711206711363048,0.00025232817279174924,8.486312435707076e-05
0.0001403685746481642,0.0001130360396928154,-0.00030773377511650324,0.00045952489017508924,0.0003237903001718223
0.00012928505020681771,8.727344538783655e-05,-0.0003843720187433064,0.0003473627148196101,0.0002134927490260452
0.00016683025751262903,8.04723022156395e-05,-0.000545453978702426,0.00018244393868371844,7.6271930993243595e-06
0.00015846258611418307,9.915317787090316e-05,-0.0005626867641694844,0.00017360286437906322,1.8723310859058984e-05
0.00012264928955119103,8.715915464563295e-05,-0.0005419155349954963,0.0001942879898706451,-4.817036369786365e-07
0.00014131472562439742,0.00010520807700231673,-0.00039319987990893424,0.00034117285395041114,0.00020993927319068464
0.00016519470955245194,0.00013876214507035908,-0.0004291365621611476,0.0003259203513152897,0.00015619379701092842
0.00017164225573651493,7.329910295084119e-05,-0.0005391181330196558,0.00020214378309901804,3.375571850483538e-06
0.00013785682676825672,9.736434003571048e-05,-0.0004021089698653668,0.00032318587182089686,0.00015395057562272996
0.00011301700578769668,6.525477510876955e-05,-0.00028900810866616666,0.0004217842360958457,0.00029196075047366316
0.00011260917381150647,6.89229927957058e-05,-0.0002637156576383859,0.00045594165567308653,0.00029766370425932115
0.00011354261368978767,8.759846241446212e-05,-0.00028702616691589355,0.00042411332833580673,0.0002809884608723223
0.00011534565419424324,9.778713865671308e-05,-0.00029536470538005233,0.0004374637501314282,0.0002908778260461986
0.00014613207895308733,0.00010378533625043929,-0.0003745939175132662,0.0003606704995036125,0.0002232865954283625
0.00016304754535667598,0.0001239073753822595,-0.0003906698257196695,0.00029960300889797514,0.00012295354099478573
0.0001739773724693805,0.00011388705752324312,-0.000428995321271941,0.00029952212935313577,0.00011224729678360744
0.00011124216689495371,7.572264439659193e-05,-0.00043809402268379927,0.00025188960717059666,9.889019565889612e-05
0.00011873478069901465,7.659218681510538e-05,-0.0004524553078226745,0.0002553848607931286,7.455397280864418e-05
0.00013928464613854882,0.00010634647333063184,-0.00032715348061174154,0.0004523905226960778,0.0002506147720851004
0.00014312402345240116,0.0001326132187386975,-0.00031979067716747517,0.00046067676157690585,0.00027744978433474904
0.00013352454698178917,7.074752647895366e-05,-0.0005468209274113178,0.00017189369827974588,-7.894542250141967e-06
0.00013897063035983592,7.947882841108367e-05,-0.0004614487988874316,0.00025195724447257817,9.354317444376647e-05
0.00010520568321226165,6.574454891961068e-05,-0.00043561158236116165,0.000280864565866068,0.00012140437320340425
0.0001180149265564978,7.162669498939067e-05,-0.00043627468403428793,0.00027905148454010487,0.00011034696944989265
0.00013083875819575042,7.778160215821117e-05,-0.0004358942387625575,0.00026924393023364246,0.00012007945042569189
0.00012201058416394517,0.00010135061165783553,-0.0004685232415795326,0.0002926491724792868,0.00014803544036112726
0.00010832493717316538,0.00011985893070232124,-0.00032667687628418207,0.0004470071871764958,0.0003056462446693331
0.00015383139543700963,8.448874723399058e-05,-0.0006030634976923466,8.827332931105047e-05,-5.796642653876916e-05
0.00012710291775874796,6.252464663702996e-05,-0.0004970337031409143,0.00021355309581849724,3.6879500839859254e-05
0.00010701116843847559,6.407890759874134e-05,-0.00041718673310242593,0.00028802180895581836,0.00012801052071154118
0.00011243004701100291,6.527559162350371e-05,-0.00040688712033443153,0.00030280451755970716,0.00015753757907077667
9.125261567533016e-05,5.102615978103131e-05,-0.0004304620379116386,0.0002640703460201621,0.00012306522694416344
0.00010114292672369628,5.376145418267697e-05,-0.00035000662319362164,0.00036102818557992583,0.0002412238682154566
0.0001502134109614417,6.529522215714678e-05,-0.00032489350996911526,0.00037865800550207496,0.00026334889116697013
0.00012040753790643066,0.00013605116691906002,-0.0005422817193903028,0.00020034633053001016,4.470355997909792e-05
0.00017290141840931028,8.071763295447454e-05,-0.000497521716170013,0.00016074096492957324,4.4337884901324294e-05
0.00013397741713561118,6.545105861732736e-05,-0.0004015651647932828,0.0003124176582787186,0.0001434501027688384
0.00011428073048591614,7.463146175723523e-05,-0.00038642736035399134,0.00033618340967223054,0.00016810301167424768
0.00011298470781184732,6.389142072293907e-05,-0.0004233251966070384,0.00029103472479619086,0.00012913420505356044
0.00010167620348511264,7.309847569558771e-05,-0.0004399007884785533,0.0002772148873191327,0.00011087420716648921
0.000123792007798329,9.313963528256863e-05,-0.0004727202176582068,0.0002555705141276121,0.00010603139526210724
0.00011264868953730914,6.689835572615266e-05,-0.0004822771297767759,0.0002367783890804276,7.441703201038763e-05
0.00014075137733016166,8.617532148491591e-05,-0.0004803572664968669,0.0002460527466610074,7.846554217394441e-05
0.00011502067354740576,0.00011522020940901712,-0.00039256890886463225,0.0003482897591311485,0.00018537958385422826
0.00017810544522944838,9.559136378811672e-05,-0.0004349667578935623,0.00026963057462126017,0.0001071816441253759
0.0001981422392418608,8.616688137408346e-05,-0.0005157794803380966,0.0001954299077624455,2.4091265004244636e-05
0.00013321808364707977,5.6017528550000855e-05,-0.0005204915651120245,0.000164837168995291,-3.911552994395606e-06
0.00015335417992901057,7.130059384508058e-05,-0.0005217352299951017,0.0001727661874610931,6.695174306514673e-06
0.00012180054181953892,4.9382957513444126e-05,-0.0004017142928205431,0.00030856239027343685,0.00015127944061532617
0.00010705646127462387,6.893843237776309e-05,-0.00038124737329781055,0.0003281120443716645,0.00020039177616126835
0.00011595497926464304,7.84469157224521e-05,-0.000392853980883956,0.0003261934034526348,0.00017687323270365596
0.0001093858591048047,7.109574653441086e-05,-0.00042519086855463684,0.00027851524646393955,0.00013563976972363892
0.00011884172272402793,7.492570875911042e-05,-0.0004329073999542743,0.0002954063238576054,0.00015878656995482743
0.00011053057824028655,7.293536327779293e-05,-0.00047551875468343496,0.0002510225167497992,9.719040826894344e-05
0.00013140264491084963,8.724916551727802e-05,-0.0004396072472445667,0.0002806014381349087,0.00012124936620239167
0.00017416804621461782,0.00016875934670679269,-0.0004193709755782038,0.00033134178374893963,0.00020763823704328388
0.0001658170513110235,6.904524343553929e-05,-0.0007017618045210838,-2.1708412532461807e-05,-0.00021017639664933083
0.000171429812326096,7.181207183748484e-05,-0.00044712855014950037,0.0002638643782120198,8.882416295818986e-05
0.00014685877249576151,9.58387608989142e-05,-0.0003839897399302572,0.00034778271219693124,0.00016880841576494274
9.489027434028684e-05,5.80744344915729e-05,-0.00035467889392748475,0.00035699468571692705,0.00021416679373942318
0.0001260034623555839,8.23726804810576e-05,-0.0003731663164217025,0.0003609909617807716,0.00022609021107200533
0.00013339299766812474,6.524493801407516e-05,-0.00038841302739456296,0.0003342924755997956,0.0001718190760584548
0.00013494091399479655,8.1949976447504e-05,-0.000388271757401526,0.00035385435330681503,0.0002015594218391925
0.00014023660332895815,0.0001032966247294098,-0.0004731728695333004,0.00027449423214420676,0.00010897527681663631
0.00015428656479343772,8.387441630475223e-05,-0.0007034154841676353,9.128878446063028e-06,-0.00014539175026584417
0.00014048736193217337,7.345111953327432e-05,-0.0005422511021606624,0.00015312086907215414,2.5370693492732244e-06
0.00012917997082695365,9.426858014194296e-05,-0.0003876378177665174,0.00036521555739454925,0.0002113904629368335
0.0001318217982770875,8.141784928739071e-05,-0.00031141843646764755,0.0004395856230985373,0.000315309502184391
0.0001235036761499941,7.772001117700711e-05,-0.00029562288546003396,0.00043758164974860847,0.00029194625676609576
0.00012262488598935306,7.397252920782194e-05,-0.0003272081958130002,0.00040645073750056326,0.0002568682248238474
0.00011903039558092131,7.626513252034783e-05,-0.0004032244614791125,0.00032379358890466387,0.00015939022705424574
0.00013017932360526174,8.697406155988574e-05,-0.0004096991615369916,0.00033441977575421333,0.0001915480097522959
0.00013940806093160063,8.305507799377665e-05,-0.0003717326908372343,0.0003438954008743167,0.00020709411182906479
0.00013997584755998102,0.00011313631694065408,-0.00048815831542015076,0.00024976671556942165,6.518828740809113e-05
0.00015149418322835118,0.00011376881593605503,-0.0005130873178131878,0.0002379588258918375,5.60822372790426e-05
0.00015716158668510616,0.00010975216719089076,-0.0004660649865400046,0.00023723811318632213,5.7712906709639356e-05
0.00016161044186446816,0.00012436394172254953,-0.0004477694455999881,0.00027023788425140083,9.361657430417836e-05
0.00015599536709487438,9.025174949783832e-05,-0.00043981513590551913,0.0003153247816953808,0.00015953359252307564
0.00014778092736378312,8.278089080704376e-05,-0.0004484278324525803,0.00025625049602240324,9.229911665897816e-05
0.00011051271576434375,5.701327245333233e-05,-0.00046332014608196914,0.0002557143743615597,9.33888222789392e-05
0.00012489054643083364,8.370565046789125e-05,-0.0004936162149533629,0.00023459795920643955,0.00010409537208033726
0.00013697307440452278,7.069774437695742e-05,-0.0004333216056693345,0.0003074951528105885,0.00014011758321430534
0.00013723119627684355,0.0001021956413751468,-0.00034179346403107047,0.0003968512755818665,0.0002590705989859998
0.00020557202515192333,7.163787086028606e-05,-0.0006060803425498308,0.00010929763084277509,-6.0901402321178466e-05
0.00014585477765649554,7.388697122223675e-05,-0.0004722995217889547,0.0002546538307797164,7.551206363132223e-05
0.00016159402730409056,0.00010032032150775194,-0.00040480162715539336,0.0003243807004764676,0.0001858524192357436
0.00013630707690026608,0.0001015190064208582,-0.0003961020556744188,0.00033985747722908854,0.00015636542229913175
0.0001019485789583996,7.610212924191728e-05,-0.0004006705130450428,0.0002894476056098938,0.00014691863907501101
0.00010974465840263292,6.241218216018751e-05,-0.0004420762415975332,0.0002482611744198948,0.00010463756188983098
0.00010883238428505138,9.59154131123796e-05,-0.0004695371899288148,0.00025143654784187675,7.535643817391248e-05
0.00013275654055178163,5.979511479381472e-05,-0.00046987558016553516,0.0002315544988960028,0.00010873312567127867
0.00011299537436570972,5.265996151138097e-05,-0.00048037566011771565,0.0002137706178473309,5.3836418373975896e-05
0.0001364101335639134,7.737944542896004e-05,-0.0004272223450243473,0.00026919806259684265,0.00010747252963483334
0.00012047053314745425,6.24913373030722e-05,-0.00040476350113749504,0.00030310393776744604,0.00016362116730306298
0.00014492492482531816,0.00010422832565382124,-0.00044533048640005285,0.0002680105390027165,0.00011759678454836829
0.00017186148033943027,9.494245750829576e-05,-0.0004649836919270456,0.00024066067999228838,0.00011415243352530525
0.00013024406507611277,7.268344052135943e-05,-0.00047388134407810867,0.00025304721202701336,9.409605263499543e-05
0.00013270955241750926,8.839990186970681e-05,-0.0004934687749482691,0.00024592771660536533,7.363890472333878e-05
0.00014563408331014216,7.334328256547451e-05,-0.0004919184138998388,0.00023845244140829894,0.00011303597420919688
0.00012812485510949043,7.967444253154099e-05,-0.0004944850807078184,0.0002472107589710504,0.00011736935994122175
0.0001369826786685735,0.00011119992268504575,-0.00032362487399950624,0.0004427388776093722,0.00028808892238885164
0.0001819900353439152,0.00011398604692658408,-0.0003362440911587328,0.00043395237298682327,0.0002743937948253006
0.00012969097588211298,4.7075463953660794e-05,-0.0004880042397417128,0.00019549757416825744,2.6135568987228908e-05
0.00013755858526565137,7.748940697638318e-05,-0.00043523611384443933,0.0003105232899542898,0.00011933672794839367
0.0001532612950541079,7.250969065353274e-05,-0.0004209218022879213,0.00029354222351685166,0.00017469534941483292
0.0001304681645706296,9.482785389991476e-05,-0.00043970230035483837,0.000283374625723809,0.00015778835222590715
0.00010353863763157278,9.03453546925448e-05,-0.0004511188308242709,0.00026797811733558774,0.00010516986367292701
0.00013192580081522462,5.839638106408529e-05,-0.000484732910990715,0.00022439401072915643,0.00011105024896096438
0.00013294864038471133,7.664808072149754e-05,-0.0004923955420963466,0.00022911747510079292,8.32178266136907e-05
0.00012304264237172902,5.5554279242642224e-05,-0.0003512462717480957,0.0003559739561751485,0.00023199140559881928
0.00013764559116680175,0.00012684705143328756,-0.0003281443496234715,0.0004126274434383959,0.00034556997707113624
0.00014588427438866347,6.742383993696421e-05,-0.0005733808502554892,0.00014739533071406186,2.4556928110541776e-05
0.00015176436863839626,0.00011012577306246384,-0.00046432929229922587,0.00024616991868242616,7.524320972152054e-05
0.00010944207315333189,4.837803135160357e-05,-0.0004502325318753719,0.00024896315881051123,0.00013288517948240042
0.00010752249363576992,5.208432048675604e-05,-0.0004326810594648123,0.0002815905027091503,0.00013509060954675078
0.00014256713620852682,5.591296212514862e-05,-0.0004514913016464562,0.00025072807329706853,0.0001492409937782213
0.00012843658623751253,0.00010652816126821564,-0.0004214257642161101,0.0003549416142050177,0.00018942153837997464
0.00018973094120156017,9.902913734549655e-05,-0.00038503698306158185,0.000381732388632372,0.0002909901959355921
0.00015998774324543774,8.925496513256803e-05,-0.0006559574976563454,9.836815297603609e-05,-7.135762280086054e-05
0.00014464691048488018,6.374100485118106e-05,-0.0006327843875624238,7.82290953793563e-05,-4.7923229431035e-05
0.00011835573241114616,6.443554593715817e-05,-0.0005078791291452943,0.00023212537053041157,0.0001023223449010402
0.00013472996943164617,6.601542554562911e-05,-0.0003917698049917817,0.00033194711431860924,0.0001983780675800517
0.00011151973740197717,4.706424442701973e-05,-0.0003614387824200094,0.00033662392525002366,0.00021093089890200645
0.00012375405640341341,5.674255226040259e-05,-0.00036839998210780317,0.0003371587954461574,0.00022998711210675538
0.00015086712664924562,8.152674854500218e-05,-0.0003441759035922587,0.0003930965613108128,0.00029981290572322905
0.00014061410911381245,0.00010848411329789089,-0.0003904228215105832,0.0003354292130097747,0.00020234969269949943
0.00014600880967918783,0.00011364676174707712,-0.0005177606944926083,0.00022613203327637168,3.841840589302592e-05
0.0001656193780945614,9.276138735003771e-05,-0.0004885001690126957,0.0002454552159179002,0.00012854073429480195
0.0001332596002612263,6.688058056170121e-05,-0.00041615290683694173,0.00029239451396279037,0.00013616062642540783
0.0001353874831693247,9.3702066806145e-05,-0.00045545949251390994,0.00028168782591819763,0.0001425721711711958
0.00013706948084291068,6.318240048130974e-05,-0.0003939316957257688,0.00028660643147304654,0.00016499504272360357
0.00015605210501234978,0.00015320122474804518,-0.00040382024599239236,0.00031033458071760833,0.00016622974362690002
0.00012820697156712413,0.0001464983361074701,-0.0007081399089656769,7.892652502050622e-05,-0.0001620895927771926
0.00014428880240302533,6.386019958881661e-05,-0.0005106675671413541,0.0001776533754309639,2.6789650291902944e-05
0.00011901926336577164,7.506423571612686e-05,-0.00039820923120714724,0.00033514216192997987,0.00018585906946100292
0.00012613162107300013,0.00010169151209993288,-0.0003854414680972696,0.0003466374473646283,0.0001845674705691636
0.00013009403483010828,0.000122018092952203,-0.0003756647347472608,0.00038893640157766635,0.00025478313909843564
0.00016176339704543352,1.815115683712065e-05,-0.0007134321494959295,-1.7291329641011544e-05,-0.00021466870384756478
0.00014897881192155182,4.944980901200324e-05,-0.0004970809677615762,0.00021088241192046556,3.1638443033443764e-05
0.00011692784028127791,7.134277257136999e-05,-0.0003480594896245748,0.000357441051164642,0.00023197312839329243
0.00011227840150240809,0.0001005460653686896,-0.00030714066815562546,0.00042393957846798,0.00028329552151262766
9.925146878231315e-05,9.182032954413444e-05,-0.00030340382363647217,0.00043250786256976426,0.0002763763186521828
0.00011421697854530066,9.966982906917109e-05,-0.0003668978752102703,0.00038731962558813393,0.00022797442215960473
0.00013147934805601835,8.418883953709155e-05,-0.0003912085667252541,0.0003393935621716082,0.0002041401021415368
0.00012854977103415877,0.00010174535418627785,-0.00037537814932875335,0.00038223035517148674,0.00022094931046012792
0.00013819437299389392,9.534422133583575e-05,-0.00037310842890292406,0.0003759172395803034,0.00024611945264041424
0.000154027235112153,9.48542437981814e-05,-0.0004917591577395797,0.00023929556482471528,0.00011693731357809155
0.00016829505329951644,9.769247844815254e-05,-0.0004463361110538244,0.00025937327882274985,7.038579497020692e-05
0.00012865960889030248,7.462562643922865e-05,-0.0004051511350553483,0.0003006109909620136,0.00017265116912312806
0.00012227498518768698,9.897567360894756e-05,-0.0004764130571857095,0.0002472309861332178,8.321091445395723e-05
0.00014770595589652658,0.00010185474820900708,-0.00046637692139483983,0.0002604105102363974,0.00015286076813936234
0.00013451871927827594,9.05943161342293e-05,-0.00047606931184418494,0.0002674980496522039,0.00011355474998708813
0.0001520546356914565,0.0001163403212558478,-0.00040914738201536233,0.0003412432270124554,0.0002071124472422525
0.00013029827096033841,0.00012931905803270638,-0.00038352824049070483,0.00038521812530234456,0.00023381647770293057
0.00016961376240942627,9.087369835469872e-05,-0.0006438322016038001,6.285896233748645e-05,-8.73665267135948e-05
0.00012950981908943504,6.236751505639404e-05,-0.00046772844507358963,0.0002281764318468049,6.472746463259682e-05
0.00013236218364909289,7.40840841899626e-05,-0.00031966611277312035,0.0003566580126062036,0.00020943654817529023
0.0001309976796619594,8.026044088182971e-05,-0.0003449030627962202,0.00036536192055791616,0.00028386767371557653
0.00010691694478737192,8.287627133540809e-05,-0.00041031005093827844,0.0003156305174343288,0.00013893893628846854
0.00013536144979298115,6.71150628477335e-05,-0.00032848629052750766,0.00039421897963620717,0.00032259683939628303
0.00011762332724174485,6.92504399921745e-05,-0.0003666917618829757,0.00031960094929672783,0.00021743572142440826
0.0001190705006592907,8.324300870299339e-05,-0.00047243013978004456,0.0002500869450159371,7.703190931351855e-05
0.00013612916518468407,8.498973329551518e-05,-0.0004823001218028367,0.00025132845621556044,0.00010375054262112826
0.0001285117177758366,8.181582234101371e-05,-0.0004820734902750701,0.000223218507017009,6.137522723292932e-05
0.0001343683252343908,7.565971463918686e-05,-0.00042723555816337466,0.0002601158048491925,0.0001379917812300846
0.0001338058355031535,6.510987441288307e-05,-0.000437156850239262,0.0002621614548843354,0.00011662561882985757
0.00013309705536812544,0.00010444635699968784,-0.0004231090715620667,0.0003291060274932533,0.00017498618399258703
0.0001254550734302029,0.00010904956434387714,-0.00042310552089475095,0.0003334905777592212,0.0001796491997083649
0.00014739891048520803,7.3994931881316e-05,-0.000573864090256393,0.00016701166168786585,4.6369164920179167e-05
0.00012633235019166023,7.057226321194321e-05,-0.00047087442362681037,0.00023360158957075328,9.377369860885663e-05
0.00013758904242422432,9.80836048256606e-05,-0.0004539926594588905,0.00031167748966254294,0.00013162978575564918
0.00012599096226040274,9.131184197030962e-05,-0.0004324880137573928,0.00032338881283067167,0.00016114479512907565
9.101680188905448e-05,2.979019700433128e-05,-0.0006901461165398358,6.432341251638718e-06,-0.00019600395171437413
0.00013315319665707648,8.387835259782149e-05,-0.00045196054270491004,0.0002636997087392956,8.605506445746869e-05
0.0001046417746692896,8.48242561914958e-05,-0.0003323374257888645,0.00038516407948918635,0.00023020060325507075
0.00014190263755153865,6.49604553473182e-05,-0.00033606571378186345,0.00036971879308111966,0.00022842691396363082
0.00011811812146333978,7.98725159256719e-05,-0.0003620479255914688,0.0003614505985751748,0.0002068167959805578
0.00011517630628077312,0.00011910058674402536,-0.0003517617878969759,0.00041035801405087113,0.0002444132696837187
0.00013238622341305017,0.00010519169154576956,-0.0003641318762674928,0.00039970749639905984,0.00023402232909575102
0.00015320602688007057,7.464809459634125e-05,-0.0006137836608104407,0.00011137418186990544,-8.189209620468318e-05
0.00014802880468778312,4.3571373680606484e-05,-0.0005661323666572571,0.00013104663230478764,-4.430666376720183e-05
0.00013509843847714362,8.209482621168718e-05,-0.00045186578063294286,0.0002816641062963754,0.00011103057477157563
0.0001336486602667719,6.969012611079961e-05,-0.000366847962141037,0.00036665707011707127,0.00022689378238283095
0.0001450652489438653,0.00010738473065430298,-0.00029367220122367144,0.0004670426715165377,0.0003061946772504598
0.00012964250345248732,0.00012839921691920608,-0.0003144123184029013,0.0004481086216401309,0.0003010149230249226
0.00016393026453442872,5.626137863146141e-05,-0.0006500171730294825,5.727959069190547e-05,-0.00011812723096227273
0.00016044449876062572,8.031100878724828e-05,-0.0004336509446147829,0.000286250317003578,0.00015014814562164247
0.00012374775542411953,7.529623690061271e-05,-0.0003253973845858127,0.00040083384374156594,0.0002924009168054908
0.00012859170965384692,7.512139563914388e-05,-0.0002989563799928874,0.00041779107414186,0.00029509904561564326
0.00011776522296713665,0.00010384617053205147,-0.00030948274070397014,0.00042244902579113836,0.0002982888836413622
0.0001385010255035013,0.00010802595352288336,-0.0004041289503220469,0.0003387832548469305,0.00017307249072473496
0.00012577242159750313,8.680341125000268e-05,-0.00043781579006463284,0.00030181944021023815,0.00014440777886193248
0.00012130149843869731,0.00010207769082626328,-0.00043154013110324735,0.0003011291846632957,0.00023226557823363686
0.0001400495966663584,6.719958037137985e-05,-0.00042015541112050414,0.0002742460637819022,0.00014337350148707628
0.00016966158000286669,0.00012781388068106023,-0.00045686707017011935,0.00030167313525453215,0.00018148998788092285
0.00012860653805546465,8.231453830376267e-05,-0.00046126855886541307,0.00025656871730461717,0.0001217515382450074
0.00013607626897282898,0.0001245357416337356,-0.000358210236299783,0.00041671845247037714,0.00028321793070063
0.00014562057913281024,0.00013757901615463195,-0.0004128907166887074,0.00036610965617001057,0.000217336681089364
0.0001481312938267365,8.092325151665135e-05,-0.0006184261874295771,0.00010980063234455884,-7.685454329475759e-05
0.0001533769245725125,8.2471888163127e-05,-0.0005415732157416642,0.00014572072541341186,3.104760253336281e-05
0.0001231179048772901,0.00012012200022581963,-0.0006714709452353418,8.368646376766263e-05,-0.0001362004259135574
0.00010844747885130346,0.00011968280159635469,-0.0005063936114311218,0.0001676621614024043,-3.811734859482385e-05
0.0001189073154819198,6.593976286239922e-05,-0.0003656413173303008,0.00033558908035047347,0.00017695885617285967
0.0001435492158634588,4.8417176003567874e-05,-0.0002882963162846863,0.00039870318141765887,0.00031217272044159467
0.00011158693087054417,6.838748231530191e-05,-0.00027784702251665294,0.0004204999713692814,0.00030675437301397324
0.000109709297248628,7.509891293011607e-05,-0.00030755921034142375,0.0004074906464666128,0.0002787202538456768
0.00011506710870889948,0.00010761171870399266,-0.0003552190319169313,0.0003385003947187215,0.0002315822639502585
0.00011481026012916118,9.832750220084564e-05,-0.00042134261457249517,0.00033296627225354314,0.00014992876094765958
0.00012374360812827945,6.568285607500002e-05,-0.0003923769108951092,0.00032546548754908144,0.00020598058472387493
0.00013385970669332894,7.473333243979141e-05,-0.0004129582666791976,0.00030866748420521617,0.0001739715808071196
0.0001606779551366344,8.937826351029798e-05,-0.000492059625685215,0.00022954237647354606,0.00011424587864894421
0.00015289415023289618,6.877173291286454e-05,-0.0004744259349536151,0.0002287108509335667,9.016810508910568e-05
0.00016440736362710595,0.00016912008868530393,-0.000364514795364812,0.0004019486950710416,0.0002964900340884924
0.00013539614155888557,0.0001595658541191369,-0.00035227296757511795,0.00043195235775783663,0.00023469446750823408
0.00017321386258117857,0.0001017337417579256,-0.0006970600807107985,8.44318128656596e-05,-0.00015080531011335552
0.00016224807768594476,9.096928260987625e-05,-0.0004347061912994832,0.00027431023772805935,0.00015381458797492087
0.0001299018913414329,6.584573566215114e-05,-0.0003774304350372404,0.00034557768958620727,0.0001891358260763809
0.00011509476462379099,6.543012568727136e-05,-0.0003579914045985788,0.00035407181712798774,0.0002034892386291176
0.00014578740228898823,0.0001014256922644563,-0.00039480676059611136,0.0003276392526458949,0.00017026164277922362
0.00013616116484627128,7.742398884147406e-05,-0.00042257271707057953,0.0002675053256098181,0.00017243099864572287
0.00012922691530548036,8.252145926235244e-05,-0.00045245618093758816,0.00027423736173659563,0.00012596866872627288
0.0001246167958015576,7.830045069567859e-05,-0.0004122659447602928,0.0003164205118082464,0.00020390130521263927
0.0001481804356444627,6.961150211282074e-05,-0.0004001455381512642,0.00031821642187424004,0.00020057529036421331
0.00014469715824816376,0.00011976900714216752,-0.00044461572542786604,0.00029884692048653966,0.00020566787861753252
0.00017313464195467532,0.0001559315714985132,-0.0005659720627591014,0.00018235087918583304,2.2738364350516352e-05
0.00017486272554378954,6.538020534208044e-05,-0.0005913976347073913,0.00011824539251392707,-1.496491677244194e-05
0.00011898689263034612,8.009662269614637e-05,-0.0004786329518537968,0.00023393085575662553,9.47523512877524e-05
0.00012714359036181122,7.586464926134795e-05,-0.00035425747046247125,0.0003479062288533897,0.0002062763087451458
0.00011351069406373425,5.457606312120333e-05,-0.00033931556390598416,0.00035257634590379894,0.00024577605654485524
0.0001271263463422656,6.550711259478702e-05,-0.0003792932257056236,0.0003400653367862105,0.0001873113214969635
0.00011766297393478452,5.289657565299422e-05,-0.000408309802878648,0.00031068449607118964,0.00015867609181441367
0.00011998506670352073,5.831136149936356e-05,-0.00045673755812458694,0.0002484448777977377,0.00010989628208335488
0.00012764458369929343,0.00010467728861840442,-0.00037282658740878105,0.0003862549492623657,0.0002402215905021876
0.0001372556871501729,8.490512846037745e-05,-0.0005666690412908792,0.00021097782882861796,4.740566964755999e-06
0.00013685949670616535,6.10685019637458e-05,-0.0005303581128828229,0.00016247142048086968,2.412675712548662e-05
0.0001518811914138496,8.135642565321177e-05,-0.0004286679904907942,0.0002971325593534857,0.0001553611509734765
0.000219164343434386,0.00013386468344833702,-0.0003463596221990884,0.0003226716653443873,0.0002086343156406656
0.00014390354044735432,8.825309487292543e-05,-0.0003277924843132496,0.0003629716811701656,0.0002352658775635064
0.00012214733578730377,6.109381502028555e-05,-0.00045773384044878185,0.00026601136778481305,0.00010362070315750316
0.00013945587852504104,7.385188655462116e-05,-0.0004565605195239186,0.0002575325488578528,8.601391891716048e-05
0.00012435669486876577,0.00011170886864420027,-0.0004167204024270177,0.0003307425940874964,0.00016295463137794286
0.00013577763456851244,0.00012087989307474344,-0.0003545116924215108,0.00041531131137162447,0.00025907071540132165
0.000146036603837274,7.777342398185283e-05,-0.0006708725122734903,9.572450653649868e-05,-8.952455391408876e-05
0.00014594545064028352,7.918165647424757e-05,-0.0005180522566661239,0.0001973011676454917,7.166148861870171e-05
0.00015795645595062524,8.85309636942111e-05,-0.0005504345754161477,0.00018449840717948973,5.425431299954653e-05
0.00011108413309557363,0.00010282231960445642,-0.00044801979674957687,0.00021930140792392194,6.604522786801681e-05
0.00014742974599357692,0.00010922588262474164,-0.0003447357739787549,0.0004193563072476536,0.0002263307833345607
0.000144069897942245,0.00011981904390268028,-1.5513000107603148e-05,0.0004296055994927883,0.00026921858079731464
0.00015433937369380146,0.00013943629164714366,-3.1587955163558945e-05,0.00041375510045327246,0.00028404296608641744
0.00016834384587127715,0.00013315663090907037,-0.00045245283399708564,0.0003475359990261495,0.0001973804901354015
0.00017834066238719967,0.00011244047345826401,-0.0004473925218917429,0.0003062958421651274,0.0001639640104258433
0.00017538975225761533,0.0001082917078747414,-0.0003998921310994774,0.0003811896312981844,0.0002269893884658813
0.0001571434113429859,0.0001297414128202945,-0.0002818239445332438,0.0004958800855092704,0.0003693424514494836
0.00014536795788444581,0.00011722826457116753,-0.0007031382992863655,6.551128899445757e-05,-0.00011974158405791968
0.00016103296366054562,9.285912528866902e-05,-0.0005171829252503811,0.00023581707500852642,7.873658614698797e-05
0.0001273622183362022,4.9395926907891414e-05,-0.0003915888664778322,0.0003115221625193953,0.0001552956528030336
0.00011673528933897614,5.783970482298172e-05,-0.0003665913536679,0.0003402674628887325,0.00019897619495168328
0.00012304015399422494,4.081930819666013e-05,-0.0003540781326591968,0.00033048237673938274,0.00023378722835332158
0.0001476583129260689,7.942935917526485e-05,-0.00038815059815533465,0.00031666591530665755,0.0001860092452261597
0.00011887514119734988,9.776425577001646e-05,-0.0004476669710129499,0.00027710161521099513,0.0001188328242278658
0.0001243322330992669,7.825624925317243e-05,-0.00047128333244472737,0.000253253965638578,0.00010752831440186128
0.00013604099513031542,5.7485325669404126e-05,-0.00048118818085640663,0.00023090117610991,7.915219612186775e-05
0.00013292570656631142,9.303195110987872e-05,-0.0003754740173462778,0.00038977901567704976,0.00022869046370033175
0.00015649468696210533,0.00010677319369278848,-0.0003871379303745925,0.00037449391675181687,0.00022787219495512545
0.0001313589746132493,6.617663166252895e-05,-0.0005004712147638202,0.0002127890766132623,4.433798312675208e-05
0.00015268541756086051,7.753245881758629e-05,-0.00047016105963848537,0.0002514697262085974,9.76319206529297e-05
0.00013721073628403246,7.149722659960389e-05,-0.00046026421478018165,0.0002563974412623793,9.715976193547249e-05
0.00015627278480678797,0.00010646333976183088,-0.00036848208401352167,0.0004126797430217266,0.00026240284205414355
0.00012841598072554916,0.00011395438923500478,-0.00034595903707668185,0.000407345243729651,0.00025810874649323523
0.00012208972475491464,8.01569694885984e-05,-0.0006082947365939617,6.886523624416441e-05,-9.894264076137917e-05
0.00011110399645986035,4.045762398163788e-05,-0.0004546859418042004,0.00025954566081054514,0.00010283857409376651
0.00012255444016773254,8.723388600628823e-05,-0.00041056337067857385,0.0003322276752442121,0.00015873988741077483
0.00011432052269810813,8.313073340104893e-05,-0.0003742016560863704,0.00033242459176108236,0.00017185085744131354
0.0001222806022269651,5.495464938576333e-05,-0.0003854948445223272,0.00031894491985440254,0.00019666511798277495
0.00011726736556738616,3.608202678151429e-05,-0.00037713232450187206,0.0002913614152930677,0.00018085160991176963
0.00012545130448415875,5.091546336188912e-05,-0.0004808658559340984,0.00021563618793152275,8.547591278329492e-05
0.00013049547851551324,0.00011338884360156953,-0.00047986840945668513,0.0002888916060328484,0.0001175762590719387
0.00013276613026391718,0.00010066526738228276,-0.0005010667955502868,0.0002711272973101586,0.00013052062422502786
0.00012080598389729856,5.4005373385734856e-05,-0.0005520635168068111,0.00016536530165467409,-1.7922246115631424e-05
0.00012441555736586452,7.281357829924673e-05,-0.0004754922119900584,0.00026783673092722893,0.00010112347808899358
0.00013085831596981734,4.869575423072092e-05,-0.0005595643888227642,0.00016617187066003683,2.6656811314751394e-05
0.0001246582105522975,5.909992614760995e-05,-0.000545098795555532,0.00017342463252134618,-3.126498995698057e-05
0.00011123828880954534,7.273709343280643e-05,-0.0003848080523312092,0.0002982057339977473,0.00015118868032004684
0.0001223784202011302,4.785805140272714e-05,-0.0003361828858032822,0.0003668342833407223,0.0002455189824104309
0.00013632749323733148,7.871296111261472e-05,-0.0003568997199181468,0.0003653628227766603,0.0002250514517072588
0.00013811625831294805,8.951924974098803e-05,-0.00037660359521396464,0.00035358272725716233,0.00022984278621152046
0.0001374283019686118,7.002444908721372e-05,-0.0003691073216032237,0.00036466307938098913,0.00024055267567746344
0.00015034932584967464,9.480812877882272e-05,-0.00034928033710457385,0.00041081104427576076,0.00025427955552004283
0.00014827745326329023,6.522316834889352e-05,-0.0005023893900215626,0.0002207465295214206,7.395015563815832e-05
0.00014462870603892952,7.851570990169421e-05,-0.0004826483491342515,0.00026606151368469,9.577831224305555e-05
0.00015645724488422275,8.778414485277608e-05,-0.0004879942862316966,0.00026768416864797473,0.00012156429875176399
0.000149929168401286,0.00011350432032486424,-0.0005878920783288777,0.00010021597699960695,-1.9208959201932885e-05
0.00012852060899604112,0.0001067225166480057,-0.0005755537422373892,0.00013221176050137726,-7.822370389476418e-05
0.0001385313953505829,9.5385687018279e-05,-0.00039114299579523504,0.00032992061460390687,0.0001653746876399964
0.00013974809553474188,5.883829362574034e-05,-0.0003433658857829869,0.00036009267205372453,0.00023770998814143243
0.00013621959078591317,7.046554674161598e-05,-0.0003344467841088772,0.00039419750100933015,0.00023958903329912573
0.00014104814908932892,8.037245424930006e-05,-0.00038002859218977386,0.0003357298846822232,0.00018728537543211127
0.0001443216169718653,6.186054088175297e-05,-0.0003735824720934034,0.00034378498094156384,0.00020346381643321365
0.00013110115833114833,6.028420830261894e-05,-0.00041404864168725913,0.00031777890399098396,0.0001779419544618577
0.0001455859164707363,0.00011361332144588232,-0.000491556478664279,0.0002758926129899919,0.00010691703937482087
0.00012807421444449576,0.00011418473877711223,-0.0005891112377867103,0.00020278886950109154,4.271447323844768e-05
0.00014172695227898655,6.165263039292769e-05,-0.0004973181057721376,0.0001935249165399,6.953506817808375e-05
0.00013801961904391646,6.266158743528649e-05,-0.00042198749724775553,0.00029190079658292234,0.0001339027367066592
0.00022213267220649868,9.525279165245593e-05,-0.0003883052850142121,0.00031726688030175865,0.00022363125754054638
0.0001602060947334394,0.00010820263560162856,-0.000439616764197126,0.00029942480614408845,0.00017652152746450156
0.00012712882016785446,8.940101542975755e-05,-0.0004939904902130365,0.00024166148796211928,8.070085459621623e-05
0.00012634614540729672,5.261309343040921e-05,-0.0005132202059030533,0.00019053660798817876,2.09391273529036e-05
0.00013786023191642016,4.0813833038555465e-05,-0.00042148405918851495,0.0002780472277663648,0.00011539921979419887
0.00012448237976059318,5.4387204727390774e-05,-0.00042167596984654665,0.0002832859172485769,0.00014319422189146283
0.00012602246715687218,6.199291965458542e-05,-0.00043134414590895176,0.0002746975515037775,0.00013337974087335172
0.0001335764827672392,7.596668729092926e-05,-0.0004390173126012087,0.0002754959277808666,0.00016545315156690776
0.00012970204988960177,8.46863113110885e-05,-0.00045373689499683684,0.0002792355662677437,0.00013126518751960248
0.00013473222497850657,7.667794125154614e-05,-0.0005279957549646497,0.0001864154764916748,2.4670795028214346e-05
0.00016345916083082557,9.362503624288364e-05,-0.00048250603140331805,0.0002696569135878235,0.00010187136649619788
0.00015777378575876355,7.653273496543989e-05,-0.000399814365664497,0.0003063681651838124,0.0001403789647156373
0.00016370053344871852,7.727856427663937e-05,-0.00046112411655485635,0.0002521278511267156,8.912333578336984e-05
0.00012814896763302386,6.886250048410146e-05,-0.0004685775202233344,0.0002527495089452713,8.690197137184441e-05
0.00012883110321126878,6.929950177436696e-05,-0.0004837567976210266,0.00024258975463453683,0.00010784759797388688
0.00014676705177407712,7.534792530350387e-05,-0.0004567646246869117,0.00027142948238179093,0.00015566044021397832
0.00013403095363173634,7.29771563783288e-05,-0.0004761027521453798,0.00026653724489733577,0.00012674371828325093
0.00014873516920488328,6.72991736792028e-05,-0.0004998804652132094,0.00020623962336685508,8.041972614591941e-05
0.0001571902976138517,9.58177406573668e-05,-0.00047471449943259364,0.0002759672934189439,9.506294009042904e-05
0.00013748861965723336,8.735847950447351e-05,-0.00044185717706568534,0.0002564512542448938,0.00010244191071251407
0.00014071291661821306,9.289651643484832e-05,-0.0004744522157125175,0.00028414838016033167,9.532551484880968e-05
0.00014590850332751867,9.570013207849116e-05,-0.00047614655341021717,0.00024721797672100365,0.00011488031304907054
0.0001537929056212306,8.720340701984242e-05,-0.0005090382182970643,0.0002452802436891943,9.446228068554774e-05
0.0001466881949454546,7.592180918436496e-05,-0.000498919456731528,0.0002361532679060474,9.672417218098416e-05
0.00015055151015985757,6.0578007833100855e-05,-0.0004857912135776132,0.00023482268443331117,8.307149255415425e-05
0.00015698400966357442,6.462875171564521e-05,-0.00046584155643358827,0.00024394696811214092,0.00011012008326360957
0.0001549585722386837,0.0001313181419391185,-0.0003934418491553515,0.0004063319065608084,0.00024004411534406245
0.00013974314788356423,0.0001190014518215321,-0.0004254617088008672,0.00035012414446100587,0.00018112275574821982
0.0001647786411922425,3.792950155911967e-05,-0.0004951408482156693,0.00020003430836368352,3.0453989893430847e-05
0.00013035064330324528,6.358994141919538e-05,-0.0003768702445086092,0.000364347331924364,0.00020460695668589324
0.00015933832037262619,0.00010393645061412826,-0.0003752167394850403,0.0003639458445832133,0.00021263642702251675
0.00012100569438189268,6.70907975290902e-05,-0.0003617831971496344,0.00036067154724150896,0.00018321331299375745
0.0001339572627330199,9.563400089973584e-05,-0.0003926419303752482,0.0003422514128033072,0.0001947860000655055
0.0001297251001233235,4.749586514662951e-05,-0.0004642631683964281,0.0002624325861688704,9.352492634207009e-05
0.00013436783046927306,7.014386937953532e-05,-0.0004848055250477046,0.0002209329686593264,0.0001512028684373945
0.0001551657187519595,0.00011295516014797612,-0.00047824051580391824,0.00028904926148243254,0.00014919074601493776
0.00011955855006817727,7.726386684225872e-05,-0.0004995345952920616,0.00024730790755711496,7.581980753457174e-05
0.00014145740715321153,3.2883941457839676e-05,-0.00046036235289648175,0.000237081476370804,0.000109550885099452
0.0001470828428864479,7.218036625999957e-05,-0.0004542772076092661,0.0002528896438889205,9.226900147041306e-05
0.00017495009524282068,0.00010328073403798045,-0.00042207996011711657,0.00027475578826852143,0.00018498924328014252
0.00018065597396343944,0.00011276676377747207,-0.0004443400539457798,0.00027522171149030333,0.0001255467941518873
0.00013988828868605196,6.514981214422733e-05,-0.0004308022907935083,0.0002580404106993228,0.00013596397184301168
0.00013126085104886442,0.0001003402503556572,-0.00046501788892783225,0.0003153229772578925,0.00019325806351844219
0.0001311513187829405,0.00018634015577845275,-0.00043111928971484303,0.0004197889065835625,0.00019089263514615595
0.00015190454723779112,2.8795126127079133e-05,-0.0005483787390403451,0.00013790254888590425,-1.0032444151875096e-05
0.0001742791646393016,6.755787035217509e-05,-0.0004871628480032086,0.00022132549202069637,0.00010625501454342155
0.00015521889145020396,0.00010121025843545793,-0.0004892772994935513,0.0002792077721096575,0.00014999035920482132
9.943603072315454e-05,9.056643648364116e-06,-0.0006795239169150591,5.303827492753044e-06,-0.00017896218923851848
0.00019366753986105326,2.40032186411554e-05,-0.0005031994078308344,0.00016382554895244541,6.986739754211159e-05
0.0001333297259407118,9.855689859250559e-05,-0.0004437119059730321,0.0003249964793212712,0.0001794601266738027
0.00018473173258826137,0.00011911723413504659,-0.0003093135601375252,0.0004215820226818323,0.00031022762414067984
0.00016189443704206496,0.00013905353262089193,-0.0003008877392858267,0.0004504421085584909,0.00035202701110392814
0.00016154226614162326,0.00017190373910125345,-0.00031310340273194015,0.0004928444395773113,0.00033890147460624576
0.00019521413196343929,0.00014206921332515776,-0.0003274025802966207,0.00046569711412303155,0.00035024742828682065
0.00017323778592981398,9.064489859156309e-05,-0.000531800149474293,0.00013581640087068078,3.871363333018962e-06
0.00017991411732509732,9.577381570125e-05,-0.0005016096401959658,0.00023779149341862651,0.00011877610086230558
0.00015110384265426546,7.414256106130779e-05,-0.0004980341182090342,0.000236571955610998,7.905602979008108e-05
0.00019334098033141345,-1.6994230463751592e-05,-0.00045630487147718673,0.00020789999689441172,0.00019417234580032527
0.0001891600841190666,0.00010199155076406896,-0.0003967832599300891,0.0003740761894732713,0.0002794510801322758
0.0001397743180859834,0.00014338399341795594,-0.000360220845323056,0.0004067128757014871,0.00025703490246087307
0.0001805063511710614,0.00015051623631734398,-0.0003659159992821514,0.0004181017575319856,0.00033188142697326834
0.0001538684737170115,0.00020629040955100209,-0.0004140348173677921,0.00040943370549939573,0.00021565839415416121
0.00014803056546952575,0.00011473929043859243,-0.0004345556080807,0.0003438198182266205,0.0002195648557972163
0.00014782404468860477,9.359770774608478e-05,-0.00046113471034914255,0.0002758383343461901,0.0001546108687762171
0.00019079896446783096,9.377121023135258e-05,-0.0004593507037498057,0.00025814620312303305,0.00016605363634880632
0.00017928917077369988,0.00019686625455506146,-0.00046099280007183557,0.0003780843981076032,0.0002200463059125468
0.0001786549692042172,4.851427365792915e-05,-0.00046110936091281474,0.00026590030756779015,0.00014120116247795522
0.00018001698481384662,5.419721492216922e-05,-0.00047028451808728283,0.0002234273852081969,0.0001357953588012606
0.00014704074419569224,7.669159822398798e-05,-0.00036173046100884676,0.00026816505123861134,0.0001366666256217286
0.00026919241645373404,-9.984084317693488e-05,-0.00032482590177096426,0.0002046835288638249,0.0002430443419143557
0.0002722234057728201,-4.577891013468616e-05,-0.0003800119447987527,0.00022332940716296434,0.00020562591089401397
0.00023303246416617182,-1.8743978671409425e-06,-0.00037151094875298435,0.00024674224550835794,0.00023085156863089648
0.00016491838323418048,8.896460349205881e-05,-0.0004328153736423701,0.0002781768853310496,0.00016990221047308296
0.00010275631939293815,0.00014649645891040564,-0.00047655715025030077,0.00030732530285604304,0.0001382319169351831
0.00013141967065166682,0.0003024011093657464,-0.0005542583530768752,0.0003588469990063459,0.00013749850040767342
0.00020423321984708312,0.00019095648895017805,-0.0004498889611568302,0.00034432814572937787,0.0001682000292930752
0.00042541787843219936,-5.331618012860418e-05,-0.0006115519208833575,-4.711537621915341e-05,7.89367186371237e-05
0.00033704089582897723,5.849472654517739e-05,-0.0004758256254717708,0.00024918865528889,0.00015922974853310734
0.00021176674636080858,8.92469470272772e-05,-0.0003926855861209333,0.0003673662431538105,0.00020033170585520568
0.00011253603588556872,0.00024285407562274489,-0.0003903486067429185,0.0003902428725268692,0.00021943317551631483
0.00023496373614761978,0.0002476125373505056,-0.00022585429542232305,0.00041238259291276336,0.00035191266215406364
0.00039449185715056956,-5.008414518670179e-05,-0.00015411557978950438,0.0003627922269515693,0.0004595319624058902
0.00037087633972987527,0.00017428126011509448,-0.0008399917860515416,2.416684765194077e-05,-0.0001886100362753496
0.00020347806275822225,0.00021198489412199706,-0.0005005645798519254,0.00029754271963611245,0.00023729019449092445
0.0003199569473508745,0.00018415889644529668,-0.0002304460649611428,0.00041456776671111584,0.00047863167128525685
0.00026876627816818655,7.091866427799688e-05,-0.00019808769866358492,0.0004532756574917585,0.00046012442908249806
0.00031222624238580465,6.87998253852129e-05,-0.0002477770613040775,0.0004516259941738099,0.00044186832383275027
0.0003372311766725033,0.00012695128680206835,-0.0005704797222279012,6.093201227486134e-05,0.00010137031495105477
0.00028062626370228827,0.00016392163524869832,-0.0005444349371828139,0.00026331341359764343,0.00011968713806709275
0.00018975234706886115,0.00016909625264815986,-0.00035067193675786257,0.0003265604609623552,0.000180783579708077
0.00033014322980307037,0.00013703606964554638,-0.000380323501303792,0.00024320707598235455,0.00024691628641448915
0.000268187519395724,0.00015404346049763262,-0.00042574855615384877,0.0003626486868597567,0.00021416651725303384
8.677392179379241e-05,0.00015393330249935389,-0.00036223771166987717,0.0004254530358593911,0.00020611453510355204
2.306315400346648e-05,0.0003500185848679393,-0.00039817139622755354,0.0005423891707323493,0.00019903118663933128
0.00013266997120808807,0.00033443418215028936,-0.00034580618375912314,0.0005530714988708496,0.00031752517679706216
0.0002887747250497341,5.520647027879022e-05,-0.0005074402433820069,1.568373954796698e-05,-2.258138556499034e-05
0.0002531629579607397,0.00013104540994390845,-0.0005241514299996197,0.0002495139779057354,7.644922152394429e-05
0.00029238732531666756,6.86219282215461e-05,-0.00034408937790431077,0.00029821350472047925,0.000233937258599326
0.0003688773431349545,0.00015444059681612998,-0.0006858916021883488,5.0842161726905026e-05,6.511162791866809e-05
0.0001667402248131111,0.00015351919864770025,-0.0004947444540448487,0.0002712139976210892,0.00014772213762626052
6.668676360277459e-05,0.00020250574743840843,-0.00037603534292429686,0.0004632652271538973,0.00020731822587549686
-1.1529862604220398e-05,0.0002490656916052103,-0.0003573996655177325,0.00047366740182042116,0.0002187394129578024
5.137320113135502e-05,0.00027882444555871194,-0.000407444778829813,0.00047344670747406775,0.00030850779148750007
5.665340722771362e-05,0.00024965222110040486,-0.0004560243978630752,0.00041335873538628215,0.0001847111998358741
0.0001349243539152667,0.00021996066789142787,-0.0004871284472756088,0.00037869098014198244,0.00021055723482277244
0.00017611522343941033,0.000328155787428841,-0.00024601301993243396,0.0005698191234841943,0.00043377999099902814
0.000250939279794693,-7.76417728047818e-05,-0.00020182091975584623,0.0003662195522338152,0.0002531337959226221
0.00031284146825782955,-0.00010894126171479002,-0.00031501738703809684,7.56902081775479e-05,0.0001204755826620385
0.0002805047552101314,-4.427319436217658e-05,-0.00046133570140227675,0.00013548981223721057,0.0001796915748855099
0.00026899148360826075,5.660250099026598e-05,-0.0006354607758112253,-9.554163989378141e-05,-0.00012056923151249065
0.000269250973360613,0.00014821681543253362,-0.0005496412632055581,0.00020392992882989347,-1.0563978321442846e-05
0.00011966913734795524,0.0001885148813016713,-0.00042381935054436326,0.00043206900591030717,0.00020271018729545176
6.850076897535472e-05,0.00018588079547043892,-0.0003455487021710724,0.0004875159938819706,0.00026361315394751733
7.035935414023697e-05,0.00020488820155151188,-0.0003376108652446419,0.00051054114010185,0.0004003554058726877
9.837420657277109e-05,0.00043230614392086864,-0.0004443419456947595,0.00045213330304250116,0.0002101300051435828
0.00018170286784879863,0.0004567710566334426,-0.00022816340788267553,0.0004500067152548581,0.00028799814754165714
0.00022973213344812399,-0.00010022541391663252,-0.0001675546518526971,0.00036085056490264833,0.000305137102259323
0.0001617464586161077,2.8712736821034923e-05,-0.00027930457144975657,0.00032505640410818165,0.0002214563573943451
0.00017358409240841866,0.00013375363778322938,-0.0004412521375343204,0.0002802209928631782,0.0001555862691020593
0.00014721819024998697,0.00018566852668300268,-0.0005058945389464498,0.00028390978695824737,0.00013144713011570275
0.000196032109670341,0.00027164164930582047,-0.0003615424211602658,0.000445318641141057,0.0003786589368246496
0.00022699557302985343,2.3784839868312698e-05,-0.00030794792110100383,0.0003610261483117938,0.00023272776161320508
0.0002875954960472882,5.676188266079407e-06,-0.0004921595682390034,0.00016465905355289578,0.00013921722711529585
0.00022004966740496454,0.000150802472489886,-0.0003192121221218258,0.00035357970045879483,0.00020757157471962276
0.00023826590040698647,-2.9510658350773162e-05,-0.00026620863354764884,0.0003393119259271771,0.0003063006151933223
0.000259824562817812,4.467124381335452e-05,-0.0005416409112513065,0.00017367453256156296,6.02006730332505e-05
0.00017996599490288645,0.0001467496040277183,-0.00046086215297691524,0.0003367841709405184,0.00013799799489788708
0.00018868400366045532,9.318186494056137e-05,-0.00024758611107245093,0.0004714406095445156,0.0003544384671840817
0.00022009259555488822,3.448204734013416e-05,-0.0002557712141424417,0.0003886437334585935,0.0003114899736829102
0.0001868619438027963,0.0001902672811411321,-0.0007509169518016279,7.033663132460789e-05,-0.00019933002477046102
0.00014589264173991978,0.00022255205840338022,-0.0005395073094405234,0.0003041321178898216,0.00013382190081756562
0.00012962109758518636,0.0003249556466471404,-0.0003887496422976256,0.0005298745818436147,0.0004057209880556911
0.00027723301900550723,0.00015465858450625092,-0.0003756688092835248,0.00044648750917986035,0.00038439693162217736
0.00031671131728217006,7.455420563928783e-05,-0.0005024309502914548,0.0002249600802315399,4.978663127985783e-05
0.00018530315719544888,9.975908324122428e-05,-0.00039160385495051736,0.00035298470174893737,0.00025648690643720334
0.00015618222823832184,0.00015187615645118058,-0.00027975020930171013,0.00046941393520683045,0.0003086862270720303
0.00013986084377393124,0.00011723015632014722,-0.00018914975225925448,0.0005403016693890095,0.0005292029236443341
0.0001843175123212859,6.125205982243642e-05,-0.0001361766189802438,0.0005407762946560979,0.000456301582744345
0.00024307920830324287,0.00010799244773807004,-0.0005264367209747434,0.00010629137250361964,5.709524339181371e-05
0.00023979839170351627,0.00020612143271137032,-0.0005651832325384022,0.00026242685271427035,0.00020020933880005032
0.00026761365006677806,6.900402513565496e-05,-0.00047697502304799855,0.00019941087521146986,0.00012151293049100786
0.0002859208325389773,7.68230456742458e-05,-0.0005646554054692388,0.0001051359431585297,7.416491280309856e-05
0.0002998393028974533,0.00017263037443626672,-0.0005865772254765034,0.00024531755479983985,0.0001317416172241792
9.559915633872153e-05,0.00017129241314250976,-0.00046474282862618566,0.0003790814080275595,0.0002260625769849866
6.670233415206894e-05,0.00014744853251613677,-0.00040270399767905474,0.00040507662924937904,0.00018247104890178892
0.00010290534555679189,0.0002479828253854066,-0.00039173851837404067,0.0004965373082086444,0.00037115812301635737
0.00013717511319555342,0.0002889117749873549,-0.0004147866275161505,0.0004646463203243911,0.0002897153608500957
0.00014225105405785143,0.000232273232541047,-9.240329382009803e-05,0.0005843064282089473,0.0004865436931140722
0.00019806849013548344,3.919482696801424e-05,-0.00015835427620913833,0.0003955916326958686,0.00045768928248435264
0.00022186293790582567,7.407410885207355e-05,-0.0006934797274880111,4.2803330870810896e-05,-0.00016799742297735063
0.0002848445146810264,8.414830517722294e-06,-0.00043395857210271066,0.00021751323947682977,0.0001133526602643542
0.00022922374773770565,4.4659504055744044e-05,-0.00034826091723516583,0.0003511109680403024,0.00026678454014472663
0.00014868781727273014,0.00011682736658258364,-0.0003205991524737329,0.00044162283302284777,0.0003188885748386383
0.00015205984527710825,0.00014081900008022782,-0.00032867694972082967,0.0004287410120014101,0.00033191466354765
0.00018708436982706192,0.0001709430944174528,-0.0004040732455905527,0.00037317696842364967,0.0003343924472574145
0.0002714360598474741,0.0003025526239071041,-0.00043755993829108775,0.0004925059620290995,0.0004380363097880036
0.00016681246052030474,0.00017445308913011104,-0.000415430054999888,0.0004058131598867476,0.0002472107007633895
0.00019735084788408133,0.00011931592598557474,-0.0004382032493595034,0.0003017194394487888,0.0002067839232040569
0.0002008469018619508,0.00011333150905556975,-0.00042908344767056406,0.00029770730179734533,0.00021552135876845568
0.00014020450180396438,8.093281212495641e-05,-0.0003692219324875623,0.00035506210406310856,0.0003094452258665114
0.00029913484468124807,3.292198380222544e-05,-0.0003876483242493123,0.0003591308486647904,0.0002807081036735326
0.00028732494683936233,2.742550714174285e-05,-0.0006383704603649676,6.487962673418224e-05,-0.00010895368177443744
0.00019885276560671628,0.0001553627225803211,-0.0004344427143223584,0.0003665626572910696,0.00016944158414844424
0.00019318441627547145,0.00011734540748875588,-0.00032925198320299387,0.0004300044965930283,0.0003685395931825042
0.00023122564016375688,9.883572056423873e-05,-0.000259910972090438,0.0004769188235513866,0.0003616751346271485
0.00020983631839044392,3.2808984542498365e-05,-0.0004043621593154967,0.00025414879200980067,0.0001069569552782923
0.000259060732787475,0.0001334205735474825,-0.0006719044758938253,4.627463931683451e-05,-9.135004074778408e-05
0.00022911372070666405,0.00018099203589372337,-0.000500147754792124,0.00030426812008954585,0.0001220779085997492
0.00023418069758918134,0.0001606639998499304,-0.00033561710733920336,0.00035088218282908196,0.00029799144249409437
0.0002471239713486284,3.646917684818618e-05,-0.0003226261178497225,0.0003506244975142181,0.00030902665457688267
0.00012434145901352167,0.00014544605801347643,-0.0003636399342212826,0.0004089158901479095,0.0002500520786270499
0.00012999078899156302,0.00016962330846581608,-0.00041689130011945963,0.0003961315378546715,0.00022422862821258605
0.00011844989057863133,0.00017621557344682517,-0.00047334784176200634,0.0003567687817849219,0.00021883792942389849
0.00013419913011603057,0.0002454158966429532,-0.0005514905788004398,0.0003421010624151677,0.00016964087262749672
0.0002059426187770441,0.00019742864242289213,-0.000512444123160094,0.0002979544806294143,0.0002096259268000722
0.00019663205603137607,0.0002380124060437083,-0.0004053578886669129,0.0003867463965434581,0.00025809381622821087
0.0002112160582328215,-4.8375341066275715e-06,-0.0003478744765743613,0.00028067611856386065,0.00018356266082264486
0.000209129459108226,9.390208288095893e-05,-0.0003418473352212459,0.00027030421188101167,0.00015692338638473302
0.00019664157298393548,-6.4662002841942e-05,-0.0003383461153134704,0.00022406702919397506,0.00018878495029639453
0.00016857350419741124,0.0001267534971702844,-0.00045463669812306756,0.0002599800063762814,0.00016277434770017862
0.00013435035361908376,0.00016905930533539504,-0.0005314293084666133,0.0002639092272147537,0.000104678409115877
0.000177717229234986,0.00024666529498063033,-0.0005369000136852263,0.00033670975244604046,0.00015987899678293616
0.0001712468365440145,0.00021110476518515495,-0.0003684193070512265,0.0003849474305752665,0.00022122666996438056
0.00028094954905100167,-8.833559695631266e-05,-0.00040423002792522317,0.00011779523629229517,8.87401620275341e-05
0.0002470012695994228,2.0316925656516105e-05,-0.00045504758600145584,0.0002044239372480661,0.00014319136971607804
0.00021308839495759455,7.109637226676568e-05,-0.0004895831807516514,0.00018010908388532698,8.07375690783374e-05
0.00013971053704153746,0.00012668618001043797,-0.000499398447573185,0.00029382327920757234,0.00013516619219444692
0.00014642582391388714,0.0001887416437966749,-0.0004953526658937335,0.0003452357777860016,0.0001249733904842287
0.00016952147416304794,0.0002608401991892606,-0.00047678372357040644,0.0003525508800521493,0.00022252384223975238
0.0001726978225633502,0.000192582665476948,-0.0004935163306072353,0.00032753706909716135,0.00011864081170642748
0.00014776556054130197,0.00015637882461305708,-0.0005271754343993962,0.0002677166776265949,0.00013973817112855613
0.00019796846027020365,0.00024074413522612303,-0.00044215758680365974,0.000344802625477314,0.00022539182100445035
0.00020560286066029218,-1.4022313735040369e-05,-0.00037710621836595237,0.00022942101350054145,0.00012490767403505745
0.00021305633708834648,4.114363400731236e-05,-0.00045888137537986035,0.0002265799266751856,0.00010198708332609384
0.00019122158118989319,0.00013462752394843847,-0.00045470290933735663,0.0003078394802287221,0.00017120603297371417
0.00017551252676639706,5.0444181397324435e-05,-0.0003755171492230147,0.00027322093956172466,0.00022854460985399785
0.00023077602963894608,0.00010356549319112672,-0.00034477640292607253,0.00032533623743802314,0.00022858116426505146
0.0002912075724452734,4.13265370298177e-05,-0.00042071958887390787,0.00018546140927355734,0.00015816728409845382
0.00017281351028941572,0.00015946992789395154,-0.0005337271722964941,0.0002853091573342681,0.00014102619024924934
0.00011097284004790708,0.00020340384799055758,-0.0004956438206136227,0.0003378084511496127,0.00013489500270225108
0.00010762611054815352,0.0001682523579802364,-0.0005148366908542812,0.0003153523721266538,0.00020184414461255076
0.00014837905473541468,0.00024820183170959353,-0.0005590397631749512,0.00028688166639767587,0.00010806463251356037
0.00017681856115814296,0.0003263652615714818,-0.0005759135819971561,0.0003227652923669666,6.547974044224247e-05
0.00021367726731114092,0.0002817848580889404,-0.00033363615511916583,0.00034842322929762304,0.00025813866523094475
0.00022381880262400958,-0.00012547176447696984,-0.0002964477171190083,0.00021411410125438124,0.0001715205580694601
0.00019149377476423982,6.970886170165613e-05,-0.00038754497654736037,0.00026410477585159237,0.00013767019845545292
0.0001472873700549826,0.00011608876229729505,-0.00046305317664518947,0.00026725989300757647,0.00010350860247854145
0.00018983201880473646,0.00022883870406076315,-0.0005582944140769541,0.00029963118140585715,9.850555943557993e-05
0.0002290473785251379,0.00020755911828018722,-0.0004987080465070903,0.0003122011839877814,0.00017774752632249147
0.00015092476678546518,0.00012279130169190466,-0.0004558829823508858,0.0003280546807218343,0.00017205865879077464
0.0002836478233803064,5.338728442438878e-05,-0.00026182524743489916,0.0003543146012816578,0.0002623566542752087
0.00033922656439244747,-6.685720290988684e-05,-0.0004829114186577499,-1.9106919353362173e-05,-6.534480780828744e-05
0.0002745962119661272,7.508011185564102e-05,-0.00041337954462505877,0.0002988262567669153,0.00021027230832260105
0.00011941786942770703,0.00014879228547215462,-0.0004198710958007723,0.0003711491590365768,0.0002289070253027603
9.876997501123697e-05,0.0002195715787820518,-0.00044699726277031004,0.0004092415911145508,0.00020042106916662306
0.00010703627776820213,0.00021443898731376976,-0.0005189664079807699,0.0003405743045732379,0.00011764081136789173
0.0002440412645228207,0.00036278477637097234,-0.0005956824752502142,0.0003323391720186919,0.00014829036081209781
0.00016376316489186138,0.00023959128884598613,-0.0003313678316771984,0.0003401526773814112,0.00025745155289769167
0.00019381417951080948,2.412499270576518e-05,-0.00029025599360466003,0.00027086876798421144,0.00019769468053709718
0.00021228025434538722,0.00013279120321385562,-0.00046910921810194855,0.0002626350033096969,0.00019637338118627667
0.0001533559407107532,0.00016905147640500218,-0.0005489158211275934,0.0002657119184732437,8.277891902253032e-05
0.00021729787113144994,0.00032998344977386296,-0.0005869878805242479,0.00027578219305723906,9.946015779860319e-05
0.00024479045532643795,0.000265626615146175,-0.0003163626533932984,0.00025840304442681367,0.00022187083959579468
0.0001908309932332486,-0.00010389489034423603,5.628280632663518e-05,0.00042279617628082633,0.0004508112324401736
0.0003404678427614272,-3.8197951653273776e-05,-9.311491157859564e-05,0.00015028291090857238,0.00021735057816840708
0.0002590039803180844,9.492730168858543e-05,-0.0005436791689135134,0.0002327216789126396,0.0001083104289136827
0.00018004528828896582,0.0001844331418396905,-0.0004870656412094832,0.00034066889202222233,0.00019850257376674563
0.0002055478107649833,0.00021089932124596092,-0.0005205897032283248,0.0003591160348150879,0.00018857607210520652
0.0002550937351770699,0.0002139443677151576,-0.0005123911541886628,0.0003229231806471944,0.00019314532983116808
0.0002373816387262196,0.00016581889940425754,-0.000525537587236613,0.0002751295396592468,0.00015609040565323085
0.0002483509306330234,0.00019748357590287924,-0.0005452511250041425,0.0002559330023359508,0.00010650610056472942
0.00031413792748935515,0.00029057564097456634,-0.0006413150695152581,0.00023933267220854762,8.960199193097651e-05
0.000266393122728914,0.00015960450400598347,-0.0005356775945983827,0.00022942772193346173,0.00014928948075976223
0.0001970561424968764,0.00014882189861964434,-0.0004832810373045504,0.00023607384355273095,9.875348769128324e-05
0.0002246121730422601,0.00019297616381663832,-0.0003793701180256903,0.00039077663677744573,0.0003119849425274879
0.00018167468078900126,0.00011998853005934507,1.1391942280170042e-05,0.0005053787608630955,0.0004657658573705703
0.00023606560716871167,-4.250222264090553e-05,-0.00020616326946765184,0.00013824179768562317,0.00015439312846865502
0.00020242099708411843,0.00014204432955011723,-0.0004552112950477749,0.00029465247644111514,0.00011874856863869353
0.00029250510851852596,3.026450940524228e-05,-1.2260165021871215e-05,0.00043210649164393533,0.00041671970393508673
0.00038023083470761776,-0.00015968907973729074,-3.407381518627517e-05,0.0004165340214967728,0.00046129696420393884
0.00027891231002286077,0.00012097132275812329,-0.0007104366668500006,7.619446841999887e-05,-7.254677620949224e-05
0.00014285733050201088,0.00019551989680621773,-0.0005380866350606084,0.00028835044940933585,8.220058225560932e-05
0.00013155376655049622,0.00022754901146981865,-0.0004858298052567989,0.00036469142651185393,0.0001675815146882087
0.00017699721502140164,0.00020168654737062752,-0.0004952694871462882,0.0003421624132897705,0.0001517296041129157
0.0002444602723699063,0.00017519503307994455,-0.00048803689423948526,0.00032479953370057046,0.00020941783441230652
0.0002824341645464301,0.00034013940603472287,-0.0005315642920322716,0.00029616328538395464,0.00010759230644907801
0.0002447752340231091,0.00024382126866839823,-0.00040147278923541313,0.00027923050220124424,0.00019959555356763303
0.0002813548198901117,-5.693990715371911e-06,-0.00035238557029515505,0.0002712294808588922,0.0003009630891028792
0.00022934767184779048,0.00010465706873219459,-0.0004169921448919922,0.000250769779086113,0.00020913987827952948
0.00029785570222884417,0.00016278287512250245,-0.0002756197936832905,0.0004042138461954892,0.000271453958703205
0.00022968264238443223,-0.00010161410318687558,-0.000207294782740064,0.00024261890212073922,0.00028968346305191517
0.00028471986297518015,8.77159764058888e-05,-0.0003448153147473932,0.00023422490630764517,0.00023466469428967685
0.0002135776012437418,0.00015042991435620934,-0.0004876771126873791,0.00028956268215551967,0.00012840196723118422
0.00021842485875822604,0.00021944052423350516,-0.000548593932762742,0.00028133756131865084,8.793860615696758e-05
0.00029548228485509753,0.00021237495820969343,-0.0005838907090947032,0.00023926288122311234,0.0001340667949989438
0.00028220319654792547,0.00027400918770581484,-0.00062405044445768,0.0002486947050783783,2.1058876882307228e-05
0.0002490640035830438,0.00021039383136667308,-0.00048672698903828865,0.00026756402803584933,0.00015604219515807927
0.0002455064095556736,0.00010333163663744925,-0.00026249338407069445,0.0003399126580916345,0.000324518681736663
0.0003860688302665949,-0.00015789363533258438,-0.00023667344066780058,0.0002678456366993487,0.00037319058901630337
0.0003279714146628976,4.2306604882469394e-05,-0.00031376522383652633,0.0002260772598674521,0.0002028347371378913
0.00020224929903633893,0.00020652041712310162,-0.0005185333429835738,0.00028199379448778933,0.00011602299491642043
0.0002265419170726091,0.00024224047956522554,-0.00022576423361897466,0.00037308374885469675,0.00032349841785617173
0.0003735946957021952,-0.000157963004312478,-0.00010133834439329803,0.00034875990240834653,0.0004020882479380816
0.00034836988197639585,2.251069054182153e-05,-0.0004213751817587763,0.00013298550038598478,0.0001757412974257022
0.00021394410578068346,0.00016254889487754554,-0.0005220028106123209,0.0002702244964893908,8.054507634369655e-05
0.00025735594681464136,4.2797626520041376e-05,-0.00040467374492436653,0.000259563559666276,0.00021499935246538368
0.00024672108702361584,0.0001482687221141532,-0.00042032479541376233,0.0002845503913704306,0.00018099269072990865
0.00019512983271852136,0.00017435230256523934,-0.0005131877260282637,0.0002763107186183333,0.0001354539563180879
0.00020605685131158682,0.00021521569578908384,-0.0006010500947013497,0.00025364264729432756,0.00013036394375376403
0.00024395388027187442,0.00031503161881119013,-0.0005381263326853514,0.0002373827446717769,0.00013460862101055682
0.00023698521545156842,6.687592394882813e-05,-0.000476907764095813,0.00021686276886612174,9.286247950512916e-05
0.00030302352388389414,0.00013560772640630603,-0.00044880472705699503,0.00028648204170167446,0.0002057090459857136
0.00025300850393250585,5.4846317652845755e-05,-0.00018646921671461317,0.00034206287818960845,0.00030133815016597515
0.0003735785430762917,-6.220745126483962e-05,-0.0002726031234487891,0.00022858612646814438,0.0003102524788118899
0.00032252870732918376,8.798870112514123e-05,-0.000431174092227593,0.0002685818762984127,0.00024746765848249197
0.00020206181216053665,0.00022924336371943355,-0.0005479935207404196,0.0002950109774246812,0.00016664800932630897
0.00014196358097251505,0.0002489378093741834,-0.0006015034741722047,0.00028339834534563124,5.138684355188161e-05
0.00023687386419624093,0.0003809240879490972,-0.0006470481166616082,0.00035927927820011973,0.00015878253907430914
0.00024094231775961816,0.000279815896647051,-0.0002989592030644417,0.00036194507265463466,0.00036051173810847104
0.0002765700628515333,-4.076417098985985e-05,-0.0002592264791019261,0.00020267693616915494,0.0002911959891207516
0.00021766824647784236,0.00011012650793418288,-0.00046738018863834435,0.00024147403019014746,9.422490984434262e-05
0.00023043257533572611,0.00021490563813131303,-0.0005420289817266166,0.00029700022423639894,0.00010458892211318016
0.00029657533741556113,0.00026323215570300823,-0.0005649544182233512,0.0002855569764506072,0.0002140174328815192
0.0002793075691442937,0.00011918860400328413,-0.0004798176232725382,0.0002745807869359851,0.00016957359912339598
0.0002842262329068035,0.00014916760846972466,-0.0004894477315247059,0.00024467342882417137,0.00014992502110544592
0.00025897551677189773,0.00014064909191802144,-0.00010347509669372812,0.00034814077662304044,0.0003299917443655431
0.0003687308344524354,-0.00020554686489049343,-6.256646884139626e-05,0.0002495629305485636,0.0003575556038413197
0.00028641548124141986,5.387320925365202e-05,-0.00041387428063899284,0.00021344808919820932,0.00021795660723000765
0.00018004070443566886,0.00019861996406689286,-0.0005308000836521387,0.00032474915497004986,0.00011913861089851709
0.00026079145027324563,0.0002533656661398709,-0.0005564659950323403,0.00030846564914099867,0.00015785553841851652
0.0002760057686828077,0.0003752635966520757,-0.0004868167161475867,0.0003235711483284831,0.00025636714417487383
0.000238139255088754,0.00011643394100246954,-0.00038959752419032156,0.00032821021159179514,0.00021495719556696716
0.0002741086354944855,0.00012204202357679604,-0.00043449920485727484,0.0002447781735099852,0.00020297232549637561
0.00027843101997859776,0.0002010543830692768,-0.0005500402767211199,0.00026294321287423367,0.00010677299724193291
0.00024646459496580064,0.00015349927707575262,-0.0004999329685233533,0.000278619205346331,0.00019151257583871484
0.0002523147559259087,7.471607386833057e-05,-0.0004615002835635097,0.00024292188754770902,0.00016541399236302826
0.00023638556012883785,4.3562842620303854e-05,-0.0002781228977255523,0.0003678682551253587,0.0003851836663670838
0.00025654409546405077,-4.632954733096994e-05,-0.0002970134373754263,0.00022238548262976107,0.0002638732548803091
0.00024325295817106957,0.00011943412391701712,-0.0005095152300782502,0.000248343450948596,0.00011472585174487902
0.00021684917737729847,0.0001807791704777628,-0.0005432697362266481,0.0002969277265947312,0.00014227711653802544
0.0002611496311146766,0.0002761768409982324,-0.0005643988843075932,0.0002956018433906138,0.00012570673425216228
0.00029670176445506513,0.00023117368982639164,-0.0005383559036999941,0.0002925802837125957,0.00017140312411356717
0.00026425570831634104,0.00014939012180548159,-0.0005091879866085948,0.000280161970295012,0.00018553475092630836
0.00022051586711313576,0.00010657776874722913,-7.147988799260929e-05,0.0003989826946053654,0.0004144766426179558
0.00021681263751816005,-4.6848654164932675e-05,-0.0001767648063832894,0.00021773965272586798,0.0002551401557866484
0.000288982322672382,7.55834989831783e-05,-0.0004735819529742002,0.00020968289754819122,0.0001613117347005755
0.00023905491980258373,0.00019848770170938226,-0.0005644367192871869,0.0002643521293066442,0.00011074117355747148
0.00022643910779152066,0.00010914538870565592,-0.00044316414278000593,0.00030330003937706346,0.0001900879287859425
0.0002619438455440104,7.30605170247145e-05,-0.0004256297543179244,0.0002769797865767032,0.00016937720647547394
0.00024548955843783915,0.00011807378177763894,-0.00045062016579322517,0.00025340079446323216,0.00015446016914211214
0.0002653425326570868,0.00015035076648928225,-0.0005279719480313362,0.0002471878251526505,0.00013367971405386925
0.00023663093452341852,0.0001390968100167811,-0.0005676467553712428,0.00024179113097488883,0.00013473760918714106
0.00028252307674847543,0.00015932306996546686,-0.000531364930793643,0.0002426478604320437,0.00012276231427676976
0.0003017876297235489,0.00026718643493950367,-0.0005956325330771506,0.0002794313186313957,8.465427526971324e-05
0.00023906081332825122,0.00021553112310357392,-0.0003801744896918535,0.00027737731579691166,0.00018835920491255817
0.00024214886070694772,-9.248200512956828e-05,-0.0002342529041925445,0.00030176632571965456,0.00029469054425135255
0.00022314333182293922,6.528710946440697e-05,-0.00030189042445272207,0.0002239107998320833,0.00024241884239017963
0.0002541354624554515,0.00014258101873565465,-0.0004940272774547337,0.0002921002160292119,0.00015759875532239676
0.00024026354367379102,0.0001384074130328372,-0.0005160837317816913,0.00028015513089485466,0.00011576886026887224
0.0002501310082152486,0.00014755906886421144,-0.0005272826529107988,0.00026885856641456485,0.00012739820522256196
0.00025438936427235603,0.00016235030489042399,-0.0005153964157216251,0.00026444788090884686,0.0001406019291607663
0.00026524841086938977,0.00012419582344591618,-0.0005138328997418284,0.0002404277911409736,0.00012853917723987252
0.0003053378313779831,0.00021228980040177706,-0.0005400963709689677,0.0002847562136594206,0.00015541988250333816
0.00032950891181826586,0.00022262477432377642,-0.0004000476910732687,0.00032836399623192847,0.00020372924336697904
0.0002836268686223775,1.9345886812516255e-06,-0.000430393178248778,0.00019697644165717063,0.00015087114297784862
0.0002538861590437591,4.888770854449831e-05,-0.00048687728121876717,0.00020175789541099218,0.00011513583740452304
0.0002678933960851282,0.00014337807078845802,-0.0005277817836031319,0.00024626529193483293,0.00012319753295741975
0.00026425704709254205,0.00015447878104168922,-0.00041369351674802596,0.0002965831954497844,0.0001812341506592929
0.0002841581008397043,1.5129578969208524e-05,-0.0003820639976765961,0.0002410447341389954,0.000207348566618748
0.00022827068460173905,0.00011227093636989595,-0.0004041561915073544,0.00032506472780369217,0.000218278742977418
0.00025721595739014447,3.885985734086717e-06,-0.00029332120902836323,0.00030268181581050163,0.0002449681342113763
0.000271596247330308,3.135253791697323e-05,-0.00033361322130076587,0.0002269357646582648,0.00019635430362541229
0.00021149709937162695,0.00012518909352365878,-0.000492408755235374,0.0002498106041457504,0.00011599167191889136
0.00025961457868106663,0.00019928530673496422,-0.0005504550645127891,0.00026951267500408,0.00014725544315297157
0.00029113917844370013,0.00021250090503599492,-0.0006019415450282395,0.0002441698161419481,9.529032104182988e-05
0.0002714926085900516,0.00014859529619570822,-0.0005425146082416177,0.0002436816575936973,0.00010093683522427456
0.00026874043396674097,0.00012559433525893835,-0.0005166988121345638,0.00023534124193247408,0.0001046293691615574
0.00021974141418468207,0.00013068047701381147,-0.0005143109592609106,0.0002431290486129001,6.596469756914303e-05
0.00024429152836091816,0.00016839100862853232,-0.0002893273194786161,0.0003063269832637161,0.00018521296442486346
0.0001947170967468992,-9.58901146077551e-05,-0.00020648304780479518,0.0003218221827410161,0.00023332766431849447
0.00024768177536316216,6.676896737189963e-05,-0.00033478770637884736,0.00023495298228226602,0.00014393670426215976
0.0002298943436471745,8.3503509813454e-05,-0.0004267841868568212,0.0002501514391042292,0.00016441436309833082
0.0002344941021874547,0.0001376749569317326,-0.0005450915195979178,0.00025495130103081465,0.0001011380081763491
0.00025944988010451203,0.0001632018684176728,-0.0005635516718029977,0.00025325064780190587,0.0001236329262610525
0.0002030292816925794,0.00016648836026433855,-0.0005607554339803755,0.00025843712501227856,8.854219777276741e-05
0.0002793452295009047,0.00013359896547626704,-0.0005433138576336205,0.0002442606491968036,0.0001350091042695567
0.00030533113749697804,0.00018044645548798144,-0.0005481975385919213,0.0002562791923992336,0.00015421379066538066
0.0003038951836060733,0.00012896709085907787,-0.0005222035688348113,0.0002236454893136397,0.00014756547170691192
0.0002552213554736227,9.092820982914418e-05,-0.0005116463289596139,0.0002291959681315348,0.00011071872722823171
0.00030028520268388087,0.000214456333196722,-0.0005249346722848713,0.00022351587540470064,0.00015003628504928201
0.00030148556106723845,0.0002279676555190236,-0.0005400077789090574,0.00027093192329630256,0.0001262089645024389
0.0002638218575157225,8.574021194363013e-05,-0.00020552802016027272,0.00041973046609200537,0.00038091617170721287
0.0002183583565056324,-7.780396117595956e-05,-0.00023176762624643746,0.0002712048590183258,0.00028390719671733683
0.00023482936376240102,5.668859375873581e-05,-0.00043858127901330585,0.00026616887771524494,0.0001759548031259328
0.0002760831266641617,0.00014300136535894126,-0.0004344681510701776,0.0003207620466127992,0.00019864962087012827
0.00024547221255488694,-8.787800652498845e-06,-0.00035634246887639165,0.00028525656671263283,0.0002624361077323556
0.00026623933808878064,3.817520337179303e-05,-0.00041015961323864763,0.00024481338914483786,0.00018880146672017872
0.00021902029402554035,7.845278742024675e-05,-0.0004884992958977818,0.00023266408243216571,0.00013719667913392186
0.0002672158589120955,0.00010228595056105404,-0.0004889609990641475,0.00025991504662670195,0.00014827647828496993
0.0002253290585940704,8.756422175792977e-05,-0.00044711597729474317,0.00022857668227516117,9.331856563221663e-05
0.0002556692634243518,0.0001960495428647846,-0.00041125863208435476,0.00033286557300016284,0.00022307477775029838
0.00025941492640413344,-4.144173362874426e-05,-0.0004024664522148669,0.0002091969508910552,0.00018454145174473524
0.0002488039899617433,5.492497075465508e-05,-0.00046548029058612883,0.0002278346801176667,0.00015949184307828546
0.0002452548942528665,9.774350473890081e-05,-0.0005107572069391608,0.0002545295865274966,0.00014186991029419005
0.00023733421403449034,0.0001417177700204775,-0.00038893471355549986,0.0002882590633817017,0.0001525347906863317
0.00026071324828080833,-4.297985651646741e-05,-0.0003352744097355753,0.00026954867644235486,0.00022870278917253017
0.0002247017691843212,-6.591667624888942e-05,-0.00034757767571136355,0.00024401083646807817,0.00020411254081409425
0.00025326540344394743,6.668545393040404e-05,-0.00046489760279655457,0.0002224791533080861,0.000151884785736911
0.0002570219221524894,0.00012406843598000703,-0.0005245977081358434,0.0002613441029097885,0.00013976781337987632
0.0002462207921780646,0.00012425881868693978,-0.0005087307072244585,0.0002582396264187992,0.0001482451189076528
0.0002595068945083767,0.00011923569400096311,-0.0005303561338223517,0.00023889474687166515,0.00012274317850824443
0.0002956133976113051,0.00019946324755437672,-0.0005690004909411073,0.00025345024187117815,0.00012466854241210967
0.00024690586724318564,0.00011012172763003038,-0.0004869373224209994,0.00023740319011267275,0.00016276567475870252
0.00024268883862532675,5.749543925048784e-05,-0.0004999818047508596,0.00022015177819412202,0.00011866487329825759
0.0002675098949111998,8.274375431938097e-05,-0.000517013540957123,0.00022199460363481196,0.0001096298365155235
0.00021115962590556592,9.097468137042597e-05,-0.0005264977226033807,0.00022930886188987643,8.260814502136782e-05
0.00018557763542048636,5.6925531680462875e-05,-0.0005425544804893434,0.00020320789190009242,4.336255733505823e-05
0.000279181229416281,0.00010426487278891729,-0.0005516853416338563,0.0002267944801133126,0.00014510327309835702
0.00026100940885953605,0.00011241563333896921,-0.0005280721816234291,0.00021834889776073402,0.00010626634320942684
0.0002477512462064624,0.00019615405471995476,-0.0004306452756281942,0.0003700729284901172,0.00020941332331858573
0.00023127716849558053,8.484361387672834e-06,-0.0004013711877632886,0.00027955591212958103,0.00018859122064895928
0.0002431552711641416,7.547440327471122e-05,-0.0004296918050386012,0.00024428131291642785,0.00015275405894499272
0.0002254575229017064,0.00010756857227534057,-0.00047900833305902785,0.0002895421639550477,0.00013069782289676368
0.00020920777751598507,7.960972288856283e-05,-0.000463901465991512,0.00027212727582082147,0.0001243728620465845
0.00023846664407756182,0.0001436068123439327,-0.00047151569742709404,0.0002548136981204152,9.916698036249728e-05
0.0002339486964046955,0.00015240625361911952,-0.00045397586654871697,0.000274153717327863,0.0001432978897355497
0.00024166220100596547,2.4290695364470597e-05,-0.00044946078560315067,0.00022620518575422466,0.00013093571760691702
0.00022512565192300826,7.680147245991975e-05,-0.0005054905777797104,0.0002231569233117625,0.00010768121865112334
0.00021640911290887743,8.90448864083737e-05,-0.0005165782058611512,0.0002147308550775051,0.00010530272993491964
0.00022861106845084575,0.0001542539248475805,-0.0005566246691159903,0.00027631662669591606,9.142194903688504e-05
0.00023708658409304922,9.749116725288333e-05,-0.0004562758840620519,0.00025239252136088913,0.00013410281098913401
0.00018800025281962007,8.866654388839379e-05,-0.0004765762423630804,0.0002209385420428589,8.744512888370082e-05
0.00020866247359663248,8.570711361244321e-05,-0.00019271529163233936,0.0003447823110036552,0.00032902014208957553
0.00021385983563959599,-0.00016156704805325714,-0.00022620681556873024,0.0002679371682461351,0.0002651986724231392
0.00018674034799914807,-2.145591224689269e-06,-0.00040182890370488167,0.0002210031088907272,0.00010122905223397538
0.0001516877964604646,7.393497799057513e-05,-0.00046737125376239414,0.00025982505758292973,9.307743312092498e-05
0.00015876472753006962,0.00010556688357610257,-0.0004977845237590373,0.00029490690212696785,9.335580398328602e-05
0.00016615445201750845,9.751313336892052e-05,-0.0005036401562392712,0.0002746847167145461,7.399639434879646e-05
0.0001707725314190611,0.00010540362563915552,-0.0005044653662480414,0.00024022732395678759,6.017178384354338e-05
0.00021285830007400364,0.00012036824045935647,-0.0005532457143999637,0.00022976796026341617,4.3111827835673466e-05
0.00021735222253482792,4.6795386879239225e-05,-0.0005235070711933076,0.00020306845544837413,3.2348852982977405e-05
0.00020205187320243567,5.2964373026043183e-05,-0.0005338322371244429,0.0002008665760513395,2.327768197574187e-05
0.00019646847795229405,5.991825310047716e-05,-0.0005396382184699178,0.0001997760555241257,1.1957095921388827e-05
0.00017602283332962543,4.8316862375941134e-05,-0.0005316960159689188,0.00019432551926001904,2.4164966816897504e-05
0.00019678339594975117,5.042015254730359e-05,-0.0005159314605407417,0.00020381902868393809,3.074799315072596e-05
0.00016780960140749812,2.833696271409281e-05,-0.0005224124179221691,0.0001821423502406105,1.3893081813876053e-05
0.00017641847080085427,2.7411952032707628e-05,-0.0004974535549990833,0.00019968538254033771,4.1080915252678096e-05
0.00019744891324080527,3.544198989402503e-05,-0.0004995693452656269,0.00020740489708259704,3.1583527743350714e-05
0.00017682905308902264,3.2906504202401266e-05,-0.0005288719548843801,0.00019404766499064863,1.4531433407682925e-05
0.00019293984223622831,6.486711936304346e-05,-0.0005306600360199809,0.00020656970445998013,2.3223865355248566e-05
0.00020345677330624312,8.635534322820604e-05,-0.0005289271357469262,0.00022905025980435312,4.656523378798738e-05
0.00019333939417265358,8.31020443001762e-05,-0.0005318360636010767,0.00021710303553845733,3.5733464756049216e-05
0.00018414607620798046,4.06023464165628e-05,-0.0005236061988398434,0.00021033894154243169,4.30268955824431e-05
0.00017956703959498554,6.24560852884315e-05,-0.0005297810421325266,0.00021940497390460226,3.886376362061128e-05
0.0001753224787535146,4.8746653192210936e-05,-0.0005171127850189805,0.0002192350511904806,4.971688031218946e-05
0.0001842728379415348,4.861876004724763e-05,-0.0005107086035422982,0.0002110149944201112,3.5014349123230204e-05
0.00020826171385124328,5.8146830269834033e-05,-0.0004990256275050342,0.00021560474124271423,4.965418338542804e-05
0.00016803485050331798,2.7192023480893116e-05,-0.000467745412606746,0.00023184450401458892,5.259751196717843e-05
0.00017176754772663116,3.426804323680699e-05,-0.0004916986799798906,0.00022995461768005043,5.050507388659753e-05
0.00017000013031065464,3.642317824414931e-05,-0.0005020323442295194,0.0002219944290118292,4.9519228923600174e-05
0.00016055289597716182,3.743506385944784e-05,-0.0005087355966679752,0.00022560209617950025,3.744449350051582e-05
0.00017553877842146903,8.22525835246779e-05,-0.0005177968996576965,0.00022638919472228736,2.684951505216304e-05
0.00017452315660193565,0.00010418362217023969,-0.0005140741704963149,0.00028921957709826534,9.307565778726712e-05
0.0001924199314089492,0.00012700560910161585,-0.0004879846528638153,0.0003041990275960416,0.00012684949615504593
0.00018446588364895436,0.00012051919475197793,-0.0005212083924561738,0.00028164562536403537,9.357438102597372e-05
0.00015842657012399286,5.557954500545748e-05,-0.0005035489448346199,0.00024224774097092452,5.876702925888822e-05
0.00015225604875013232,4.2613442928995944e-05,-0.0004931538132950664,0.0002366103435633704,5.1406743295956396e-05
0.00017030091839842498,4.77516878163442e-05,-0.00048306147800758476,0.0002323438529856503,5.141858491697349e-05
0.00014142280269879848,1.4582259609596805e-05,-0.00048493352369405335,0.0002222652401542291,5.26953735970892e-05
0.00017169665079563856,5.126418545842171e-05,-0.0004879475454799831,0.00024338316870853305,5.888051236979664e-05
0.0001664300070842728,3.5214841773267835e-05,-0.0004711923829745501,0.00023178142146207392,7.08949228283018e-05
0.00015984717174433172,4.140569581068121e-05,-0.000488211284391582,0.00024241911887656895,6.679737998638302e-05
0.00016553471505176276,8.539352711522952e-05,-0.00048561856965534384,0.0002502805145923048,6.918443978065625e-05
0.00016085935931187123,0.00013734605454374105,-0.000465449265902862,0.00035995800863020117,0.00015032452938612548
0.00015880705905146897,6.864938768558204e-05,-0.0004651565395761281,0.00029620868735946715,0.00011319031909806653
0.00015585955407004803,1.1025164894817863e-05,-0.0004955882322974503,0.00021643827494699508,5.2554882131516933e-05
0.00015450092905666682,1.2498087016865613e-05,-0.0004815832944586873,0.00021447041945066303,5.061746924184263e-05
0.0001516521588200703,1.4771030691917988e-06,-0.0004884216468781234,0.00021309441945049912,5.5734533816576004e-05
0.00015531595272477713,2.770098762994166e-05,-0.0004867174138780684,0.0002211199171142653,6.047199713066221e-05
0.00015332236944232136,2.7284337193123065e-05,-0.0004791054525412619,0.00021642452338710427,5.851701644132846e-05
0.00013095815666019917,2.0278283045627177e-05,-0.000489433528855443,0.00021117656433489174,4.484707824303769e-05
0.00014084101712796837,5.549548404815141e-06,-0.0004957501078024507,0.0002014319907175377,3.6813973565585904e-05
0.0001459087652619928,3.3685231755953275e-05,-0.000507011020090431,0.00022235284268390385,3.953642226406373e-05
0.00014033741899766028,2.5457766241743233e-05,-0.0005075589870102704,0.00021301129891071469,4.624324355972931e-05
0.0001565621787449345,0.00011764366354327649,-0.0004977442440576851,0.00032492971513420343,0.00012214477465022355
0.0001450588897569105,0.00011516922677401453,-0.00046069483505561953,0.00033110205549746746,0.00014645817282143983
0.00016585871344432237,1.1171548067068215e-05,-0.0005022420664317906,0.00021817344531882557,7.383254705928266e-05
0.00014438395737670362,8.391465598833747e-06,-0.0005058732931502163,0.00020740623585879805,5.1517974497983225e-05
0.00015085136692505333,1.4583076335838996e-05,-0.00048733328003436327,0.00021550824749283493,6.29120841040276e-05
0.00014498770178761333,1.2832328138756564e-05,-0.0004952754243277012,0.00020632143423426896,5.2080391469644376e-05
0.00014310749247670174,1.1149272722832393e-05,-0.0004941661609336734,0.0002146949409507215,4.696085306932218e-05
0.00014563488366547972,1.5154110769799445e-05,-0.0004948493442498146,0.0002129092026734725,5.042857810622081e-05
0.00015052856178954244,1.9750666979234666e-05,-0.0004916803445667028,0.0002265601942781359,6.0706872318405665e-05
0.00014573530643247068,1.9307914044475186e-05,-0.0005054241046309472,0.00021126237697899344,5.344579039956443e-05
0.00016382645117118955,4.041153442813084e-05,-0.0004931982839480042,0.00023952429182827475,6.267392018344253e-05
0.00016257645620498806,2.127619336533826e-05,-0.00048763034283183515,0.00021087696950417007,4.3926138459937654e-05
0.00013515862519852814,1.3429884347715415e-05,-0.0005059869145043193,0.0002034007920883596,3.644200114649721e-05
0.00015605820226483047,5.2957391744712374e-05,-0.0004981969250366092,0.00021777261281386015,4.213401916786097e-05
0.00014965792070142925,7.180961256381124e-05,-0.00048795819748193026,0.00028133130399510264,0.00010917797044385225
0.0001430986012564972,8.678687299834564e-05,-0.00047926531988196086,0.00031119748018682003,0.00012497782881837338
0.0001487712434027344,6.113157724030316e-05,-0.0004981677629984915,0.00025719523546285933,9.163146751234308e-05
0.00014594782260246578,3.8876492908457294e-05,-0.000516022730153054,0.0002229988167528063,4.9102953198598705e-05
0.00014620307774748653,2.9976989026181396e-05,-0.0005111584323458374,0.00020767895330209285,4.0156177419703454e-05
0.0001417265593772754,2.381980084464885e-05,-0.0005028819432482123,0.00022140333021525294,5.9161924582440406e-05
0.00014198759163264185,3.3008062018780045e-05,-0.0005102097056806086,0.00022029531828593463,4.933171294396743e-05
0.00015181495109573007,3.3500571589684114e-05,-0.0005036084330640733,0.00022440878092311323,5.7868070143740624e-05
0.00016102197696454823,2.8240587198524736e-05,-0.0004915921599604188,0.000222632079385221,5.603220415650867e-05
0.0001540514058433473,2.504555232007988e-05,-0.0005054974462836982,0.0002107940090354532,4.533681567409076e-05
0.00014364301750902084,1.9466591766104106e-05,-0.0005086822784505786,0.0002126105973729864,3.933252446586266e-05
0.0001420398330083117,1.5702400560257956e-05,-0.0005019161617383361,0.00021296271006576722,5.218957812758162e-05
0.00013985895202495158,4.931716466671787e-05,-0.0005179442814551294,0.00020693903206847608,3.2046147680375725e-05
0.00013739540008828044,6.561740883626044e-05,-0.0005262144841253756,0.0002305386296939105,6.0807888075942174e-05
0.00014148517220746726,5.156624683877453e-05,-0.0005013756453990936,0.00022952286235522482,6.356056837830694e-05
0.0001295423280680552,3.017383642145433e-05,-0.0005028758896514773,0.00022738275583833456,4.525237818597816e-05
0.00017689554078970104,5.5404892918886624e-05,-0.0005138311535120009,0.00023006724950391802,4.925960456603207e-05
0.0001402627531206235,4.6116707380861044e-05,-0.0005274903960525991,0.00022105417156126347,5.075141234556213e-05
0.00014353809820022434,3.9960934373084456e-05,-0.0005242681363597512,0.00022216857178136704,4.664866355597042e-05
0.00013926168321631852,3.836816540569998e-05,-0.0005236196448095144,0.00021396832016762343,4.2165858758380637e-05
0.00016107143892440945,4.7001438360894106e-05,-0.0005131730576977134,0.00022163664107210931,5.0160968385171145e-05
0.00015422630531247705,4.0897084545576945e-05,-0.0004965924308635294,0.0002177385613322258,5.8684381656348705e-05
0.0001335418637609109,3.3365035051247105e-05,-0.0005115987150929868,0.0002142464945791289,3.2794661819934845e-05
0.00014098119572736323,3.285703860456124e-05,-0.0005072916392236948,0.00021861343702767044,4.953320240019821e-05
0.00014679784362670034,3.406429459573701e-05,-0.0005177459679543972,0.00020487155416049066,3.578732503228821e-05
0.00013894667790737003,3.674757317639887e-05,-0.0005183988832868637,0.00020980204863008112,4.4473821617430076e-05
0.00014484980783890933,2.322138061572332e-05,-0.0005126348696649076,0.00021724241378251466,4.505647666519508e-05
0.00013994066102895886,2.477345333318226e-05,-0.000520470435731113,0.00020575166854541751,2.689636312425137e-05
0.00013928490807302296,2.477153066138271e-05,-0.0005112704820930958,0.00021495370310731232,5.2081624744459993e-05
0.00015996380534488708,4.875801460002549e-05,-0.0005231368122622371,0.00021342947729863226,4.1766423237277195e-05
0.00013775433762930334,6.781872798455878e-06,-0.0005086256423965096,0.00019304364104755226,3.604788435040973e-05
0.00014384317910298702,2.3549724573967982e-05,-0.0005019773379899561,0.00021736107009928676,4.8402416723547497e-05
0.0001253848458873108,2.4469540221616626e-05,-0.0005166336195543408,0.0002122101141139865,3.473546530585736e-05
0.00014397157065104693,2.3498692826251503e-05,-0.0005212501273490489,0.00020296980801504105,2.5554181775078174e-05
0.00015519712178502232,5.930673069087789e-05,-0.0005062775453552604,0.00022043717035558077,6.0930200561415404e-05
0.0001420534681528807,0.00012118920130888,-0.0005071188206784427,0.0003125339571852237,0.00012736149074044079
0.00013808670337311924,0.000102959165815264,-0.00046488936641253536,0.0003286048013251275,0.00015375076327472925
0.0001394368300680071,6.919025327078998e-05,-0.0004744163015857339,0.00027858722023665905,0.00011973976506851614
0.00013906403910368678,3.057410503970459e-05,-0.00046097091399133205,0.0002683652564883232,0.00011277302110102029
0.00012455240357667208,2.7962792955804613e-05,-0.000478706817375496,0.00024327050778083506,8.844374679028988e-05
0.00014831122825853527,3.53371215169318e-05,-0.0004692314832936973,0.0002508756588213146,8.903078560251743e-05
0.0001277623523492366,3.0236757083912377e-05,-0.0004959800862707199,0.00022507333778776226,5.7910652685677626e-05
0.00012849942140746862,2.322693217138294e-05,-0.0004981880774721503,0.0002222437469754368,6.499527808045968e-05
0.00013455466250889003,3.368069155840203e-05,-0.0005008768057450652,0.00022903490753378722,6.603950168937445e-05
0.00014697492588311434,0.00014331006968859586,-0.0004877080500591546,0.0003519896126817912,0.00014772628492210058
0.00015682011144235733,0.000130239684949629,-0.00044867902761325235,0.0003658568602986634,0.0001730319781927392
0.00014046236174181104,8.740981138544157e-05,-0.0004324702313169837,0.00034827218041755264,0.0001811324618756771
0.00013476591266226023,5.4815216572023935e-05,-0.0004540639347396791,0.0002801346709020436,0.00012652114673983306
0.00013951901928521693,0.00012005026655970139,-0.0004908167757093906,0.00031968959956429904,0.00013988002319820225
0.0001220010599354282,9.511935786576942e-05,-0.0004863952635787427,0.0002991179062519222,0.00011804517271229995
0.00023575706291012466,0.00041859876364469534,-0.00047895390889607375,0.000609501323197037,0.00030212529236450786
0.00023935742501635102,0.00043709861347451806,-0.0005026957951486112,0.0006090743117965758,0.000302404718240723
6.313061021501197e-05,-2.304699955857359e-05,-0.000486289180116728,0.000182671268703416,3.5681103327078745e-05
9.675007459009066e-05,-5.9159930970054127e-05,-0.0005084086442366242,0.00013290200149640438,-1.1282890227448661e-05
0.00010089432907989249,-4.9630987632554024e-05,-0.0005185168702155352,0.00013719566049985588,-1.1574697055038996e-05
0.00010782696335809304,-2.7295292966300618e-05,-0.0005062374984845519,0.00014958420069888234,-1.416537088516634e-05
0.00010136832861462608,-3.397498585400172e-05,-0.0005060877301730216,0.00014501248369924724,1.162690568889957e-05
0.00011041929246857761,-4.285577597329393e-05,-0.000510560697875917,0.0001419444743078202,-6.4520299929426975e-06
9.916286217048763e-05,-2.265326111228205e-05,-0.0004890868440270424,0.00019672393682412806,4.580006134347059e-05
0.00012413682998158038,-1.1240150342928246e-05,-0.00046888287761248654,0.00021536691929213703,4.296341285225935e-05
0.00010778960131574422,-1.7295311408815905e-05,-0.0004640464321710169,0.00021916898549534383,4.847873788094148e-05
0.0001129477677750401,-1.102059832192026e-05,-0.0005047900485806167,0.00018837071547750384,2.0094759747735228e-05
0.00013570510782301426,4.436066319613019e-06,-0.0005166491609998047,0.00018532668764237317,1.2305117707001045e-05
0.00012769390014000237,1.0437339369673282e-05,-0.0005164330941624938,0.0001837446034187451,-1.6148139820870708e-06
0.00012409445480443535,-3.894342626153957e-08,-0.0005219431477598847,0.00017312270938418806,8.631675882497802e-06
0.00013151511666364968,1.4536732123815455e-05,-0.0005177109851501882,0.00018941413145512342,1.6428486560471356e-05
0.00012530792446341368,-2.565238446550211e-06,-0.0005189274088479578,0.0001794211711967364,2.0309984392952174e-05
0.00013712760119233278,3.947787718061591e-06,-0.0005213569966144861,0.00018360289686825126,2.190759551012889e-05
0.00017813441809266806,4.916910256724805e-05,-0.0005265055224299432,0.0002049332979368046,2.223741466877982e-05
0.00016803742619231346,3.847837433568202e-05,-0.0005071770283393562,0.0002169089129893109,4.978217475581914e-05
0.00015069132496137172,0.0002332988515263424,-0.0005399812362156808,0.0003298069932498038,0.00010176143405260518
0.00014648842625319958,0.00023978040553629398,-0.000541793939191848,0.0003625751123763621,0.00012341987167019397
0.00014981366985011846,0.00010062364890472963,-0.0005007083527743816,0.00027731203590519726,0.000102955375041347
0.00014994728553574532,4.562345930025913e-05,-0.0004666668537538498,0.0002660613099578768,8.976256503956391e-05
0.00013948846026323736,1.9914330550818704e-05,-0.0004765033663716167,0.00024360574025195087,8.377306221518666e-05
0.000127489329315722,1.7497126464149915e-05,-0.0004943945095874369,0.00022596125199925157,5.363086529541761e-05
0.00011787012772401798,7.318315056181746e-06,-0.0004834522842429577,0.00021242382354103031,5.2007289923494675e-05
0.0001243738806806505,1.776268436515238e-05,-0.0004887411487288773,0.00022609777806792408,5.3345476771937676e-05
0.00013249255425762382,1.2761883226630745e-05,-0.0005053726490586996,0.00021037139231339097,3.8564190617762506e-05
0.00012892470113001764,7.221186479000606e-06,-0.0004910039133392273,0.00020689694792963564,4.2848991142818704e-05
0.00012578489258885384,3.5644554827740645e-06,-0.00048313496517948806,0.000216277243453078,5.796643381472677e-05
0.00012473156675696373,1.4458670193562286e-05,-0.00048244043136946857,0.00020659285655710846,3.616830872488208e-05
0.00013929966371506453,1.2531900210888125e-05,-0.0005006454302929342,0.00020431686425581572,3.459478466538713e-05
0.0001477218174841255,2.1002524590585377e-05,-0.0004988610744476318,0.00020057830261066561,4.576428909786046e-05
0.00014723397907800972,1.3066204701317474e-05,-0.0005129490164108574,0.00020510498143266886,3.0744071409571916e-05
0.00013566929555963722,9.764376045495737e-06,-0.0004976954660378397,0.00019777497800532726,2.8627893698285327e-05
0.00015172522398643196,1.5261039152392183e-05,-0.000495242013130337,0.00020232770475558937,4.2588591895764694e-05
0.0001381560432491824,1.6440881154267114e-05,-0.0005095397355034947,0.00020365805539768192,3.616833055275493e-05
0.000142690769280307,-4.5712640712736174e-06,-0.0005007972940802574,0.0001929976569954306,4.7020403144415475e-05
0.0001391418045386672,1.0712638868426437e-05,-0.0005112805520184338,0.00019394194532651451,3.5911056329496205e-05
0.00013807325740344822,9.205719834426418e-06,-0.0005214877310208976,0.00019213459745515138,2.665686224645469e-05
0.00013083896192256359,6.626994945690967e-06,-0.0005131825455464423,0.00019099205383099616,2.0912721083732322e-05
0.00012819266703445464,7.666763849556446e-05,-0.0005119043053127825,0.00021843014110345396,2.5350487703690305e-05
0.00013328598288353533,7.81390190240927e-05,-0.0005331597640179098,0.0002383653481956572,4.533225001068786e-05
0.00012657791376113892,4.3949356040684506e-05,-0.000520584755577147,0.00022399559384211895,4.219777110847645e-05
0.000160546725965105,2.7851579943671826e-05,-0.0005076618399471045,0.00021147723600734023,4.177888695267029e-05
0.00016093468002509326,3.833404480246827e-05,-0.0005050952895544468,0.00022131063451524824,5.1979561249027035e-05
0.00013053178554400802,3.915418346878141e-06,-0.0004939343780279161,0.00021715684852097186,4.967574204783887e-05
0.00014909847232047468,3.160730193485506e-05,-0.0005094429943710567,0.00021544506307691336,5.0397226004861295e-05
0.00014192587696015835,7.748944881313946e-07,-0.0004930873983539642,0.00020886158745270225,5.018963929614984e-05
0.00014168610505294055,9.72802172327647e-06,-0.000512785161845386,0.00020472791220527142,5.83817673032172e-05
0.00014821410877630117,3.8437887269537896e-05,-0.0005124809104017913,0.00021102001483086497,4.55253102700226e-05
0.0001535628252895549,3.811438728007488e-05,-0.0005203616456128657,0.0002179882139898837,5.299115218804218e-05
0.00014831421140115708,5.10035861225333e-05,-0.0005248695961199701,0.0002278696047142148,5.8105601056013256e-05
0.00014527833263855428,3.746723814401776e-05,-0.0005020137177780272,0.00022838263248559088,5.978775516268798e-05
0.000136091563035734,2.3440852601197548e-05,-0.0005065143341198564,0.00022161025844980029,5.003036130801775e-05
0.00013797458086628467,1.9571976736187935e-05,-0.0005184970214031637,0.00020403569214977324,3.60857775376644e-05
0.00014375263708643615,2.7979176593362354e-05,-0.0005071299383416772,0.00021914162789471447,4.925138273392804e-05
0.00014040501264389604,3.4012438845820725e-05,-0.0005087346653454006,0.00022116952459327882,5.396621054387651e-05
0.00013578835933003577,1.647873614274431e-05,-0.0005022594123147428,0.0002117555122822523,4.2030726035591215e-05
0.00014066170842852443,3.4341665013926104e-05,-0.000521772017236799,0.00020732879056595263,4.1521107050357386e-05
0.0001444850640837103,2.046398731181398e-05,-0.0005091630737297237,0.0002160690928576514,5.797620906378143e-05
0.00016215600771829486,3.949458186980337e-05,-0.0005109276389703156,0.00022817152785137296,5.889678141102195e-05
0.00014137601829133928,2.159956784453243e-05,-0.0004998957156203686,0.00021722848759964108,5.583047823165545e-05
0.0001353312109131366,3.211002695024945e-05,-0.0005077446112409233,0.0002026923903031275,3.968533928855322e-05
0.00014773917791899294,3.087265577050857e-05,-0.0005029031308367847,0.00022391414677258578,5.5350243201246485e-05
0.00014493653725367042,1.5240677385008896e-05,-0.0005119565175846219,0.00019792646344285456,4.1093597246799625e-05
0.00013331041554920375,4.754134351969697e-06,-0.0004972007591277361,0.00020487606525421145,4.53692555311136e-05
0.00014404224930331108,1.699584026937373e-05,-0.0005015604547224939,0.00020803858933504668,5.634812259813769e-05
0.00014629749057348818,4.9374579248251393e-05,-0.0005187583155930042,0.0002393884205957875,5.691746264346875e-05
0.00015408742183353752,3.665451367851347e-05,-0.0005230282549746335,0.00022265013831201938,5.048550156061538e-05
0.0001371716643916443,2.1978808945277702e-05,-0.0005154483951628208,0.00021057657431811092,4.335314224590547e-05
0.00015836479724384844,4.184023418929428e-05,-0.0005089749465696514,0.0002209428057540208,6.0973612562520436e-05
0.00014064382412470877,3.219493737560697e-05,-0.0005126400501467289,0.00021556552383117375,5.006177889299579e-05
0.00013142306124791503,4.310618896852248e-05,-0.0005092349019832909,0.00022887412342242897,5.1652146794367575e-05
0.00013141895760782063,2.1782481780974194e-05,-0.0005123877199366689,0.00021920927974861115,4.9547586968401454e-05
0.00013923997175879776,2.0971307094441727e-05,-0.0005149159114807844,0.00020888294966425747,5.001847239327617e-05
0.00014175013347994536,2.7213405701331798e-05,-0.0005025127902626991,0.0002259281754959375,5.878043521079235e-05
0.00013795390259474516,2.734026566031389e-05,-0.000499782501719892,0.00022597354836761954,5.262127160676755e-05
0.00012997855083085597,2.1684634702978656e-05,-0.0005130917415954173,0.00020671919628512117,4.2744413804030046e-05
0.00015178117610048503,2.8527751055662517e-05,-0.0005101296701468527,0.0002140496799256653,5.331139254849404e-05
0.00016396204591728747,3.9660917536821216e-05,-0.0005067140446044505,0.0002297671162523329,5.3159605158725753e-05
0.00013057059550192207,1.3574286640505305e-05,-0.000495706161018461,0.0002196703862864524,5.113655424793251e-05
0.0001399729953845963,4.0215465560322634e-05,-0.0005107695469632745,0.00021619198378175494,4.67914214823395e-05
0.00014520880358759314,2.7470608984003768e-05,-0.00048791299923323095,0.00023935874924063683,7.169214950408787e-05
0.00012790221080649644,9.933037290466018e-07,-0.0005001339013688266,0.0002002141554839909,3.75570853066165e-05
0.00015425057790707794,2.5114864911301996e-05,-0.0005063806311227381,0.00022067101963330058,6.478358409367503e-05
0.00014864257536828518,3.2857529731700204e-05,-0.0005072528729215263,0.00022439422900788486,6.594251317437738e-05
0.0001256512914551422,1.1807885130110662e-05,-0.0004985947743989527,0.0002072720089927316,4.4794836867367856e-05
0.00014090279000811282,3.252204624004662e-05,-0.0005072495550848544,0.00022800934675615284,5.833332761540078e-05
0.00013739847054239362,2.066244996967725e-05,-0.00048712542047724133,0.0002132020163116977,5.392222010414116e-05
0.00013329695502761754,2.669957757461816e-05,-0.0005079279653728008,0.0002178723516408354,5.7300021580886096e-05
0.0001339893351541832,3.121847112197429e-05,-0.0005085603334009646,0.0002228908851975575,3.916606146958657e-05
0.0001333449181402102,2.2375001208274625e-05,-0.0005054098437540233,0.0002263501373818144,6.520491297123954e-05
0.00013683778524864462,4.027791510452517e-05,-0.0005023712292313576,0.00022830736998002973,7.203764835139738e-05
0.0001354531414108351,3.763288987101987e-05,-0.0004936552722938359,0.000226816235226579,7.008256216067821e-05
0.00014364931848831477,2.8417372959665954e-05,-0.0004895212478004396,0.00021571839170064774,6.839832349214703e-05
0.00016975625476334244,2.6953888664138503e-05,-0.0004935323959216474,0.00023419490025844425,7.375163113465534e-05
0.00013503832451533526,1.9202499970560893e-05,-0.0005114253726787865,0.00021411366469692442,4.704847015091218e-05
0.00014217349234968424,1.7177701010950838e-05,-0.000492749793920666,0.00023675270495004952,7.124424882931635e-05
0.00013829156523570418,2.6647259801393368e-05,-0.0004981433157809079,0.0002266515512019396,6.101675899117254e-05
0.0001259281561942771,1.4753948562429288e-05,-0.0004997444339096546,0.0002137540286639705,6.102773477323353e-05
0.00012941584282089025,2.7099755243398253e-05,-0.0005132470396347344,0.00022121230722405014,5.518981197383254e-05
0.00013413207489065826,2.011071046581492e-05,-0.0005030012689530848,0.0002157114795409143,6.0845741245429956e-05
0.00012760088429786265,3.358777757966891e-05,-0.0005002891994081439,0.0002259419416077435,5.887384031666443e-05
0.00013555736222770062,4.165298742009327e-05,-0.0005048237508162856,0.00023007919662632045,5.930573388468474e-05
0.0001325576740782708,2.8615937480935827e-05,-0.0004932233132421969,0.00022692845959682018,6.939353625057264e-05
0.00013735487300436944,2.6404875825392082e-05,-0.0005100305425003171,0.0002242038463009521,5.9534042520681396e-05
0.00013535574544221166,3.2459272915730246e-05,-0.0005105190211907028,0.00022490446281153711,5.584278915193863e-05
0.0001278252020711079,3.015944275830407e-05,-0.0005094952066428959,0.000214678788324818,5.0723119784379385e-05
0.00013203785056248307,3.933674452127889e-05,-0.0005184415495023131,0.00021861187997274098,3.5530942113837234e-05
0.00014645019837189466,6.167926039779559e-05,-0.0004993463517166674,0.0002585332258604467,7.667654426768422e-05
0.00013000152830500156,2.8464330171118487e-05,-0.0004892644356004894,0.00023329019313678145,7.702886796323583e-05
0.00012332224287092686,2.2247175365919247e-05,-0.0004943788517266512,0.0002176575071644038,6.238333298824728e-05
0.00013009934627916664,4.3707143049687154e-05,-0.0005001022364012897,0.0002416746283415705,5.831026282976382e-05
0.00014978143735788765,4.2170311644440524e-05,-0.0005072572967037559,0.00023341302585322407,5.771632277173922e-05
0.00015956519928295163,4.0330425690626726e-05,-0.0004940975923091173,0.00023483792028855527,7.648089376743883e-05
0.00013159016089048234,6.723707429046043e-06,-0.0004724986793007701,0.00023009337019175294,7.154336344683543e-05
0.00012424543092492968,3.431484947213903e-05,-0.0005007910658605397,0.00022606420679949224,6.053211109247058e-05
0.00013694896188098935,3.10108698613476e-05,-0.0005041802069172263,0.00022512431314680723,6.086936627980322e-05
0.00012452613736968488,3.065584314754233e-05,-0.0005058027454651891,0.00022582596284337344,5.203542968956754e-05
0.00014283439668361098,4.9498117732582614e-05,-0.0005147020565345882,0.00023581902496516705,5.906017759116367e-05
0.00014073809143155813,4.887838804279454e-05,-0.0004901466891169548,0.00025802422896958893,9.565810614731164e-05
0.00012778767268173397,6.87642241246067e-05,-0.000508184137288481,0.0002711659763008356,9.940502059180291e-05
0.00012026738841086626,5.966812022961676e-05,-0.0005010421737097204,0.0002619356964714825,8.087954483926296e-05
0.00012492667883634567,3.277071300544776e-05,-0.000498613400850445,0.00023804075317457318,7.138489308999851e-05
0.000143379409564659,4.640358383767307e-05,-0.00047916267067193996,0.00026373006403446203,0.00012171023990958928
0.0001482303923694417,5.299731128616258e-05,-0.0005014673806726934,0.00023652261006645856,7.677161920582876e-05
0.00011296950833639131,2.4243450752692294e-05,-0.00048781957593746483,0.0002389346045674756,6.949590169824661e-05
0.00011568530317163096,2.519458212191239e-05,-0.0005017557996325195,0.00023557666281703857,5.807414709124714e-05
0.00013683619908988476,4.2222000047331676e-05,-0.0005058785900473595,0.0002305077068740502,6.417795520974323e-05
0.00013752853556070477,2.4814073185552843e-05,-0.0004867466923315078,0.0002220110618509352,8.600613364251329e-05
0.00011223296314710753,1.4638785614806693e-05,-0.0004925423418171704,0.00020745345682371408,5.058688475401141e-05
0.00013286076136864722,4.084470128873363e-05,-0.0005129456985741854,0.0002337502664886415,6.568473327206448e-05
0.0001334398111794144,3.802273567998782e-05,-0.0005064833094365895,0.0002328252739971504,6.50920337648131e-05
0.0001350462407572195,5.15144165547099e-05,-0.000509858422446996,0.00022769150382373482,5.3328527428675436e-05
0.00011767029354814441,2.716667040658649e-05,-0.0004933112650178373,0.00023338822938967496,6.218229100340976e-05
0.00012105221685487776,3.872795423376374e-05,-0.00048748982953839004,0.0002296694874530658,6.265143747441469e-05
0.00011961618292843923,2.137150477210525e-05,-0.0004915003082714975,0.0002170897350879386,6.655228207819164e-05
0.00012976121797692028,1.833853639254812e-05,-0.0004982453538104892,0.000217574488488026,5.7415436458541074e-05
0.00012528365186881274,2.2991429432295263e-05,-0.0005031488835811615,0.00021614630531985315,4.96035791002214e-05
0.00012718258949462324,2.5553934392519292e-05,-0.0005060998373664916,0.00021933122479822487,6.0605962062254555e-05
0.00012078707368345933,2.9374476071097888e-05,-0.0005118942935951054,0.0002163146709790453,4.038179395138286e-05
0.00013189898163545877,3.3888783946167684e-05,-0.00048578652786090965,0.0002264065842609853,8.222829637816176e-05
0.00014581090363208202,3.727943476405926e-05,-0.00047679734416306013,0.00022241545957513154,6.909454532433301e-05
0.00014006462879478934,5.7769426348386326e-05,-0.0005271731643006206,0.00023137258540373296,5.421848254627548e-05
0.0001125796334235929,6.168380059534684e-05,-0.0005276933661662042,0.00023546876036562026,5.9731431974796585e-05
0.00014781307254452258,6.617101462325081e-05,-0.0005033668712712824,0.0002465120342094451,7.697263208683579e-05
0.00015471191727556288,4.832726699532941e-05,-0.0004963543033227324,0.00024389797181356696,7.536664634244516e-05
0.00011680652823997661,2.7687116016750227e-05,-0.000499547109939158,0.00022681136033497748,6.431266228901222e-05
0.00011249592353124173,3.569002728909254e-05,-0.0005112290964461863,0.00022657202498521656,5.369986683945172e-05
0.0001375679858028889,4.137817813898437e-05,-0.0005073990905657411,0.00023813845473341647,7.811116665834561e-05
0.00013075154856778679,2.198351648985408e-05,-0.0004966869601048528,0.00023262591275852174,7.027445826679468e-05
0.00014053068298380822,6.258823850657791e-05,-0.0005337994080036879,0.0002223228802904487,3.684350303956308e-05
0.00011860387166962029,6.492521788459271e-05,-0.0005312913563102484,0.00023587740724906323,5.455031714518554e-05
0.00010991892486345024,4.980219091521576e-05,-0.0005228741792961955,0.00023214278917293998,5.302856516209431e-05
0.00011489326425362378,4.894293306278996e-05,-0.0005158492713235319,0.00023832653823774308,6.745774589944631e-05
0.00011977480608038603,5.827349741593935e-05,-0.0005052802735008299,0.0002608102513477206,6.955026765353978e-05
0.00016373001562897116,0.00012957892613485456,-0.0005098491674289106,0.00024444333394058054,5.5459800933022045e-05
0.0001664296432863921,0.00013205666618887338,-0.0005574038368649781,0.0002721504424698651,9.232782758772372e-05
0.00014379200001712888,0.00011290299880784004,-0.0005170038202777505,0.0002812776656355709,0.00010136842320207506
0.00011341553909005596,5.5808010074542835e-05,-0.0005047341692261399,0.00025232060579583054,8.722061465959996e-05
0.00010864414798561485,4.3267380533507094e-05,-0.0004857281455770135,0.0002558553824201226,9.026627230923624e-05
0.00010850888065760955,2.7653732104226947e-05,-0.0004726479819510132,0.00026363864890299743,7.476408063666895e-05
0.0001159673774964176,3.212340016034432e-05,-0.0004924738896079361,0.0002489830949343741,6.600881897611544e-05
0.0001162434127763845,1.632331077416893e-05,-0.0004925851826556027,0.0002256387524539605,6.608843978028744e-05
0.00011068010644521566,2.865676106011961e-05,-0.0004985849373042583,0.00023311530821956694,5.690718899131753e-05
0.00011112619540654124,3.0960691219661385e-05,-0.000487259472720325,0.0002422686666250229,7.134213956305757e-05
0.00013089882850181311,4.125226769247092e-05,-0.0004986500134691597,0.00023251122911460698,5.93043296248652e-05
0.0001223510189447552,3.081484101130627e-05,-0.0004945307737216353,0.0002373052411712706,7.0296366175171e-05
0.0001067079501808621,1.0009932793764165e-06,-0.0004962459206581116,0.0002065062872134149,4.800047099706717e-05
0.00012189699918963015,3.140305489068851e-05,-0.0004955626209266484,0.0002189149527112022,4.646775778383017e-05
0.00016691614291630683,0.00013207590382080525,-0.0005260891048237681,0.0002655599673744291,3.760065737878904e-05
0.00030819690437056124,0.00039604218909516936,-0.0005799324135296048,0.0004738480492960661,0.00016730236529838294
0.0002488020109012723,0.00029941266984678805,-0.0005598627612926066,0.0003640727954916656,0.00014131693751551208
0.00017475945060141385,4.14136411563959e-05,-0.0005330326384864748,0.0002244870120193809,0.0001362048787996173
0.00010262017895001918,5.77009814151097e-05,-0.00042202117037959397,0.00030065214377827937,0.0001921410148497671
4.2360501538496464e-05,-1.1000965059793089e-05,-0.00041849294211715465,0.000276988313999027,0.00016799439617898315
4.840422843699344e-05,-3.5138476960128166e-05,-0.0004270459758117795,0.00024462651344947517,0.00012500288721639663
8.725451334612444e-05,-1.2647703442780768e-05,-0.0004517311172094196,0.00022983654343988746,9.353762288810684e-05
6.716814823448658e-05,-3.7727724702563144e-05,-0.0004542669921647757,0.0002113438822561875,8.02984504844062e-05
8.433705079369247e-05,-2.0869427316938527e-05,-0.00044929565046913916,0.00023222281015478077,7.628282764926553e-05
9.488357318332419e-05,-1.5758660083520223e-05,-0.0004527239652816206,0.00022875325521454215,7.736441330052912e-05
9.633215813664721e-05,-1.9267552488599904e-05,-0.00047545900451950734,0.00021815871878061444,5.7343731896253296e-05
9.789840260054916e-05,1.2618192158697639e-05,-0.00046629598364233965,0.00022533744049724194,6.246787233976647e-05
0.00012017982953693718,1.4924573861208046e-06,-0.0004727014165837317,0.00021395528165157884,4.940821600030176e-05
0.00013258933904580772,2.305325324414298e-05,-0.0005239517195150256,0.0001940190850291401,2.2037449525669214e-05
0.00011257421283517032,-2.1429582375276368e-07,-0.0005124954623170197,0.00019221326510887596,2.9883620300097388e-05
0.00012329228047747162,1.694089951342903e-05,-0.0005080534028820693,0.00020686053903773427,3.691353413159959e-05
0.00012142196646891533,1.9144129055348458e-06,-0.00047229832853190595,0.00021494406973943114,6.809144542785361e-05
0.0001177550293505192,-1.3541981616072007e-06,-0.0004971585003659129,0.00020238530123606324,3.799001206061803e-05
0.00012248143320903182,2.287003917444963e-05,-0.0005029901512898505,0.00020792409486602992,3.3346423151670024e-05
0.0001408423995599151,2.1801650291308757e-05,-0.0005049273604527116,0.00020841858349740503,3.930618913727813e-05
0.00013257519458420577,1.2682648048212284e-05,-0.0005182368331588805,0.0001979709486477077,2.988907908729743e-05
0.00013432838022708893,9.796572157938499e-06,-0.0005093837971799077,0.00020783183572348207,3.513613773975521e-05
0.00013179740926716477,3.267782449256629e-05,-0.000504989642649889,0.00022803331376053398,7.345386256929487e-05
0.0001425650407327339,2.3662703824811608e-05,-0.000507504097186029,0.00021811034821439532,7.16377908247523e-05
0.00012280145892873406,1.8983055269927718e-05,-0.0005057727685198189,0.00020402082009240985,5.177643470233306e-05
0.0001375784631818533,9.834449883783236e-06,-0.0005043669370934367,0.00021225282398518172,6.544541247421876e-05
0.00011562249710550532,1.0356031452829482e-05,-0.000503283750731498,0.0002008818119065836,3.953765190090053e-05
0.00012457321281544864,1.9704748410731554e-05,-0.0005133945378474891,0.0002070463669952005,4.702695150626823e-05
0.00013116271293256432,2.527804463170469e-05,-0.0005120395799167454,0.0002118709089700133,4.7760804591234773e-05
0.0001394150749547407,3.511225077090785e-05,-0.0005159974098205566,0.0002215048734797165,5.880908065591939e-05
0.00015474844258278608,3.1831266824156046e-05,-0.0005080826813355088,0.00021200938499532643,4.998327858629637e-05
0.00018442542932461947,0.0001229734771186486,-0.000594025244936347,0.00023621173750143495,9.253807365894318e-05
0.00014215860574040562,0.00014204171020537618,-0.0005363350501284003,0.00030276214238256216,0.00013136187044437977
0.00010117955389432608,0.00012043381138937549,-0.0004781407478731126,0.00030322157545015216,0.00014405367255676538
9.809311450226231e-05,6.694484909530729e-05,-0.0004673138610087335,0.00029797496972605586,0.00015055184485390782
9.47764710872434e-05,3.531601032591425e-05,-0.000481907045468688,0.00026203860761597747,0.00010012569691753016
0.00010773055691970511,2.673064227565192e-05,-0.00047854834701865906,0.0002522094000596553,9.467783092986792e-05
0.00011280293256277217,1.7866306734504178e-05,-0.00048101000720635056,0.00023700507881585509,7.988142897374928e-05
0.00010518555791350082,8.896497092791831e-06,-0.0004822297196369618,0.0002301187632838264,7.049067062325777e-05
0.00010300298163201659,1.3232493984105533e-05,-0.0004894795711152256,0.00022222852567210796,6.432734517147765e-05
0.00010615220526233315,2.8170066798338673e-05,-0.0004890948766842483,0.00023116737429518253,5.989422788843513e-05
0.00011649255611700934,1.0507539627724327e-05,-0.0004900890053249897,0.00022312202781904492,6.121608021203429e-05
0.00010997339268215,4.982020072930027e-06,-0.0004918096819892527,0.0002034682838711888,5.356343172024936e-05
0.00012232184235472232,2.3706948923063464e-05,-0.0004994537448510529,0.0002172631793655455,4.759586590807885e-05
0.00013082035002298653,3.723303962033242e-05,-0.0005234170239418745,0.0002169069048250094,4.19272473664023e-05
0.00012680684449151158,3.5493943869369105e-05,-0.0005177713464945555,0.00021629819821100682,4.634969445760362e-05
0.00013345625484362245,4.552006794256158e-05,-0.0005065850564278662,0.0002286292728967965,5.5868757044663646e-05
0.0001401560293743387,4.239963527652435e-05,-0.0005157612613402307,0.0002273774152854457,6.301374378381297e-05
0.00012844111188314855,5.046466321800835e-05,-0.0005206497153267263,0.00023156034876592457,4.764691402669996e-05
0.00012693958706222475,1.6210409739869647e-05,-0.0005159223801456392,0.00020134565420448783,4.282782902009785e-05
0.0001225248561240733,2.343498817936052e-05,-0.0005015000933781266,0.00021086844208184632,5.3569045121548704e-05
0.00011502029519760978,1.6927755495999012e-05,-0.0004916236503049731,0.0002260227920487523,6.220416253199801e-05
0.00010805731290020047,2.194824264734052e-05,-0.0004911890719085932,0.00022179898223839703,5.7674220443004735e-05
0.000122851284686476,3.94801281800028e-05,-0.0005129423807375133,0.00021085886692162606,3.6350418668007485e-05
0.00012037130363751204,3.3421274565625936e-05,-0.0005245231441222131,0.00020953689818270502,5.174711623112671e-05
0.00011546332098077984,2.9062335670460016e-05,-0.0005090301856398582,0.00022353499662131068,5.099524423712865e-05
0.00011073745554313064,1.8834471120499074e-05,-0.0005032590124756098,0.00021732093591708693,6.450001819757746e-05
0.00013862145715393126,4.468060069484636e-05,-0.0004961398080922663,0.00022898739553056655,5.391141166910529e-05
0.00014565367018803954,4.6264103730209165e-05,-0.0004919657367281616,0.0002351460716454312,8.435002382611856e-05
0.00010624575952533631,1.0140167432837187e-05,-0.0004844368668273091,0.00022490428818855435,4.968932262272574e-05
0.00012007923214696348,2.947762004623655e-05,-0.0005134536186233163,0.00022200313105713573,4.4019667257089175e-05
0.00012894428800791502,3.4402411984046914e-05,-0.0005110423662699759,0.0002319288032595068,5.47047020518221e-05
0.000119802170956973,2.0856998162344095e-05,-0.0005095044034533203,0.00022089763660915201,5.448298543342389e-05
0.00011513106437632815,1.764540320436936e-05,-0.0005017635994590819,0.00021583210036624223,6.10646020504646e-05
0.00012137564772274344,1.605902252777014e-05,-0.0004887246759608388,0.00021989285596646369,6.494295666925609e-05
0.00011769281991291793,1.3588673937192652e-05,-0.0005049385363236071,0.0002135716204065829,5.770009374828077e-05
0.00011743599316105249,3.788785306824138e-06,-0.0005051579792052506,0.00020011264132335785,4.7992129111662514e-05
0.0001296568661928177,1.1428817742853425e-05,-0.0005148174241185188,0.00021121973986737433,4.76451896247454e-05
0.00012973633420187977,2.374654286541045e-05,-0.0005032205954194068,0.00022171983437146991,6.502866017399356e-05
0.00012218828487675637,4.2042862332891666e-05,-0.0005074348882772028,0.0002315373421879485,6.149733962956816e-05
0.00011925390572287141,4.435095615917817e-05,-0.0005020251846872269,0.0002366902044741437,6.126032531028613e-05
0.00013332554954104123,2.424578451609705e-05,-0.000487420562421903,0.00022773536329623312,6.357736128848046e-05
0.00012651881843339652,3.218601341359317e-05,-0.0004811364051420241,0.00022939821064937862,7.677490793867037e-05
0.00012329602031968534,3.266115527367219e-05,-0.0004968657740391791,0.00023867977142799648,7.417239248752594e-05
0.00011890831956407055,2.8629929147427898e-05,-0.000503036193549633,0.00022703914146404716,5.9452038840390735e-05
0.0001204445943585597,1.9968860215158202e-05,-0.0004958900972269474,0.0002202539617428556,5.697828237316571e-05
0.00013285994646139443,3.2353746064472944e-05,-0.0005004403064958751,0.00023436913033947349,5.9603153204079724e-05
0.00011679479939630256,1.6457053789054044e-05,-0.0005059504183009267,0.00022099750640336427,4.917809201288037e-05
0.00011713306594174355,2.697411946428474e-05,-0.0005039348616264759,0.00022197075304575264,5.455454447655938e-05
0.00012522688484750688,3.06475194520317e-05,-0.0005112357321195303,0.00022358405112754556,5.1194878324167796e-05
0.00012550233805086464,4.3329058826202533e-05,-0.0004923237138427794,0.0002418041112832725,6.405231397366151e-05
0.0001278299605473876,3.4387096093269065e-05,-0.0004814489802811295,0.0002504498406779021,8.40434295241721e-05
0.00012652340228669343,3.864395330310799e-05,-0.0004956321790814401,0.0002374751202296466,6.622340879403056e-05
0.00011406628618715332,1.78012705873698e-05,-0.0005004559061489999,0.0002203389594797045,6.0118043620605015e-05
0.00014642160385847092,3.021407974301837e-05,-0.0005003144615329802,0.0002362439990974963,6.109034438850358e-05
0.00011406640987843276,1.1195063052582556e-05,-0.0005024732672609389,0.00022413366241380567,6.392228533513844e-05
0.00013541648513637483,2.6988691388396546e-05,-0.0004940597573295237,0.00023134317598305645,5.7880442909663536e-05
0.00013554320321418345,2.8012433176627386e-05,-0.0005102120921947062,0.00021965126506984237,5.156433689990081e-05
0.00012298939691390842,3.862231824314222e-05,-0.0005124038434587419,0.0002285617083543912,5.416500789579004e-05
0.00011827925482066348,5.119012712384574e-05,-0.0005166775081306696,0.0002355317847104743,5.5110944231273606e-05
0.0001346156350336969,4.2667496018111706e-05,-0.0005116878892295064,0.00022988991986494511,5.935907756793313e-05
0.00012836942914873362,3.108886812697165e-05,-0.0004975648480467498,0.00023119463003240528,7.330411608563736e-05
0.0001327766221947968,3.773976641241461e-05,-0.0004805440257769078,0.0002490438928361982,7.165963324951008e-05
0.0001082077869796194,3.139124601148069e-05,-0.0004920949577353895,0.0002386059204582125,7.860251935198903e-05
0.00011219025327591226,1.9744629753404294e-05,-0.0005113465012982489,0.0002152500383090228,5.405736737884581e-05
0.00012048293137922883,3.179386476404033e-05,-0.0005080026458017528,0.00023390013666357842,5.300205884850584e-05
0.00012286347919143736,3.6572018871083856e-05,-0.0005099913687445222,0.0002291062992298976,6.018445856170729e-05
0.00012151770351920276,4.68913494842127e-05,-0.0005093471263535321,0.00024258412304334345,6.63062310195528e-05
0.00011402044765418395,4.642449493985623e-05,-0.0005010560853406787,0.00024371140170842406,5.849237277288921e-05
0.00012221519136801362,3.432485391385853e-05,-0.0004964782274328172,0.00023243327450472867,6.971380207687616e-05
0.00011879083467647432,4.350966264610179e-05,-0.0004908100818283856,0.00024915029644034803,8.252330007962884e-05
0.00013947625120636076,5.394878098741174e-05,-0.00048826567945070565,0.0002282138011651114,5.377698107622564e-05
0.0001508124259999022,4.118415745324455e-05,-0.0005063815624453127,0.0002252071863040328,7.454481237800792e-05
0.00011994569649687036,3.069784725084901e-05,-0.0004953672760166229,0.0002203070907853544,6.035648038960062e-05
0.00012195180170238018,3.4331402275711305e-05,-0.0004990739398635924,0.00023156918177846816,5.7883960835169994e-05
0.00013260838750284165,2.8435237254598175e-05,-0.0005107925971969962,0.0002207183861173689,4.919965431327e-05
0.00010932501027127728,2.1811809347127564e-05,-0.00048412877367809415,0.00022793543757870796,7.848512177588418e-05
0.00011857684148708357,4.070692739333026e-05,-0.0005026228609494865,0.00023545826843474058,6.625089008593932e-05
0.00011422930401749908,2.698013486224227e-05,-0.0005046314909122884,0.00022853461268823594,5.510409027920105e-05
0.00012474012328311798,3.2814001315273345e-05,-0.0005089958431199193,0.00022856496798340228,7.294458191609009e-05
0.00013721155119128523,3.661635128082708e-05,-0.0004656559904105961,0.00023907326976768672,7.721052679698913e-05
0.00011145947064505891,1.669458106334787e-05,-0.0004712269874289632,0.00022787389752920717,7.354008994298056e-05
0.00010556983761489393,2.7142408725922e-05,-0.0005031098844483495,0.00021626646048389372,4.120211087865755e-05
0.00011856744094984607,2.632114410516806e-05,-0.0005045834113843738,0.00022306907339952886,5.419570516096428e-05
0.00011204728798475118,4.369496309664101e-05,-0.0005062508280389012,0.0002299945626873523,4.697451367974281e-05
0.00011333046859363093,3.5138884413754574e-05,-0.0005006915889680387,0.00023227943165693432,6.197657785378398e-05
0.00012866560427937657,4.0514561987947666e-05,-0.0004938609199598432,0.00024137734726537016,8.164595783455296e-05
0.00011598104902077466,3.2938878575805575e-05,-0.0004887232789769769,0.00023846540716476738,7.899497722974047e-05
0.00011402879317756744,1.944651558005717e-05,-0.0005026963190175593,0.00022044229262974116,5.6391858379356556e-05
0.00014259337331168354,3.918281799997203e-05,-0.0005028656451031567,0.00023464506375603375,5.3915056923870004e-05
0.0001239253324456513,4.8981957661453635e-05,-0.0005045159487053752,0.00023937955847941342,6.154210859676823e-05
0.0001197013771161437,3.257660137023777e-05,-0.0005016630748286843,0.0002167896891478449,5.605041951639578e-05
0.00012437361874617636,2.6284455088898543e-05,-0.000506203796248883,0.0002181210002163425,6.449280772358179e-05
0.00012240486103110018,3.2604362786514685e-05,-0.0004994352348148823,0.00023383215011563155,7.003040809649974e-05
0.00011419742077123374,2.6191519282292568e-05,-0.0005045965663157403,0.00022921335767023263,7.062980148475616e-05
0.00011250685929553585,1.2317338587308768e-05,-0.0004972164751961827,0.00022570701548829677,6.120312173152342e-05
0.0001123737674788572,2.754027082119137e-05,-0.0004982661921530962,0.00022217877267394215,6.736210343660787e-05
0.00013121322263032198,3.563230711733923e-05,-0.000504654657561332,0.00023194264213088903,6.531249528052285e-05
0.00012531055836007,3.0868384783389054e-05,-0.0005050637410022318,0.00022713548969477412,7.050320709822701e-05
0.00012301368406042457,3.099566310993396e-05,-0.0005045180441811682,0.00022578590142074967,6.128787936177105e-05
0.00012449787755031141,4.446196908247657e-05,-0.0004818546876776964,0.00023227483325172216,6.589540134882553e-05
0.00014141910651233047,5.4937110689934336e-05,-0.00047400346375070507,0.0002374295145273209,6.028282587067224e-05
0.00011476744839455932,3.7186415283940726e-05,-0.00048694305587559944,0.00024061424483079463,7.54292996134609e-05
0.00011609081411734223,2.1890762582188472e-05,-0.0004895693273283541,0.00023051188327372074,7.42567062843591e-05
0.00012013161176582798,2.7666850655805323e-05,-0.00048302303184755147,0.00023349851835519078,7.131287566153333e-05
0.00014053573249839246,3.682611713884399e-05,-0.0004965155967511238,0.0002379564248258248,6.930169183760881e-05
0.00011274576536379756,3.275337803643197e-05,-0.0004953747848048806,0.00023405173851642758,6.398240657290444e-05
0.00012107549264328554,1.4936869774828665e-05,-0.0004994414048269391,0.00021532317623496058,6.164008664200082e-05
0.00011190021905349568,2.413625770714134e-05,-0.0004980236408300698,0.0002167760685551912,6.866826879559085e-05
0.00012214020534884185,4.529341822490096e-05,-0.0005043054698035121,0.0002486139128450304,6.429338100133464e-05
0.00014232000103220344,5.799112841486931e-05,-0.0004992199828848243,0.0002453401102684438,7.437387102982029e-05
0.00013216766819823533,4.259510023985058e-05,-0.0005058087408542633,0.00022826595522928986,4.6446664782706655e-05
0.00010650052718119696,2.457673144817818e-05,-0.0004976215423084794,0.00021483247110154482,5.772630174760707e-05
0.00011409063154133037,3.6967103369534016e-05,-0.0004969744477421045,0.0002323789231013507,7.254067168105394e-05
0.0001291195803787559,2.7748497814172882e-05,-0.00048787632840685546,0.00022698340762872252,7.701973663643003e-05
0.00010835671128006652,2.716104063438252e-05,-0.0004991424502804875,0.00022406433708965776,6.474160181824118e-05
0.00012504939513746652,3.549273969838396e-05,-0.0005046825390309094,0.00022316582908388227,6.136102456366643e-05
0.00013214850332587957,3.57337121386081e-05,-0.0004931112634949387,0.00023268743825610727,7.17037546564825e-05
0.0001390372053720057,6.306509021669626e-05,-0.0004870856937486679,0.00024545853375457227,7.214512879727408e-05
0.00011295246804365888,2.536732608859893e-05,-0.0004989473964087665,0.00023215268447529527,6.933943950571121e-05
0.0001195436852867715,4.177659502602182e-05,-0.0005061653791926801,0.00023599986161571001,7.770871889078991e-05
0.00012098507431801409,3.180215207976289e-05,-0.0004974839393980801,0.00023841492657084013,7.603977428516373e-05
0.00012254384637344629,3.1043236958794296e-05,-0.0004934867611154914,0.0002241876209154725,7.479510531993583e-05
0.000125629230751656,3.4143558877985924e-05,-0.0004965121042914689,0.00023620188585482535,8.500685362378135e-05
0.0001374486746499315,4.256199827068485e-05,-0.0004978988436050713,0.00022692294442094862,7.045590609777719e-05
0.00011211824312340468,3.5716428101295605e-05,-0.0004926559049636126,0.00022345389879774302,6.050401134416461e-05
0.00011792693840106948,3.396734973648563e-05,-0.0005070551414974034,0.00023586877796333286,7.114290201570839e-05
0.00011872421600855888,3.065812052227557e-05,-0.0004968076245859264,0.00021992994879838082,7.595081115141511e-05
0.00011149545753141862,3.352107887621969e-05,-0.000500017951708287,0.00024026579922065142,6.287605356192215e-05
0.00013839220628142357,5.398707435233519e-05,-0.0005001325043849646,0.00023658972349949178,7.845363870728761e-05
0.00011162135342601687,4.751230881083757e-05,-0.0004908106639049947,0.0002303823275724426,6.659846985712646e-05
0.00012596904707606882,2.9984248612890948e-05,-0.0004919138737022877,0.0002349902206333354,7.183176785474643e-05
0.00012102786422474308,3.2449886930407956e-05,-0.0004905052483081819,0.0002335799217689782,8.392972813453525e-05
0.00012763116683345288,3.320211180835031e-05,-0.0005049025057815014,0.00023353230790235102,7.394077692879364e-05
0.0001457631151424721,4.7033976443344734e-05,-0.00048210736713372166,0.0002541168942116201,9.363595017930491e-05
0.0001381434558425099,4.2429037421243265e-05,-0.0004892349243164061,0.00023789770784787836,9.102978219743818e-05
0.00013320556899998334,5.5160599004011594e-05,-0.00048548489576205617,0.00025038194144144654,8.654107659822329e-05
0.00010653555364115164,2.9599683330161494e-05,-0.0004941798397339879,0.00022438402811530977,7.234142685774714e-05
0.00011314752919133753,4.4043637899449095e-05,-0.0005060592666268349,0.00023033340403344482,5.908124876441434e-05
0.00011491469922475515,3.929351078113541e-05,-0.0004890722339041531,0.0002299974294146523,9.92661516647786e-05
0.00011371829896233977,3.9091180951800204e-05,-0.0005066451849415898,0.0002284171059727669,5.826598862768151e-05
0.00011332274880260226,2.8897335141664368e-05,-0.0005005309358239174,0.0002317209145985544,5.901378244743682e-05
0.00012716672790702432,3.917440335499123e-05,-0.0005047390586696565,0.00023944709391798824,7.211665797512978e-05
0.00011161215661559253,1.955857987923082e-05,-0.0004881693748757243,0.0002169098879676312,6.867828051326795e-05
0.00011315934534650296,2.4896009563235573e-05,-0.0004990429733879863,0.0002237702283309773,6.492624379461631e-05
0.00012131658877478911,3.003632082254626e-05,-0.0004951700684614481,0.0002250077377539128,5.549250272451899e-05
0.00012376243830658495,3.9862650737632066e-05,-0.0004941209917888045,0.0002338327030884102,7.595584611408412e-05
0.00010526184632908553,3.8588525058003136e-05,-0.0001912737643579021,0.00028493793797679245,0.00012693009921349585
0.00016823837358970195,0.00013867516827303916,-0.00020031514577567575,0.00025113692390732467,0.00011810712021542713
0.00015317130601033566,0.0001009857951430604,-0.0005278187454678118,0.000229002587730065,7.274458039319143e-05
0.00014777839533053339,5.1435934437904514e-05,-0.0005280174664221704,0.00022108218399807808,6.325631693471223e-05
0.0001253885420737788,3.76588104700204e-05,-0.000514998158905655,0.00022812491806689647,5.3497496992349625e-05
0.00013415829744189978,3.3413307392038405e-05,-0.0005054552457295358,0.00022895714209880683,6.056100392015651e-05
0.0001333301916019991,4.807870209333487e-05,-0.0004929002607241273,0.0002371714945184067,7.812461990397425e-05
0.0001463556254748255,5.216547288000584e-05,-0.0004786210774909705,0.00025436279247514904,9.402073919773102e-05
0.00011641885066637771,3.080107853747904e-05,-0.0004900979110971093,0.00022534436720889062,6.837221735622734e-05
0.00011964081932092085,3.2119212846737355e-05,-0.0005029409076087177,0.00021347354049794376,7.196667138487099e-05
0.00011904607526957989,4.526494740275666e-05,-0.0005036146612837911,0.00022182564134709537,7.181562978075817e-05
0.00011175846157129854,4.5166962081566446e-05,-0.0004949882859364152,0.00022994470782577994,7.299971184693278e-05
0.00011439913942012937,4.8213245463557535e-05,-0.0004897811450064181,0.00024212482094299048,8.820695802569391e-05
0.00015424657613039017,6.875461986055598e-05,-0.0005099879927001894,0.00024189650139305743,7.329406798817217e-05
0.00015632619033567607,5.0507329433457926e-05,-0.0004918566555716096,0.000246760668233037,8.143321610987186e-05
0.0001070372891263105,1.864347723312676e-05,-0.00048795866314321756,0.00022205595450941476,9.195009624818341e-05
0.00013417600712273273,6.156863673822954e-05,-0.0005089617916382848,0.00024879293050616985,6.894415855640544e-05
0.00011747150711016728,3.6738991184392944e-05,-0.0005058162496425211,0.00023310573305934668,7.117912173271179e-05
0.00013150015729479492,4.1718634747667245e-05,-0.000491942570079118,0.00023950940521899608,9.316916839452459e-05
0.00015827683091629297,3.6469344195211306e-05,-0.0004962933016940951,0.00023580019478686157,9.219432104146108e-05
0.00012423914449755102,4.946659464621917e-05,-0.0004941279185004532,0.00022786136833019555,6.280410889303312e-05
0.0001238299155374989,3.1276205845642835e-05,-0.0004899963969364761,0.00022657045337837192,7.94588413555175e-05
0.00013050390407443047,4.170722240814939e-05,-0.0005055263172835113,0.00023361273633781815,6.80458324495703e-05
0.00012631472782231867,4.050320785609074e-05,-0.0005034007481299341,0.000228783450438641,7.435308361891657e-05
0.00013390547246672213,4.09430758736562e-05,-0.0004991978057660162,0.00024310388835147026,7.560391532024369e-05
0.00014415336772799492,5.1991846703458584e-05,-0.0005025063874199986,0.00022308892221190035,7.186046423157677e-05
0.00012288845027796924,4.052004805998877e-05,-0.000497766537591815,0.0002320189378224313,5.8193130826111876e-05
0.00011985472519882023,3.651951919891872e-05,-0.0004967746208421887,0.00024035948445089161,7.064902456477284e-05
0.00013237293751444668,4.856192026636563e-05,-0.000491653336212039,0.00023065424466039985,6.686551205348222e-05
0.00014016694331075996,5.3343344916356734e-05,-0.00048763511586003006,0.00023144514125306157,7.842615741537884e-05
0.00012735597556456923,2.3093440177035518e-05,-0.0004984181723557413,0.0002215643180534244,7.128922152332962e-05
0.00011158733832417056,3.079511589021422e-05,-0.0005032449262216686,0.00023240671725943682,5.216621138970368e-05
0.00012334625353105366,4.720797369373031e-05,-0.0005069012986496091,0.0002309454721398652,6.137800664873794e-05
0.00012588853132911026,3.060048038605601e-05,-0.0005112234503030777,0.00022280974371824414,5.097905886941589e-05
0.00013692403445020318,5.312323264661245e-05,-0.0005019356030970812,0.0002602684253361076,8.936280937632546e-05
0.00012519830488599837,4.679714402300306e-05,-0.0004898552433587612,0.00023687354405410585,8.019946108106524e-05
0.0001198247991851531,2.9565931981778704e-05,-0.0005032701883465052,0.00022059665934648365,5.762091677752323e-05
0.00012124852219130845,3.2378364267060526e-05,-0.0004959081998094916,0.00022394541883841162,7.456508319592103e-05
0.00012788103776983917,4.88029036205262e-05,-0.0005097832763567567,0.00022473864373750987,5.840092489961535e-05
0.00014969902986194938,4.9863450840348385e-05,-0.0005139585118740797,0.00021985603962093592,6.290219607762992e-05
0.0001220085541717708,6.135926378192379e-05,-0.0004820989561267197,0.00025261624250561,9.653539018472657e-05
0.00011810690921265632,2.355748983973172e-05,-0.00048140913713723416,0.00022896114387549457,8.866989810485393e-05
0.00011970963532803579,3.080769965890795e-05,-0.0005008165608160198,0.00022271474881563336,7.420976908179e-05
0.00010861747432500124,6.71514862915501e-05,-0.00030141003662720317,0.0002663844206836074,0.00011624978651525451
0.00014871555322315544,8.757467003306374e-05,-0.0005355802713893354,0.00021811926853843036,5.91664866078645e-05
0.00015199411427602172,4.585978604154661e-05,-0.0005084624281153083,0.0002434315247228369,8.350150164915249e-05
0.00013335980474948883,4.405412619234994e-05,-0.0004898730549030006,0.00023334195429924878,8.37728803162463e-05
0.00012078685540473089,3.709684460773133e-05,-0.0005127867916598916,0.00022035233268979937,6.758187373634428e-05
0.0001249065389856696,3.7461883039213724e-05,-0.0005005711573176086,0.00023191106447484347,5.486554437084124e-05
0.00012256362242624166,4.259178604115732e-05,-0.0004997479263693094,0.00023498987138736996,7.192960038082674e-05
0.0001261381257791072,4.342727697803639e-05,-0.0005024089477956295,0.0002375004696659744,8.407745190197602e-05
0.000119650132546667,4.108080247533508e-05,-0.0004922871012240648,0.000239284971030429,8.536893437849358e-05
0.00012291414896026254,4.068082489538938e-05,-0.0004893096047453582,0.00023866389528848234,9.157056047115476e-05
0.0001260304416064173,3.411665602470748e-05,-0.0004992731846868992,0.0002340273786103353,8.136493124766274e-05
0.00014105452282819894,4.997897121938877e-05,-0.0005032643675804138,0.00024897960247471934,7.78328612796031e-05
0.00012634908489417285,3.8565794966416433e-05,-0.00048437461373396223,0.00022581746452488002,6.62860693410039e-05
0.00010821565228980036,3.27341585943941e-05,-0.0005002118414267899,0.00023224545293487608,5.955552114755847e-05
0.000129044201457873,3.753635246539488e-05,-0.0004951353766955434,0.00023205459001474082,7.910760177765042e-05
0.00014422077219933271,4.405852814670652e-05,-0.00048541833530180156,0.00023114688519854096,7.777915016049519e-05
0.00011836434714496136,4.186838850728236e-05,-0.0004994584596715869,0.0002329837006982416,8.099653496174142e-05
0.00012407300528138876,6.0792186559410766e-05,-0.0005050156032666564,0.00024170163669623437,6.553267303388566e-05
0.00012163953942945227,6.313530320767313e-05,-0.0005030003376305103,0.00024543129256926477,8.138396515278146e-05
0.00015093629190232605,4.664576772483997e-05,-0.0005048465682193637,0.00022849529341328892,7.491475844290107e-05
0.00011208675277885048,4.109501969651319e-05,-0.0004947055131196977,0.0002363829989917576,6.353010394377634e-05
0.00012856311514042318,4.145183993387036e-05,-0.0004889484262093903,0.00023590312048327178,7.537163764936851e-05
0.00012474326649680734,2.5643967092037198e-05,-0.0004815191787201911,0.00023350492119789126,9.48587476159446e-05
0.0001367735385429114,4.857972089666873e-05,-0.00048213632544502616,0.0002469026658218354,0.00010123283573193477
0.00012626824900507927,3.9407550502801314e-05,-0.0004960813676007092,0.00023917721409816295,9.459501598030329e-05
0.00014957338862586766,4.8068090109154575e-05,-0.0005280576297082007,0.0002117749972967431,6.560495967278257e-05
0.00013710715575143698,6.253550964174792e-05,-0.0005035431240685284,0.00022793770767748359,8.629718649899587e-05
0.0001148646406363696,2.0405459508765492e-05,-0.0004862553905695677,0.0002306631213286892,9.916241833707318e-05
0.00014934923092368993,5.493296703207306e-05,-0.0004838235909119248,0.00026636195252649486,0.00011850292503368111
0.00011797048500739038,5.397105633164756e-05,-0.00047988028381951153,0.00025228867889381945,8.489182073390111e-05
0.00011055531649617478,3.481368185020983e-05,-0.0004954979522153735,0.00023738169693388042,8.263205381808802e-05
0.00012161792983533816,2.490854785719421e-05,-0.0004929866991005838,0.00022708914184477183,7.69371836213395e-05
0.00012766763393301517,4.868119140155613e-05,-0.00048818092909641575,0.0002353217714698985,9.704461263027042e-05
0.00011866755812661721,5.041578333475627e-05,-0.0005016393843106924,0.00023472502653021363,6.277146167121828e-05
0.000154836947331205,5.154763130121864e-05,-0.00048712294665165246,0.00023678386060055343,8.693173731444405e-05
0.00011413377796998248,4.1245581087423495e-05,-0.00048482528654858465,0.0002332485455553979,8.100102422758937e-05
0.00011403910320950672,3.155733429593965e-05,-0.0004941174411214888,0.00022676601656712592,0.00010304331954102963
0.00011366299440851435,3.2780877518234774e-05,-0.0004916009493172169,0.00023705798957962543,8.946227899286896e-05
0.00011138495756313203,4.055615863762796e-05,-0.0005013330955989659,0.00023298151791095734,9.723983384901658e-05
0.000122622906928882,3.145163645967841e-05,-0.00048534566303715115,0.0002420856908429414,0.00011788224946940318
0.00011610666842898354,3.599167393986136e-05,-0.0004883446963503957,0.00023541906557511538,0.0001095939878723584
0.00011143779556732625,3.318328890600242e-05,-0.0004919387865811586,0.0002303167275385931,9.586895612301304e-05
0.0001220249105244875,3.7877958675380796e-05,-0.00050447037210688,0.0002341618383070454,9.571343252900988e-05
0.00011615200492087752,2.9291279133758508e-05,-0.00048487391904927785,0.00022814612020738423,9.049959771800786e-05
0.0001353128463961184,6.584913353435695e-05,-0.0004918680642731488,0.00023759792384225875,7.884432852733879e-05
0.00015248071576934308,6.719102384522557e-05,-0.0004857869062107056,0.0002421284734737128,9.186190436594188e-05
0.00012263082317076623,2.7240013878326863e-05,-0.0005093832733109592,0.00021978819859214127,7.517944322898984e-05
0.0001256555988220498,2.569717435108032e-05,-0.0005021446268074213,0.00022308182087726888,8.648211951367557e-05
0.0001268744090339169,3.8733760447939865e-05,-0.0005027406150475143,0.00022511070710606876,8.201273158192636e-05
0.00011799583444371821,4.181790427537635e-05,-0.0005068909376859665,0.000230654826737009,7.153561455197632e-05
0.00011803665984189138,2.6626046746969226e-05,-0.0005026299622841178,0.00021935830591246486,6.735646456945689e-05
0.0001100141307688318,3.1030067475512624e-05,-0.0005025123828090726,0.00021909872884862125,8.510493353242055e-05
0.00012500825687311592,4.856160740018822e-05,-0.0004918440827168523,0.0002380318037467077,0.00011649098451016472
0.00013857118028681723,4.314646139391698e-05,-0.0004952875315211713,0.0002199301961809397,9.320191020378844e-05
0.00013151243911124766,4.395913128973916e-05,-0.0004933819873258471,0.0002447331789880991,9.972679254133254e-05
0.00013156824570614845,5.444413909572177e-05,-0.0004948031273670496,0.00022733151854481548,0.00012762982805725187
0.00011880778038175777,4.474847810342908e-05,-0.0005190513329580426,0.00022157169587444517,6.970302638364956e-05
0.00011875996278831735,4.4469146814662956e-05,-0.0004969614092260599,0.0002402432874077931,0.00011732776329154147
0.00012395177327562124,5.976428656140342e-05,-0.0005039114039391278,0.000255867897067219,7.893516885815188e-05
0.00015030449139885604,5.181597589398734e-05,-0.0005016336217522621,0.0002267761010443792,8.178009738912806e-05
0.00014678953448310494,3.12629526888486e-05,-0.00047448361874558026,0.00022194882330950352,9.057924762601031e-05
0.00013139311340637505,3.692184327519499e-05,-0.0004784647317137568,0.00022637579240836206,0.00010122491221409292
0.0001290921791223809,4.070197610417381e-05,-0.00047741379239596426,0.00022717533283866945,7.325081969611347e-05
0.00014243327314034104,2.964287341455929e-05,-0.0004929145216010512,0.0002359583741053939,0.00011140099377371372
0.00012569547106977552,3.537873635650613e-05,-0.0004850623372476548,0.0002361873921472579,8.658313890919089e-05
0.00013626800500787795,4.476658796193078e-05,-0.000511768099386245,0.00023119609977584327,8.704845822649077e-05
0.00011939146497752517,3.448753341217525e-05,-0.0005102261202409863,0.00022764195455238223,7.034363079583271e-05
0.00012497683928813785,4.260793139110319e-05,-0.0005087291938252747,0.00021905795438215137,6.355900404741989e-05
0.00013174164632800967,3.5244767786934965e-05,-0.000496290682349354,0.00022532758885063234,6.991380359977484e-05
0.00012237839109729975,2.6820891434908845e-05,-0.0004992996691726148,0.0002215497370343656,9.314764611190185e-05
0.00013006353401578966,3.590533378883265e-05,-0.00048479987890459597,0.00022937943867873398,0.00010808018851093948
0.00014083023415878415,4.54781147709582e-05,-0.0005000577657483518,0.00023367354879155758,8.321824861923233e-05
0.00019641297694761303,8.74394245329313e-05,-0.00047723509487695987,0.0002473925123922527,9.228925046045332e-05
0.0001314015971729532,4.4144635467091575e-05,-0.000491367478389293,0.00023149618937168268,9.224304085364564e-05
0.00011916804942302404,3.385446325410157e-05,-0.00048566798795945937,0.00022807691129855806,7.045156962703913e-05
0.00010531501902732998,2.518260225770064e-05,-0.0004991408786736429,0.00021759294031653556,7.724136958131568e-05
0.00014802218356635422,4.595026621245779e-05,-0.00047868146793916816,0.00022770621581003067,0.00010602652037050576
0.00012276321649551392,1.8064805772155523e-05,-0.00046702890540473163,0.00022575948969461027,9.706622950034216e-05
0.00015353143680840733,3.4444550692569464e-05,-0.00049467699136585,0.00023226714984048158,8.769235137151554e-05
0.00013217737432569265,6.29790883976966e-05,-0.0005063539138063788,0.00022354646353051064,8.602586603956297e-05
0.00012428651098161936,4.712972804554738e-05,-0.0005019811214879155,0.00024733031750656664,7.27199440007098e-05
0.00012424803571775556,5.125271127326414e-05,-0.0005060688708908856,0.00023917047656141224,7.187775190686807e-05
0.00014247820945456624,5.689817044185474e-05,-0.0004896788159385325,0.0002480648690834641,8.976102253654972e-05
0.00014108631876297295,4.5453969505615526e-05,-0.0005063146236352623,0.0002284983347635716,9.624784433981404e-05
0.00014216043928172442,8.312332647619769e-05,-0.00050339475274086,0.00025427452055737376,8.889302262105048e-05
0.00012201540812384336,5.011753455619328e-05,-0.0004880251944996417,0.0002327950205653906,7.671720231883228e-05
0.00012274704931769523,4.4926684495294473e-05,-0.0004962661769241095,0.00023798746406100688,7.241879939101636e-05
0.00014837358321528882,3.3630734833423055e-05,-0.00048083107685670257,0.0002475425135344267,8.873723709257321e-05
0.00014506748993881047,5.6146629503928125e-05,-0.0004827453813049941,0.0002468890743330121,9.944799967342988e-05
0.0001328402868239209,4.779428854817525e-05,-0.00048428567242808635,0.00024611238040961325,7.478155748685822e-05
0.00013324222527444363,5.1972645451314754e-05,-0.0004811152466572821,0.0002394253679085523,6.744058191543445e-05
0.00012365505972411484,3.502513936837204e-05,-0.0004966553533449769,0.0002286680828547105,6.212362495716661e-05
0.00012755233910866082,4.416989031597041e-05,-0.0005059588002040981,0.00023295286518987265,8.179062569979578e-05
0.00014300447946880013,4.1908111597877e-05,-0.0004977005301043391,0.00023588919430039823,7.535563054261729e-05
0.00013233681966084987,5.366942787077278e-05,-0.000478703383123502,0.0002850222517736256,0.00010402614134363829
0.0001337982394034043,8.00950001575984e-05,-0.0004807648656424135,0.00024407821183558553,8.333166624652222e-05
0.00012354271893855184,3.973221100750379e-05,-0.0004781356255989522,0.00025226775323972106,9.751206380315125e-05
0.00011110850755358115,4.529622310656123e-05,-0.0004730721993837506,0.00024728226708248263,8.785216050455347e-05
0.00012173761933809145,5.320113996276632e-05,-0.0004961456288583577,0.00023072666954249146,7.023248326731846e-05
0.00012856027751695365,2.5093375370488505e-05,-0.0004892749129794538,0.00022900437761563808,8.448489825241268e-05
0.0001262335717910901,3.592088251025416e-05,-0.0004993045586161315,0.0002273436839459464,7.709704368608072e-05
0.00013557533384300768,4.1421499190619215e-05,-0.0004857082094531506,0.00022515142336487767,9.916219278238715e-05
0.00012630005949176848,4.349060327513144e-05,-0.0004844440263696015,0.00022360592265613374,9.979875903809444e-05
0.0001280832075281069,5.832077658851631e-05,-0.0004890627460554242,0.00024076151021290565,9.322274854639544e-05
0.00014460856618825346,6.827386096119879e-05,-0.0004991399473510684,0.0002462137781549245,7.733207894489169e-05
0.00013028265675529838,5.9320300351828343e-05,-0.0005116629181429744,0.00023396979668177667,7.365171040873975e-05
0.00012989019160158932,4.1141982364933945e-05,-0.0004782746837008745,0.00023623506422154605,7.841213664505631e-05
0.00012495960982050747,3.7251258618198335e-05,-0.0004901184001937509,0.00021458040282595903,8.42907975311391e-05
0.0001307417260250077,4.01583056373056e-05,-0.00048650585813447833,0.0002411973982816562,8.341967622982338e-05
0.0001514714676886797,6.300897075561807e-05,-0.00047914640163071454,0.00026840035570785403,9.862041770247744e-05
0.00014827767154201862,5.495295044966042e-05,-0.0005297980969771743,0.0002296618913533166,5.714636427001096e-05
0.00017260236199945211,7.933526649139822e-05,-0.0005040763062424958,0.0002513639337848872,9.9945864349138e-05
0.00013873839634470642,8.837274071993306e-05,-0.000521525158546865,0.00024984742049127817,9.737954678712413e-05
0.00012747180880978703,9.33338305912912e-05,-0.0004944659885950387,0.00027914022211916745,0.00012698816135525703
0.00011824811372207478,5.41954104846809e-05,-0.0004831641854252666,0.0002681086480151862,0.00013009441317990422
0.0001288059283979237,6.442552694352344e-05,-0.00047024275409057736,0.0002672107075341046,0.00012391623749863356
0.00012424822489265352,5.135633909958415e-05,-0.0004702491278294474,0.00025523186195641756,0.00011577963596209882
0.00011152867955388501,2.832744939951226e-05,-0.0004719835997093469,0.00024225279048550874,7.931482832645997e-05
0.00015525594062637538,5.952668652753346e-05,-0.0004662535502575338,0.00025288140750490134,8.749101107241586e-05
0.00015955673006828874,5.485343353939242e-05,-0.0005001257522962987,0.00022470120165962729,0.0001199189864564687
0.00014986979658715427,3.638172711362131e-05,-0.0004860428161919117,0.0002529163903091103,0.00011932243796763943
0.00012853449152316898,4.846353112952784e-05,-0.0004781536408700049,0.00024570143432356417,0.00012626701209228486
0.00011401859228499234,1.587178667250555e-05,-0.00048770845751278097,0.00022665590222459286,0.00010703863517846912
0.00011955531226703897,2.293895704497117e-05,-0.0004901937209069729,0.00022745087335351852,7.871317211538553e-05
0.00012156285811215639,1.6931278878473677e-05,-0.00048817403148859734,0.00022316953982226548,8.278730092570186e-05
0.00013950098946224898,3.743717388715595e-05,-0.0004927843692712486,0.0002359966747462749,0.00010877759632421656
0.00015396779053844512,8.331376011483371e-05,-0.000502834387589246,0.00024697891785763204,9.725968266138808e-05
0.0001593516644788906,0.00014257147267926484,-0.000552402634639293,0.0002720086486078799,0.00014431796444114298
0.00013975499314256012,0.0001268900086870417,-0.0004503378004301339,0.00035130087053403264,0.00021567585645243528
0.00010770855442387983,9.708150173537432e-05,-0.0004095182521268725,0.00036320782965049153,0.0002352448645979166
0.00010387009388068691,0.00019319890998303893,-0.00045542104635387664,0.00038827722892165184,0.0002471335756126791
9.80917102424428e-05,0.0001735669793561101,-0.00041160726686939597,0.00042172960820607836,0.00027551111998036504
8.608696225564927e-05,0.00015994768182281405,-0.0004121735109947622,0.0004181771073490381,0.00030456300009973347
5.914410576224327e-05,8.86926573002711e-05,-0.00036675136652775114,0.000352724629919976,0.00026503519620746374
4.9677786591928445e-05,8.710318070370704e-06,-0.00028443281189538533,0.00036594003904610867,0.0002454949717503041
4.627138696378097e-05,-3.2174095849768487e-06,-0.00030490284552797675,0.0003608488477766514,0.00026816691388376057
6.874500832054764e-05,-2.1827188902534544e-05,-0.00035908730933442717,0.00031223465339280665,0.00019416732538957152
0.000144589866977185,-1.9237804735894315e-05,-0.0004278040723875165,0.00022689804609399292,9.304119885200636e-05
0.00013572048919741064,-7.1077397478802595e-06,-0.0004990276065655053,0.00017333307187072933,4.847414675168693e-05
0.0001320290903095156,-1.5136831279960461e-05,-0.000531997939106077,0.00015104835620149967,-1.3850889445166104e-05
0.00019027385860681534,0.00011771317076636477,-0.0005429566954262555,0.00024568827939219773,9.467447671340777e-05
0.0002030119358096272,0.00016352994134649634,-0.0005427985452115536,0.00030749171855859464,0.00013754755491390824
0.00020169551135040817,9.854150266619399e-05,-0.0004936667392030358,0.0002856127393897623,0.00014672618999611586
0.00017715783906169236,7.959432696225122e-05,-0.00043853855459019536,0.00029313264531083405,0.00019568273273762318
0.00011942206765525044,4.967554923496209e-05,-0.0004342967586126178,0.0002993161033373326,0.0001851215056376532
0.00011395117326173933,6.490107625722885e-05,-0.000425115053076297,0.00032948696753010154,0.00019787893688771874
0.00010440458572702482,-2.5528019250486974e-05,-0.0005067017045803368,0.00010712460789363831,-1.4787235159019476e-05
7.388480298686773e-05,-5.678211891790852e-05,-0.0003734047058969736,0.00023547624005004766,0.00012081510794814675
7.393043051706627e-05,-2.7052616133005358e-05,-0.00036284935777075583,0.00030048293410800403,0.00013925581879448146
0.00010270129860145971,1.073086059477646e-05,-0.00037459906889125705,0.00029636477120220667,0.00012660515494644642
0.0001314015535172075,4.776625064550899e-05,-0.0004333130782470107,0.0002434405614621937,9.088006481761111e-05
0.00019043326028622687,0.0001257291150977835,-0.0004966504056937994,0.00028800722793675965,0.00011904574057552963
0.00022180915402714166,0.0001199299076688476,-0.00042393850162625313,0.00028980177012272185,0.00015046597400214523
0.0002247660595458001,6.36030308669433e-05,-0.0005281995399855077,0.00016733761003706604,-7.154252671170979e-06
0.00012943714682478458,-6.510508228529942e-06,-0.00048521446296945214,0.00018312747124582532,4.5665867219213396e-05
0.0001389211683999747,3.1773677619639784e-05,-0.0004716205294243992,0.0002003230474656448,6.0416627093218274e-05
0.00022158226056490093,0.00018528710643295201,-0.0004985614214092493,0.00036317884223535657,0.00017700823082122952
0.0002443559351377189,0.00015171995619311931,-0.0005527499597519637,0.0002856074715964496,0.00014548133185599
0.0001788544177543372,-1.3299798411026131e-05,-0.00048586906632408494,0.00016736517136450857,2.7500864234752953e-05
0.00016452281852252781,3.866779661620967e-05,-0.0004785884520970285,0.00023547594901174307,9.28588560782373e-05
0.0001846336672315374,4.551486199488863e-05,-0.00043861524318344886,0.00026355861336924136,0.00011168799392180515
0.00018495171389076861,2.1899854800722096e-06,-0.0005125477910041809,0.00013619034143630415,-2.8298845791141503e-05
0.0002821490343194455,6.921890417288522e-06,-0.0006523704505525528,1.6479345504194498e-05,-0.00015534811245743183
0.00025614857440814376,-6.470932021329645e-06,-0.0005456063663586974,0.00013439400936476886,-3.156688399030827e-05
0.00014796870527788997,2.4791963369352743e-05,-0.00042112753726542,0.00028564437525346875,0.0001291379303438589
0.00010160794045077635,6.787132588215172e-05,-0.00037822214653715486,0.00035675973049364984,0.00019857165170833466
0.0001508594141341746,0.0001908483245642856,-0.00038918034988455474,0.0004267329641152173,0.000212833023397252
0.0001775412238202989,0.0001845248625613749,-0.00034356434480287135,0.0004444686928763985,0.00029626255854964256
0.00020639081776607784,5.38196400157176e-05,-0.00038007739931344986,0.00032222329173237085,0.0002014013152802363
0.00017179291171487418,5.5007029004627846e-05,-0.00047159026144072413,0.00023196041001938286,9.286672138841824e-05
0.00015344208804890513,4.85119890072383e-05,-0.00047975251800380647,0.00022950637503527105,4.99098896398209e-05
0.00016603560652583838,4.922911466564983e-05,-0.0005050752079114318,0.00021440452837850896,4.408542736200616e-05
0.00018215850286651403,3.1129176932154217e-05,-0.0005104014999233186,0.00020421529188752172,4.097704731975682e-05
0.0001680667483014986,3.721865505212918e-05,-0.0004999929806217551,0.00020493722695391622,2.8929529435117732e-05
0.00026482780231162906,0.00014188222121447325,0.00032197777181863785,0.00020722167391795665,8.1209116615355e-05
0.00035299966111779213,0.00025255914079025393,-0.000702008546795696,0.0001753624965203926,6.221334842848592e-06
0.00034820460132323205,5.763525768998078e-05,-0.0006606513634324074,8.464785787509753e-05,-7.853275019442664e-05
0.00022679085668642074,7.853543502278626e-05,-0.0005372788291424513,0.00019976196927018464,5.3524381655734026e-05
0.00016489256813656541,0.00013465034135151652,-0.0005175996921025217,0.00026702278410084546,9.314611816080288e-05
0.00019160904048476368,0.00017518144159112126,-0.0004894293961115181,0.00035615675733424723,0.00016519079508725554
0.00019787462952081117,0.00015049274952616543,-0.00045797118218615657,0.00034989952109754086,0.00018256576731801036
0.00016599956143181768,6.036802005837672e-05,-0.0004702126898337156,0.0002655935531947762,9.996940207201989e-05
0.00013052790018264204,4.6322355046868324e-05,-0.00047738730791024864,0.00024215014127548784,7.48820457374677e-05
0.00012151035480201246,4.429326509125531e-05,-0.0004764781624544412,0.00024409101752098652,0.000108355212432798
0.00017958661192096767,0.00013216403021942824,-0.0004852566926274449,0.00031819174182601273,0.00016725205932743847
0.00018338712106924504,0.00014425937843043357,-0.0004999054362997413,0.00033456477103754883,0.00014163696323521435
0.00020904089615214616,3.501620449242182e-05,-0.0006507108919322491,3.1346669857157394e-05,-0.00010578450019238515
0.00021224854572210458,9.859066949502449e-07,-0.00043216347694396967,0.00024373712949454784,0.00011131048813695088
0.0001314818800892681,3.8128473534015945e-05,-0.00038367541856132453,0.00031556159956380725,0.0001495603210059926
9.223455708706751e-05,2.3459097064915117e-05,-0.00032919307705014944,0.00033380245440639555,0.00019628650625236327
0.0001034507731674239,1.898010123113636e-05,-0.00035867083352059126,0.0003211103903595358,0.00017952432972379032
0.0001171462281490676,3.983369242632761e-05,-0.0004144767881371081,0.0002776866313070059,0.00011799528874689712
0.00013317195407580584,3.7223438994260505e-05,-0.0004430197004694492,0.0002335794270038605,7.929743151180446e-05
0.00017621110600885004,4.573478145175614e-05,-0.0004954995238222182,0.00022115874162409452,7.030454435152933e-05
0.00017736729932948947,8.244041964644565e-05,-0.0004922972293570638,0.00021574509446509185,5.096835957374424e-05
0.0002443691191729158,9.993064304580912e-05,-0.0005235520075075328,0.0002486126322764904,0.00010963870590785517
0.00020150450291112063,0.00013100933574605733,-0.0004453274013940245,0.000324734253808856,0.00019225954019930214
0.000227871656534262,9.131631668424234e-05,-0.0005559473065659404,0.00014352574362419546,2.1427253159345128e-05
0.00024258432677015665,8.215640991693363e-05,-0.0005266137304715811,0.00017190525250043717,3.1393137760460384e-05
0.00020913752086926246,4.559794251690619e-05,-0.00041095755295827996,0.0002395021583652124,0.00020404256065376103
0.00015466823242604733,5.9953345044050366e-05,-0.0003739680105354637,0.0003344871802255512,0.00021586485672742128
0.00022819779405836016,0.00020227965433150533,-0.0003847300540655851,0.0004578216758091002,0.0003002910816576332
0.000248454773100093,0.00015392492059618235,-0.00041554623749107117,0.000407702085794881,0.0002965143648907542
0.00020917708752676845,2.3032507669995542e-05,-0.0005117834080010654,0.00015417778922710568,1.5132284715946298e-05
0.00019739319395739585,0.00010270027996739373,-0.000471390230813995,0.00029964494751766324,0.00016317628615070134
0.00027729786233976483,5.261219848762266e-05,-0.00046409291098825634,0.00026972012710757554,0.00011481035471661015
0.0003131405974272638,2.9013219318585467e-05,-0.0005935474182479084,0.00011859092774102463,-2.934765689133201e-05
0.0002288484247401357,0.00010825336357811466,-0.00048815889749675984,0.00029025506228208536,0.00012753183546010402
0.0001789776870282367,0.00014340363850351423,-0.0004245946474839002,0.0003721978282555938,0.00023469628649763766
0.00020841797231696543,0.0001400487235514447,-0.0005069582839496434,0.0003010533400811255,0.00016766699263826013
0.0002025320427492261,0.00010493528679944576,-0.0005803171661682428,0.00017318366735707968,9.725966265250463e-06
0.00020378555927891284,8.575303218094632e-05,-0.000511837366502732,0.0002143382007488981,4.529410216491669e-05
0.0002215617423644289,7.055397145450115e-05,-0.00045466303708963096,0.0002826850686687976,0.00015987074584700167
0.0001852388813858852,0.00012672398588620126,-0.00040140756755135953,0.00036269865813665087,0.00027199284522794187
9.293187031289564e-05,0.00011655759590212256,-0.0003792286152020097,0.00038139524986036116,0.0002566854818724096
0.00011030896712327376,0.00012860362767241898,-0.00037286223960109055,0.00041851968853734434,0.0002520507841836661
0.0001818143064156175,0.00027073675300925965,-0.0003790456976275891,0.0005181409069336951,0.00031962725915946066
0.0003350665210746229,0.0001844052167143673,-0.00039071010542102163,0.00046803799341432756,0.00030935867107473314
0.00031245491118170316,2.469139144523069e-05,-0.0005388189456425606,7.74999862187542e-05,4.8619203880662105e-05
0.0002404388942522928,0.00010785667109303176,-0.0004353889962658286,0.00025804093456827104,0.00010949997522402556
0.00014132969954516741,8.62189262988977e-05,-0.00034961427445523435,0.00038677713018842036,0.000214694970054552
0.00016511262219864875,0.00012139394675614311,-0.0003780862025450915,0.00041602904093451803,0.0002988532651215792
0.00014567146718036383,0.00022871226246934384,-0.0003943141491618008,0.0004963210085406898,0.00030646019149571657
0.00021251270663924515,0.0001974979095393792,-0.00037880547461099917,0.0004768666403833776,0.00030176190193742514
0.0002899570390582085,-1.3914032933826093e-05,-0.0006019893917255104,5.690561738447286e-05,-7.319813448702918e-05
0.0002528416516724974,2.499428956070915e-05,-0.000623873551376164,5.075665103504434e-05,-0.00010508750710869208
0.0001950899313669652,0.00010957467020489275,-0.00047159625682979817,0.0003143326030112803,0.00012268491263967007
0.0001221816783072427,0.00014518799434881655,-0.0003907045465894043,0.00039275517337955534,0.0001935042382683605
0.00010843869677046314,0.00011424531840020791,-0.0003613267908804119,0.0003872185188811272,0.0002506926830392331
0.00015466165496036408,0.00011085158621426672,-0.0004057636542711407,0.0003651176812127233,0.0002213601546827704
0.00019710103515535596,0.00013017647142987698,-0.00044962702668271964,0.0003499531594570726,0.0001792633120203391
0.00023062035324983301,0.00022535187599714843,-0.00045480270637199277,0.00039761274820193654,0.00029417962650768464
0.00026213546516373754,0.00013529149873647842,-0.0004395047726575285,0.00030166059150360525,0.00019748270278796556
0.00026511517353355885,2.414069058431778e-05,-0.00046781144919805234,0.00020740398031193766,0.00011750416160793978
0.0003227728884667158,2.3311422410188246e-05,-0.0006243595271371305,7.373940024990588e-05,-0.0001799405290512368
0.00013117514026816934,9.450860670767725e-05,-0.00045408899313770245,0.0002945700252894312,0.0001018696348182857
0.00016537377086933702,8.837170753395185e-05,-0.0002974534290842712,0.0004341379972174764,0.00034452538238838315
0.00010670318442862481,9.447179036214948e-05,-0.00030007332679815585,0.0004315245314501226,0.0002779741189442575
0.00019991165027022362,0.0001912966399686411,-0.00021101857419125736,0.0005121005815453827,0.000433963694376871
0.000363373284926638,-4.558617729344405e-05,-0.0001888678525574505,0.000413985806517303,0.000317408237606287
0.00034224239061586564,2.0628114725695926e-05,-0.0006134102586656809,6.883703463245183e-05,-6.427767948480323e-05
0.00020037731155753138,0.00015914317918941379,-0.0005091456114314498,0.00031234574271366,0.00014790671411901712
0.00022850655659567565,0.0001880515628727153,-0.00039744956302456563,0.0003880388685502112,0.0003475625708233565
0.00023352791322395205,5.6697925174376e-05,-0.0003378984401933849,0.00035776957520283764,0.00025534085580147803
0.00015023599553387612,0.00010163269325857982,-0.0003725062124431133,0.0003104543429799378,0.00018962101603392512
0.00012500490993261335,0.00016279691772069782,-0.00046333856880664825,0.00032608050969429314,0.00018625237862579525
9.683106327429414e-05,0.0001307455968344584,-0.0005156123661436139,0.0002597845159471035,9.049313666764648e-05
0.00016260059783235192,0.00012641522334888577,-0.0005328033003024757,0.0002607940696179867,0.00016576325288042426
0.0002186896454077214,0.0002667688822839409,-0.000498182256706059,0.0003935892600566149,0.00023167474137153482
0.0002287222305312753,0.0002056673401966691,-0.00041189626790583134,0.00041697977576404815,0.0002622507163323462
0.00031876214779913425,-1.3221603694546502e-05,-0.0005891579203307629,6.395646050805226e-05,1.4459054909821136e-05
0.0005105435848236084,-1.7725837096804753e-05,-0.0006080452003516258,4.0240520320367075e-05,2.682879767235136e-06
0.0003755543730221689,4.0881739550968625e-05,-0.00044567169970832765,0.00026378667098470027,0.00011607985652517527
0.00013333369861356914,8.396215707762167e-05,-0.0003397495311219245,0.00040102691855281586,0.0002633601543493569
6.186925929796416e-06,0.0001897320180432871,-0.0003350717015564441,0.00046844143071211874,0.00025974484742619097
6.547440716531128e-05,0.00018634433217812332,-0.00037147718830965465,0.0004526505072135478,0.00025883177295327187
8.992122457129882e-05,0.0001533368049422279,-0.0004539916408248245,0.00036389497108757496,0.00018424105655867606
0.00013339711586013436,0.000126944127259776,-0.0004671289643738419,0.0003090655663982034,0.0001435306330677122
0.0001879158226074651,0.00010382837353972718,-0.0004883620422333479,0.0002609463699627668,0.00019346296903677285
0.00018262332014273847,0.00013521635264623907,-0.0005015482311137022,0.0002365888649364933,0.00012627925025299191
0.00026891124434769154,0.00032489054137840867,-0.000604925793595612,0.00030548564973287284,5.2876424888381734e-05
0.00023665594926569608,0.00031023519113659864,-0.0001615524379303679,0.00048353103920817375,0.00036577688297256833
0.00025383042520843446,-1.8265920516569167e-05,-0.0002406883431831375,0.00026604163576848805,0.00024854124058037996
0.0003055288107134402,2.389657311141491e-06,-0.000513101345859468,0.00011431915481807664,2.686723746592179e-06
0.00033820696990005667,-4.906787580694072e-05,-0.000520820205565542,0.00011133071529911831,-2.5702567654661834e-05
0.00020110099285375327,8.14293380244635e-05,-0.00042764499085024,0.0003181244828738272,0.00013606293941847977
8.350700227310881e-05,0.00013099181524012238,-0.00037500975304283196,0.0003846280742436648,0.00024229541304521265
0.00012038527347613125,0.00014515826478600502,-0.0004000494081992656,0.00038879021303728223,0.0002472714986652136
0.00016045666416175663,0.00010101354564540088,-0.0004163096018601209,0.00032918533543124795,0.0001697510597296059
0.00014503998681902883,7.770999218337238e-05,-0.0004852489219047129,0.0002486698213033378,0.0001228890469064936
0.0001919975038617849,0.00011571100185392424,-0.0004961707745678723,0.00023373267322313043,0.0001247404725290835
0.00024216233578044916,0.00029257309506647283,-0.0005534116644412278,0.0002484423166606575,0.00011304957297397776
0.00024487331393174827,0.0002943110011983663,-0.00044920315849594766,0.00028653323533944786,0.0002345922839595005
0.00021506428311113268,2.050212788162753e-05,-0.00034434258122928435,0.00032389682019129395,0.00020923800184391442
0.00021236705651972443,2.4898852643673308e-05,-0.00028002759790979326,0.00037701000110246236,0.0003947931691072881
0.00030893177608959377,-0.00010498419578652829,-0.0004008944088127464,0.00010798846051329748,0.0001118266663979739
0.0002343271917197853,5.6135220802389085e-05,-0.0004239942063577473,0.0002802520175464452,0.00013857701560482383
0.00017579722043592483,0.00016375981795135883,-0.00043916120193898683,0.00031884695636108523,0.00019337236881256104
0.00020626971672754732,0.00024373047926928848,-0.00048253135173581535,0.0003312531916890293,0.00019575392070692035
0.00015360143152065575,0.0001263840531464666,-0.00045040427357889717,0.00033364267437718814,0.00013072813453618434
0.0001810362591641024,0.00010637797095114364,-0.00036116634146310384,0.0003634184831753373,0.00022535120660904795
0.0003251887101214379,1.7524130271340255e-06,-0.0003429847420193255,0.0003212609735783189,0.00022251217160373926
0.00029789016116410494,-3.891979940817691e-05,-0.0005428244476206602,7.643661228939891e-05,1.9416766008362174e-05
0.00021535225096158683,6.574196595465764e-05,-0.0004347294161561877,0.0003047731297556311,0.00013107075938023627
0.00012274604523554444,0.00017816225590649992,-0.0004251663340255618,0.00036794820334762335,0.0002093303337460384
0.000171004852745682,0.00020424155809450892,-0.00026318259187974036,0.0004120779049117118,0.0002659651509020477
0.0002585894544608891,-3.583565194276161e-05,-0.0002959535049740225,0.00020534444774966687,0.00018748757429420948
0.0002528978802729398,9.995239088311791e-05,-0.00045075497473590076,0.0002613278920762241,0.0001550337765365839
0.000149276849697344,0.00017175839457195252,-0.0004938818165101111,0.0002865611168090254,0.00014235015260055658
0.00014123343862593174,0.0001559059601277113,-0.0005257230368442833,0.00028043947531841695,0.00015570141840726134
0.0001852896093623713,0.00020832415611948815,-0.0005425804993137717,0.00026133432402275497,0.00013814566773362458
0.00019356100528966635,0.00024164006754290318,-0.0005886813160032034,0.0002976951363962144,8.864734263624996e-05
0.000242172391153872,0.00021302343520801517,-0.00030099571449682117,0.00040730161708779633,0.00030082132434472436
0.00030200227047316735,-0.00011610721412580459,-0.00038238469278439885,8.901826367946342e-05,0.00014692124386783692
0.00024329138977918774,3.29757749568671e-05,-0.0005778326303698123,8.266173972515391e-05,2.1989180822856728e-05
0.00020731467520818114,5.6184166169259704e-05,-0.0003971859405282885,0.0001687728799879551,7.519454084103927e-05
0.00024060891882982105,-3.6598398764908784e-06,-0.0003526548680383712,0.00031314918305724865,0.00018403577269054952
0.0001618670066818595,0.00013186837895773348,-0.0003586600359994918,0.00038916215999051934,0.0002877425868064165
0.00013897710596211255,0.00019942042126785964,-0.0003700556990224868,0.00045615321141667664,0.00032437220215797424
0.00013798355939798057,9.742384281707929e-05,-0.0003231310984119773,0.00040039326995611185,0.0002160283038392663
0.00018573559646029023,0.00010170208406634627,-0.000409449334256351,0.00030742777744308114,0.00020587522885762155
0.00020546528685372326,0.0001910871360450983,-0.0005092931096442044,0.00030364308622665703,0.00017236603889614344
0.00017797807231545448,0.00021230026322882625,-0.0005188718787394464,0.00026242257445119316,0.00010630331235006452
0.0002127343323081732,8.111677743727341e-05,-0.0004914365126751363,0.00023300531029235566,0.0001245098537765443
0.0002085313753923401,0.000110389431938529,-0.00016797181160654873,0.0003836880496237427,0.0003733065677806735
0.00032662966987118125,-0.00020501468679867682,-0.00016627847799099982,0.00022882163466420025,0.00020322929776739332
0.0003214533207938075,-8.946100570028648e-05,-0.0005689103272743522,1.6509857232449576e-05,-5.3213789215078584e-05
0.0003720168606378138,5.49822798348032e-05,-0.0007050907588563861,-3.261895108153112e-05,-0.0001953409519046545
0.0002676694712135941,0.00016770428919699043,-0.0005235107382759452,0.0003273423935752362,0.00016128132119774816
0.00015079177683219314,0.0001843690988607705,-0.0003728752490133047,0.00042386385030113166,0.0003434301761444658
0.00013837973529007286,0.00028000614838674664,-0.00037232812610454863,0.0005216252175159752,0.0003869421198032797
0.00022268098837230357,0.00030613166745752096,-0.0002171050873585045,0.0006221962394192816,0.0004762377357110381
0.0004516435437835753,5.808574314869475e-06,-0.00042282225331291556,-3.9916749301482915e-06,1.7504753486718982e-05
0.0003602359793148935,0.00011116956738987938,-0.0005135462270118296,0.00025916035519912844,5.657125075231306e-05
0.00015429090126417575,0.00016273051733151078,-0.00041898025665432215,0.00039917847607284784,0.00023947923909872768
0.00013147247955203056,0.0002695042348932475,-0.0003601367061492056,0.0005003247642889619,0.00029693017131648963
0.0002173390093958005,0.0003400123678147793,-0.000327001471305266,0.0006106185028329493,0.0003766902082134038
0.00043849466601386666,-9.704985131975263e-05,-0.00041793036507442594,5.960354974376969e-05,-4.670302587328479e-05
0.0004046787798870355,7.795231067575514e-05,-0.0005094930529594421,0.0002444832934997976,9.85942388069816e-05
0.0002092594077112153,0.00013982442033011464,-0.0004304896574467421,0.0003685073461383581,0.0002393367176409811
0.00032016757177188987,3.1352796213468544e-05,-0.000454240944236517,0.00026373722357675433,9.183018119074404e-05
0.00029315293068066234,8.598392741987482e-05,-0.0005085977609269321,0.00025662180269137025,5.6524128012824804e-05
0.00012454309035092592,0.0001466577232349664,-0.00042572960956022143,0.0003842343867290765,0.0002355976903345436
2.9669716241187416e-05,0.0001901624200399965,-0.00035169327748008067,0.00048660152242518967,0.00029483254184015095
5.899543248233386e-05,0.00024402498092968017,-0.00035157325328327715,0.0004991997266188264,0.0003124656504951417
0.00013201453839428723,0.00042613322148099536,-0.00023131861235015092,0.0006631410215049982,0.00042987766209989786
0.0002310828422196209,0.0001623510179342702,-0.00019382363825570792,0.0006087660440243782,0.0005206088535487652
0.00027704646345227957,-0.00012958650768268853,-0.00048818578943610186,3.814345473074354e-05,7.777146674925461e-05
0.000282222346868366,-5.343619341147132e-05,-0.0006168214022181928,-0.00010334901890018956,-0.00019791309023275966
0.00028874186682514846,3.271551031502895e-05,-0.0006105387001298367,7.654431828996167e-05,1.584810706845019e-05
0.0003864308237098157,0.00013195420615375042,-0.0006563750794157387,0.00014856757479719818,-6.725680577801539e-05
0.00028225427377037704,0.00015644601080566642,-0.00047424936201423407,0.00034596576006151736,0.00018197597819380465
0.00011219043517485258,0.00015831993368919942,-0.0003585556405596435,0.00043677137000486255,0.00023944051645230502
7.110472506610678e-05,0.00016438757302239537,-0.00030467222677543765,0.0004963179235346615,0.00037100902409292763
0.00010380015010014176,0.0001808566157706082,-0.00032512072357349103,0.000512906291987747,0.00039382887189276516
9.81050034170039e-05,0.00014073618513066322,-0.00031048187520354986,0.0004662460123654455,0.00028723324066959316
0.00016912544379010797,0.00025544659001752734,-0.0004105048137716949,0.0003586155944503844,0.00020910556486342105
0.00022986688418313858,0.0003677611821331084,-0.00036834547063335776,0.00043115034350194037,0.0002589375944808125
0.00021331125753931698,8.56629412737675e-05,-0.0002635350392665714,0.0004191934713162482,0.0003085151547566056
0.00025715801166370506,-6.435634713852778e-05,-0.0002956358948722481,0.0003144556249026209,0.00017716863658279183
0.0002873626945074648,-2.6773021090775728e-05,-0.0005793886375613512,8.331127173732966e-05,-7.745748007437214e-05
0.00021256195032037795,0.00011009577428922056,-0.0004689903289545328,0.0003052906831726432,0.00011014235496986655
0.00014366026152856648,0.00014782928337808698,-0.0003927460929844528,0.00038019067142158747,0.00027227943064644933
0.0001852089917520061,0.00014517296222038567,-0.0003888079372700304,0.00038252188824117184,0.00031917259912006557
0.0002260899200337008,0.0002845604612957686,-0.00045678677270188933,0.00046135488082654763,0.00032259602448903024
0.00022052448184695092,0.00014103019202593714,-0.00043107938836328685,0.00033348158467561007,0.00027525637415237725
0.0002440752432448789,1.462882573832758e-05,-0.00045182253234088415,0.00018781289691105482,0.00016072322614490986
0.0002152738452423364,0.00011981146963080393,-0.0004839245520997793,0.0002934333751909435,0.0001492772571509704
0.0002041430416284129,0.00011381213698768987,-0.0004968455759808421,0.00029185571474954486,0.00014253222616389394
0.00021476122492458669,2.1143854610272683e-05,-0.0005108701298013331,0.00018118225852958855,7.939470378914848e-05
0.00020994570513721555,8.54771860758774e-05,-0.0004854543076362461,0.00024165096692740917,0.00010487534018466248
0.00022617021750193092,0.00016153977776411918,-0.000385660445317626,0.00031831790693104267,0.0001613075437489897
0.0002518928376957774,-2.106256397382822e-05,-0.00028802925953641534,0.0002964092418551445,0.00028391840169206267
0.00023798523761797696,6.98510484653525e-05,-0.00037516694283112884,0.00023784553923178461,0.00013913132715970278
0.00020347231475170704,0.00011840847582789138,-0.0004500507202465087,0.00026118045207113033,0.0001263986196136102
0.0002184769400628284,0.00016735563986003402,-0.0005256029544398189,0.00028538415790535515,9.545192733639853e-05
0.00024326069978997109,0.00023128862085286528,-0.0006100036553107202,0.0002509961486794054,8.70608928380534e-05
0.0002343706728424877,0.00016960309585556388,-0.0004521254741121084,0.00031446377397514885,0.0001968596043298021
0.00018533096590545026,7.764578913338481e-05,-0.000333713018335402,0.0002995638642460108,0.00021407072199508548
0.00029477605130523443,-6.217992631718515e-05,-0.0004237117536831647,9.808461618376896e-05,8.766124665271491e-05
0.00019880881882272658,0.00010741913865786046,-0.00048177616554312413,0.0002803782990667969,0.00017114805814344436
0.0001942829549079761,0.0002424152917228639,-0.0004411479749251157,0.0003526308573782444,0.0001830964902183041
0.00020468764705583453,0.00024327555729541928,-0.0004617051454260944,0.00034047639928758144,0.00017268306692130864
0.00022226183500606567,0.00013052648864686492,-0.0004782849573530257,0.0003157196333631873,0.0002472804917488247
0.0002586116024758667,0.0001311844098381698,-0.00038981426041573286,0.0003755486395675689,0.00025766692124307156
0.00023978776880539956,-3.2990807085297995e-05,-0.0005569737404584885,1.999977212108206e-05,-8.927650924306363e-05
0.0002037984668277204,0.00010946936527034268,-0.00047505734255537385,0.0002833967446349561,0.00011852716124849394
0.00021414700313471255,0.00013782703899778426,-0.0004183824930805713,0.0003060452872887254,0.00022490732953883705
0.00025225477293133736,0.0002678299497347325,-0.0004457382892724127,0.0003858795098494738,0.0002271782432217151
0.00024648383259773254,0.0002724592632148415,-0.00033079000422731036,0.000395738665247336,0.0002935978409368545
0.0002481577976141125,-1.1341999197611583e-06,-0.00034476653672754765,0.00025096512399613857,0.0001861842174548656
0.00023075255739968267,0.00010571526217972858,-0.0004586678405757993,0.0002772280713543296,0.00014608865603804588
0.0002508689067326486,7.175390783231705e-05,-0.00036248101969249547,0.00023800338385626674,0.00019257118401583284
0.00021387658489402384,7.258227560669185e-05,-0.00039993971586227417,0.00024223921354860067,0.00016471357957925647
0.00020086082804482433,0.00014480172831099483,-0.00048752551083453,0.0002623143373057246,0.00013590278103947642
0.0002536270767450333,0.00028044832288287585,-0.000328891328535974,0.00043677841313183313,0.0002558025298640132
0.0002670564572326839,-0.00010104778630193324,-0.00036506529431790113,0.0001937293418450281,0.000163444914505817
0.00031308672623708844,-2.4871302230167206e-05,-0.000474770087748766,0.0001693844533292577,0.00010742975428001955
0.0001960816589416936,0.0001518067147117108,-0.0004381958569865674,0.0003601107746362686,0.00020953832427039742
0.00018525253108236941,0.0001826023362809792,-0.0004462545912247151,0.00037297981907613575,0.0002336819743504748
0.0002224380732513964,0.0002786643453873694,-0.0004839053726755082,0.000383024598704651,0.00023721698380541054
0.00019866258662659675,0.00020184840832371265,-0.00043742597335949535,0.00036529256612993777,0.0002091098576784134
0.0002126260515069589,0.00010765463957795872,-0.0004209033795632422,0.0002742088108789176,0.00020126352319493893
0.0002414979680906981,0.00015473879466298968,-0.0003693419566843658,0.00026588860782794654,0.00017332436982542276
0.0002381594240432605,-6.289380689850077e-05,-0.0003046089841518551,0.00025451311375945807,0.0001947458076756448
0.0002300379419466481,0.00010362714237999172,-0.0004237698158249259,0.00024915055837482214,0.00016769905050750822
0.00020751584088429806,0.00012602665810845792,-0.0005117408582009375,0.00023888051509857178,0.00012645527021959424
0.00018415511294733733,0.00012359452375676486,-0.0005236170836724341,0.00023133035574574023,7.398235175060107e-05
0.0002435107744531706,0.00010816512076416984,-0.0005254349089227617,0.00020837283227592707,4.754404653795064e-05
0.00024617780582048,0.00018981771427206692,-0.0005803403328172863,0.00024743200629018247,0.0001172344564110972
0.00021370789909269658,0.00018517686112318188,-0.00037218187935650354,0.000293794262688607,0.0001937471242854372
0.00019710206834133717,7.686582102905959e-05,-0.00038057850906625385,0.00022644829005002973,0.0001599800743861124
0.000242427340708673,8.491837797919288e-05,-8.636116035631858e-06,0.0004035832243971527,0.00036937076947651803
0.0003266059211455285,-0.00016956969921011478,-2.5026334697031416e-05,0.00025172263849526644,0.00032640949939377606
0.00030879580299369985,9.88224128377624e-05,-0.0005091021885164082,0.00023617800616193565,0.00011066345177823679
0.00020103028509765863,0.00010212292545475066,-0.00043938803719356656,0.0003172847209498286,0.00020362006034702063
0.00017732518608681858,0.00011793967860285193,-0.0004061187210027129,0.00037897672154940665,0.00022946644457988444
0.00016343379684258252,0.0001231624337378889,-0.00042433541966602206,0.0003345920122228563,0.00025509894476272166
0.00021415048104245216,0.00020403969392646104,-0.0005397058557718992,0.00028451139223761857,0.00015594688011333346
0.00025225707213394344,0.0001426774397259578,-0.0003358045651111752,0.00028410553932189936,0.00016382789181079715
0.00031080999178811913,-0.00015814176003914326,-0.0001318837166763842,0.0002374956529820338,0.0002688321692403406
0.0003023041354026645,5.7489138271193945e-05,-0.0003101127804256976,0.00019165952107869091,0.0001312030071858317
0.00028202697285450995,8.149386121658608e-05,-0.0002843781257979572,0.00027844359283335507,0.00028281734557822347
0.00033803647966124123,-2.166003105230629e-05,-0.0003101531765423715,0.00016540891374461353,0.00017483383999206126
0.0002895357611123472,0.0001343584444839507,-0.000619995582383126,0.00019298997358418998,-5.87805402574304e-07
0.0001584575802553445,0.00024396354274358598,-0.0005425893468782307,0.0003405456081964076,0.00011724323849193752
0.000148022169014439,0.00023892351600807157,-0.0005267650703899561,0.0003687416028697044,0.00018342070688959208
0.00017628812929615378,0.0003225002437829972,-0.0005296729505062103,0.00036306367837823933,0.0001242436410393566
0.00021370447939261797,0.0003163862857036293,-0.0005606968188658357,0.0002675890864338726,8.214609988499434e-05
0.00022998916392680255,0.00011194406397407873,-0.00022163473477121445,0.0003170376003254205,0.0002927758323494345
0.00021654149168170989,-5.0085942348232486e-05,-0.00023637944832444188,0.0003196080797351897,0.00021553877741098404
0.0003532604896463454,-0.00017637603741604838,-0.0001923228555824608,0.000228407108807005,0.0002133425296051428
0.0003450104559306056,1.256406721950043e-05,-0.00045156417763791984,0.0001179233004222624,6.198888877406716e-05
0.0001991153840208426,0.0001806698564905673,-0.0005344189121387899,0.0002977357362397015,9.776892693480477e-05
0.0001771379029378295,0.00032387539977207785,-0.0005766847170889378,0.00033019232796505094,0.00012385893205646423
0.00025980186183005566,0.0004081593651790172,-0.0004636126977857201,0.0003347506280988455,0.00011138262198073791
0.0002089529734803364,5.075912122265436e-05,-0.00040460191667079926,0.00028227790608070785,0.00018114208069164303
0.00022203044500201938,0.00010384762572357431,-0.00044768740190193057,0.00024347868748009205,0.00013340362056624144
0.00027078523999080056,0.0003109754470642656,-0.000593316915910691,0.0002571665099821985,6.210979336174205e-05
0.00025997101329267025,0.00011208549403818326,-0.00019238471577409652,0.0002157866692868993,0.00018561788601800802
0.0002816438500303775,-0.00011610466026468202,-0.00016942698857747018,0.00032940061646513635,0.0003796798700932413
0.00023690861416980624,4.598600571625866e-05,-0.0002566503826528788,0.0003147540264762938,0.0002602461609058082
0.00023436058836523443,0.0002285584778292105,-0.0004749816143885255,0.00022916641319170597,0.00012174643052276223
0.0003192082804162055,-1.5323454135796055e-05,-0.0002443988632876426,0.00022522949439007794,0.00027492965455167
0.0004687453038059175,-6.112921983003616e-05,-0.0002548520569689572,0.0001903733646031469,0.00028799450956285
0.0003981983754783869,0.00018285283294972032,-0.000664171704556793,0.00016787735512480142,-3.3459118640166707e-06
0.00035050266887992615,0.00017297202430199832,-0.000359132798621431,0.00023702904582023618,0.00020640576258301732
0.00037144019734114414,0.00017890975868795067,-0.00044245331082493067,0.0002893953351303935,0.00026063676341436803
0.00027115127886645496,0.00019156625785399228,-0.0004727834311779589,0.0003622126823756844,0.00022336686379276216
9.504586341790856e-05,0.00025663376436568797,-0.0004331459349486977,0.00042772022425197065,0.0001762776228133589
4.4095351768191904e-05,0.0003051601524930448,-0.0005233880365267396,0.000371006375644356,8.752661233302206e-05
0.0001724142784951255,0.00041163916466757655,-0.0006983330240473151,0.0003263064136262983,5.245772263151594e-05
0.00011599915160331875,0.0003054708358831704,-0.0004934660391882062,0.00027992448303848505,7.956309855217114e-05
0.00032743229530751705,5.257296652416698e-05,2.228410630777944e-05,0.00026845152024179697,0.0003832538204733282
0.0004601057735271752,-0.00011531390191521497,8.915433795664284e-07,0.00036715617170557385,0.0004183201235719025
0.00035330193350091577,-1.938063360285014e-05,-0.0002310656855115667,0.0002699210308492184,0.0003280945529695601
0.0002607813512440771,9.09609443624504e-05,-0.0005229850066825747,6.859158747829497e-05,-1.596075890120119e-05
0.00033894856460392475,9.57017036853358e-05,-0.00043382312287576497,0.00029995120712555945,0.00022376124979928136
0.00024986558128148323,0.00019968945707660168,-0.00044045085087418567,0.0003818435070570559,0.00021393010683823377
0.00014217192074283955,0.0003379605186637491,-0.00047422363422811037,0.00035675321123562753,0.0001456105528632179
8.07769683888182e-05,0.00029635167447850114,-0.0005796451005153357,0.00035339541500434285,3.4945998777402565e-05
0.00011912926856894046,0.0003179694467689842,-0.0006589553086087108,0.000269445386948064,5.854623304912821e-05
0.000207541641429998,0.00038217625115066767,-0.0006779572577215731,0.00023639870050828907,2.4769295123405755e-05
0.0002261577174067497,0.00042849560850299895,3.140955232083797e-05,0.00038829198456369335,0.0003124565409962088
0.00047981171519495547,-0.00023246499767992646,5.893682828173041e-05,0.00013210781617090106,0.0002558796550147236
0.0004669098707381637,-6.302695692284033e-05,-0.00031619597575627273,0.00017556612147018313,0.00024594063870608807
0.0004417228046804666,0.00011026741412933916,-0.0003546620428096503,1.0984778782585637e-05,0.00010257221583742648
0.00036158872535452247,0.00021677043696399775,-0.0005437624058686197,0.0002465622965246439,4.485302997636609e-05
0.00014489942986983806,0.0002076173550449312,-0.0004152159090153873,0.00043712483602575963,0.00016358190623577684
9.099977614823727e-05,0.00038142598350532353,-0.00041763205081224436,0.0004766010097227991,0.00015535799320787191
8.170508226612583e-05,0.0004906430840492249,-8.272113336715847e-05,0.0005238836747594178,0.00033873520442284644
0.00023890068405307832,-0.00011841046944027768,5.0419464969309054e-05,0.000469105172669515,0.00042447898886166513
0.00023586687166243794,2.381407648499589e-05,-0.00023821453214623037,0.00033104431349784136,0.0003026862978003919
0.000249158387305215,9.305670391768217e-05,-0.000346650806022808,0.00027871323982253665,0.00018464970344211903
0.0002829770965036005,4.0867048483050886e-06,-0.000257605075603351,0.00028885988285765046,0.00025146661209873855
0.0002471137850079685,0.00019255613733548668,-0.0004214963992126286,0.0002580223954282701,0.00015230556891765445
0.00026674376567825675,0.00019397854339331388,-0.0001825309300329536,0.00035002900403924286,0.00033376607461832464
0.00034686794970184565,-3.1698371458332986e-05,-0.00038768138620071113,8.220804738812149e-05,0.00013576450874097645
0.0004253103106748313,0.00012992738629691303,-0.000738679023925215,-0.00013520376523956656,-0.00021021877182647583
0.0003075105778407305,0.0001925950200529769,-0.0005879045929759741,0.0002621772291604429,8.31485740491189e-05
0.00013145216507837176,0.0001762407919159159,-0.0003887735947500914,0.000435361493146047,0.00015865832392591986
8.24242815724574e-05,0.00029867951525375247,-0.00039225997170433397,0.0004631148767657578,0.00018952447862830013
6.791198393329978e-05,0.0003309661115054041,-0.0005700220353901386,0.00040795249515213067,9.058910654857756e-05
0.00014335954620037228,0.0003665882395580411,-0.0005680666072294116,0.00035115351784043014,0.00013307768676895648
0.00015730145969428122,0.00019050478294957432,7.484729576390237e-05,0.000405671918997541,0.0004200326220598072
0.0003106849326286465,-0.00019014878489542755,0.00010894921433646232,0.0004238755209371448,0.000534837250597775
0.00036609245580621053,0.00012123749911552295,-0.0004307561612222344,0.00011401087976992129,0.00016701304411981255
0.0001930872385855764,0.00025411040405742824,-0.0006266452255658804,0.00022011964756529776,4.1930175939342014e-05
0.0002416155184619129,0.0002796989865601063,-0.0005844045663252473,0.00028773382655344903,0.0001889700215542689
0.00020549855253193527,0.0002432399633107707,-0.0005265620420686902,0.00031141124782152474,0.00014751902199350295
0.00020198112179059533,0.0001766561617841944,-0.000551269738934934,0.00028227921575307846,0.0001208325702464208
0.00026983817224390805,0.000301950698485598,-0.0005667968653142452,0.00028016176656819885,0.00012320136011112481
0.0002545450406614691,0.00032891309820115566,-0.00032486539566889405,0.0002296839957125485,0.00011237470607738943
0.0002553252852521837,-0.00010954995377687736,-0.0002633178373798728,0.00026054683257825667,0.0002402181562501937
0.0002905737492255866,9.255933400709182e-05,-0.0003393782244529575,0.0002619350852910429,0.00022778137645218521
0.0002595902769826353,0.00017050307360477746,-0.00033815926872193813,0.0003765274304896593,0.00022575046750716865
0.0003181516076438129,-3.951839244109578e-05,-0.00012722169049084187,0.000356161646777764,0.0003139921172987669
0.0003770393377635628,-8.573551895096898e-05,-0.00039214955177158123,0.00011186906340299174,0.0001951267768163234
0.00028487155213952065,0.00013536874030251056,-0.00042370619485154753,0.00031825897167436784,0.00022067196550779042
0.0002544084854889661,0.0002394585317233577,-0.00045774548198096443,0.0003946434590034187,0.00032179342815652484
0.00025659953826107085,0.00024941388983279467,-0.0004747633647639304,0.00035471926094032824,0.0002637906582094729
0.0002664698986336589,0.00039262400241568685,-0.0005752458819188178,0.00032621805439703166,0.00015150246326811612
0.00027577290893532336,0.00018541977624408898,-5.6334560213144875e-05,0.0003652549057733268,0.000475836219266057
0.00029584779986180365,-5.278049138723873e-05,-0.00019311690994072706,0.0002351219300180674,0.0002569881326053292
0.00030702815274707973,4.578020525514148e-05,-0.0004733323876280338,0.00020596294780261812,0.00017295184079557657
0.00023567237076349562,0.0001419339532731101,-0.0005268321256153287,0.0002766364777926356,0.00015223780064843595
0.00020360796770546585,0.0001922270603245124,-0.0005579382996074855,0.00026273817638866603,0.00011232404358452185
0.0002931923372671008,0.00018803942657541484,-0.0005713004502467811,0.00025062751956284046,0.00020072910410817715
0.0002586558985058218,0.0003468240611255169,-0.0005919089308008553,0.00022470831754617398,4.947741399519146e-05
0.0002938750840257853,0.0003391545615158975,-0.0003171276184730232,0.0002498686662875116,0.0001735829864628613
0.00031978116021491587,-5.535716627491638e-05,-0.000334728421876207,0.00022575342154596,0.00022318387345876542
0.0002616234414745122,0.0001630149781703949,-0.00042639338062144816,0.00020852277521044016,0.00016338296700268984
0.00023845891701057553,0.00015213795995805413,-0.0005232957191765308,0.0002226092183263972,0.0001246522442670539
0.00027610958204604685,9.88844913081266e-05,-0.0004942960804328322,0.0002296708698850125,0.00012983445776626468
0.00028058356838300824,9.038575808517635e-05,-0.0004993628244847058,0.0002128437772626057,0.00015586185327265412
0.00026837593759410083,0.00016018941823858768,-0.0005400659865699708,0.00021660244965460151,9.63041020440869e-05
0.0002759168273769319,0.00014173172530718148,-0.0005407541175372899,0.00020749734540004286,0.00012655773025471717
0.0002966606989502907,9.187332761939615e-05,-0.000510444981046021,0.00020425817638169974,0.00013724542804993692
0.00034408370265737176,0.000270589895080775,-0.0005663550109602512,0.0002771910803858191,0.00013783171016257256
0.00030447926837950945,0.00012676297046709808,-0.00034465975477360184,0.00029254524270072585,0.00025054733850993216
0.00027621511253528297,3.2774813007563346e-05,-0.0003792265197262168,0.0002631919051054865,0.0002174801047658548
0.000291722099063918,0.0001556330535095185,-0.000303520355373621,0.0004187324375379831,0.0002447929873596877
0.0002504599979147315,-1.415322822140297e-05,5.275577223073923e-06,0.0004296777187846601,0.00038511829916387796
0.0002983642625622452,-9.021750156534837e-05,-0.00013026001397520306,0.00022458552848547694,0.00026611771318130195
0.00027150989626534283,7.38341041142121e-05,-0.00038021334330551326,0.0002698972530197352,0.00022737750259693712
0.000254516489803791,0.00016405628412030637,-0.0004808228986803441,0.00027595425490289927,0.00018361027468927205
0.0002760186034720391,0.00023101364786271006,-0.0005982046131975949,0.00026467739371582866,0.00011903845734195784
0.0002780788345262408,0.00011569397611310706,-0.00048386229900643235,0.00022902569617144766,0.0001682656875345856
0.00031741143902763724,0.00015575277211610228,-0.00048335728934034716,0.00025007728254422545,0.00014798839401919397
0.0002762879303190857,0.00021130740060471,1.3220290384197142e-05,0.00038895741454325616,0.0004644758009817451
0.0003362839634064585,-0.00020366701937746254,6.963936903048307e-05,0.0003631542203947901,0.0004723801685031504
0.00035016203764826065,-0.00011027282016584651,-0.0003403207228984684,0.00013732924708165228,0.00026398341287858784
0.0002621611056383699,0.00015152269043028357,-0.00044298722059465945,0.0002432070614304393,0.00016767194028943777
0.0001853749272413552,0.00019667879678308964,-0.0005497335223481059,0.0002700588665902614,8.261376206064597e-05
0.0002432498004054651,0.00017780860071070492,-0.0005894220666959883,0.0002342884108657017,9.870073699858041e-05
0.00025119306519627566,0.0001855963782873005,-0.0005881767137907445,0.0002255947038065642,9.637197945266962e-05
0.00027021131245419383,0.0001184805078082718,-0.0005624066106975079,0.00020468031289055943,0.0001371752005070448
0.0002230395475635305,9.098426380660385e-05,-0.0005541645805351436,0.0001858380710473284,7.959466893225908e-05
0.00030690216226503253,0.00010383462358731776,-0.0005318184266798198,0.00021466492034960538,0.00016060663620010018
0.00033856791560538113,0.0003627619007602334,-0.0006572016864083707,0.00020037974172737452,-4.6849746127008974e-07
0.0003288246225565672,0.0002198233996750787,-0.0004231278144288808,0.00021782283147331327,0.0001787681831046939
0.0002603805041871965,-3.8518783185281785e-07,-0.0004427764506544918,0.00021426580497063696,0.00023434226750396192
0.0003126797964796424,0.0001533979520900175,-0.0005106199532747269,0.00022300232376437637,0.00013072766887489706
0.00026331539265811443,3.6656743759522215e-05,-0.00045969666098244494,0.00020865416445303708,0.00014874745102133602
0.0002569348143879324,1.986805364140309e-05,-5.502059138962068e-05,0.0003851774672511965,0.0003843044687528163
0.0002444795100018382,-0.0001273991510970518,-8.201605669455603e-05,0.00034155769390054047,0.00035423229564912617
0.00022171162709128112,3.78135300707072e-05,-0.00038345984648913145,0.0002350998256588355,0.00018630824342835692
0.00018490332877263427,7.683430158067495e-05,-0.0004354593984317034,0.0002937351819127798,0.00012954595149494708
0.00022661322145722806,0.00010138731158804148,-0.0004669263726100325,0.00026199471903964877,0.0001344311167486012
0.00021823018323630092,9.107466757996008e-05,-0.0005241032922640443,0.00021573316189460456,7.578179793199524e-05
0.0002501503331586718,7.830189861124381e-05,-0.000514298677444458,0.00020679365843534467,0.00012537495058495549
0.0002786276745609939,0.00012286794662941247,-0.00048494982183910906,0.00023356650490313768,0.00013443657371681184
0.0003436525585129857,0.00031180816586129373,-0.00037207023706287146,0.0004443129291757941,0.00032752577681094413
0.0002674979623407125,7.283966260729358e-05,-0.00027683257940225303,0.0004191726911813021,0.0003215588512830436
0.00031991375726647675,-3.4898603189503774e-05,-0.0002941539860330522,0.0002115607203450054,0.00024817546363919973
0.00020541062986012548,6.439587014028803e-05,-0.00045990929356776183,0.0002493062347639352,0.00013934227172285318
0.0002169818035326898,0.00011158934648847207,-0.0004953393363393843,0.00025466844090260565,0.00012978985614608973
0.0002714963629841804,0.00012110668467357756,-0.0005372136947698891,0.00023279522429220376,0.00013739310088567436
0.0002423258702037856,7.813125557731837e-05,-0.0005118250846862793,0.0002119182900059968,0.00014261981414165348
0.0002700949553400278,7.155654748203233e-05,-0.0004762205353472382,0.00020437479543033987,0.00015860784333199265
0.00027769900043495,6.396841490641236e-05,-0.0004875914601143449,0.00020838651107624173,0.00017129839397966862
0.0002637661818880588,4.8721070925239474e-05,-0.0004320353036746383,0.00020083367417100814,0.0001363549381494522
0.0002979409182444215,0.00021640279737766832,-0.0005807874840684235,0.00021364420535974205,4.724207610706799e-05
0.0003172059659846127,0.00017996221140492707,-0.0005487196031026542,0.00020580380805768075,8.714814612176269e-05
0.00028226335416547954,0.00020526917069219053,-0.0005218919250182806,0.00022361488663591444,0.0001283405435970053
0.00027258179034106433,0.0002564908936619758,-0.0002027276059379801,0.0003704000555444509,0.00023786784731782973
0.00023639845312573018,-0.00013232931087259203,-0.0001827708620112389,0.0003037619171664119,0.0003017887938767672
0.0002573063829913736,3.2748990633990616e-05,-0.00039941485738381743,0.00020146486349403855,0.00018851173808798197
0.00023342698113992808,7.832096162019297e-05,-0.0005213891272433101,0.00020355696324259043,0.00012923603935632857
0.00024251530703622848,8.128985064104201e-05,-0.000525169016327709,0.00021493622625712305,0.00013273986405692995
0.00025260428083129227,0.00010482667858013885,-0.0005445936694741249,0.00023165190941654146,0.00012711843010038137
0.00030379064264707267,0.00011586095934035257,-0.0004913572338409722,0.00022024620557203892,0.0001588680170243606
0.00029928461299277837,0.000247474032221362,-0.00029020296642556787,0.0004193979839328677,0.00029644559253938496
0.0002405392151558772,-2.867817784135696e-05,8.112306386465208e-05,0.0004734033718705177,0.0005014763446524738
0.0002945244195871055,-6.175645103212446e-05,-0.00016361720918212086,0.0002490793995093554,0.00031130778370425105
0.00022807507775723931,0.0001012783104670234,-0.0003962475748267025,0.00025486430968157947,0.0001921266521094367
0.00028837949503213167,0.00012030517973471433,-0.0004990576417185366,0.0002525520976632833,0.0002119089767802507
0.0002558147825766355,0.00010651834600139408,-0.0005162792513146996,0.00024030070926528424,0.00017168269550893456
0.00026556971715763206,0.00022350771178025752,-0.0005132325459271669,0.00022208134760148823,0.00013243203284218907
0.0002764247183222324,0.00021706755796913058,-0.0004405216895975173,0.00023833716113585981,0.0001156645084847696
0.0002982444711960852,1.9758663256652653e-06,-0.000113605048682075,0.00033151311799883837,0.00038192205829545856
0.0003199346247129143,-0.00014304825162980703,-0.00016265765589196235,0.00022622944379691035,0.0002694204449653625
0.00025990980793721974,5.8229830756317824e-05,-0.00040104822255671024,0.00016986718401312828,0.00019191628962289545
0.0002434334164718166,0.0001351769606117159,-0.0005689494428224863,0.0002350103750359267,0.00011813778837677093
0.0002672177215572446,0.00010543190728640184,-0.0005634643021039665,0.00022360532602760944,0.00010989773727487773
0.00024317664792761207,0.00011153889499837531,-0.000550544704310596,0.0001983833499252796,9.977168519981204e-05
0.00025502132484689355,7.868697139201686e-05,-0.0005355918547138572,0.00019711592176463452,0.00012831763888243586
0.0002621101448312402,6.846114411018789e-05,-0.0005396028864197434,0.00018471162184141576,0.00010431923146825284
0.000290222087642178,7.693648512940854e-05,-0.0005306591046974064,0.00018452647782396522,0.000129839958390221
0.0003263799007982016,0.00028124538948759437,-0.0006423324812203647,0.00019467704987619072,2.659344318090007e-05
0.00028272965573705733,0.00016328119090758264,-0.0004851306730415672,0.0002055638760793954,0.00011726692173397169
0.0002521958958823234,8.421028178418055e-05,-0.0004401664482429624,0.00021747325081378224,0.00013034466246608645
0.00024022252182476225,7.015094888629392e-05,-0.00048552747466601437,0.0002010410389630124,0.00015911085938569158
0.00021912920055910945,3.745439971680753e-05,-0.00048236633301712567,0.00020100835536140949,0.00013940510689280927
0.00019981815421488136,6.482503522420302e-05,-0.0005246754735708238,0.00020952674094587564,9.738639346323907e-05
0.00028340244898572564,0.00020848854910582304,-0.0005364715470932424,0.00023230104125104845,9.180624329019338e-05
0.0002506123564671725,0.0001916162873385474,-0.00043019777513109153,0.0002467031590640545,0.00016997419879771766
0.00025774212554097176,-1.4028692021383906e-05,-0.00040142555371858185,0.00022283232829067856,0.00015763237024657428
0.0002447518345434218,4.4764901758753695e-06,-0.0004453202709555626,0.0001949623110704124,0.00014084774011280388
0.0002577554550953209,0.00012071469245711343,-0.0005004732520319521,0.00021470044157467782,0.00013896440214011818
0.0002658521116245538,0.00011429157166276128,-0.0005547967157326639,0.00022295200324151665,9.96521266642958e-05
0.0002550570061430335,0.00012586340017151088,-0.00034057250013574963,0.0003932506660930813,0.00021470828505698591
0.00022704346338287,1.4448099136643576e-05,0.00013155756460037082,0.00044801182230003184,0.00045846655848436063
0.00028060944168828433,-0.00012971492833457887,4.121771780773997e-05,0.00026768416864797473,0.0004052157746627927
0.00026281073223799467,8.760028140386568e-05,-0.0003088300582021475,0.00029746885411441326,0.0003598254115786404
0.00019565681577660143,0.00015775553765706718,-0.00048570861690677697,0.00030634721042588353,0.00021807930897921324
0.00022299533884506675,0.00015479094872716814,-0.000521533889696002,0.0002809860743582249,0.00019866898946929723
0.00022542153601534662,0.00011631957750068977,-0.0005516454111784698,0.00023153283109422773,0.0001339279260719195
0.0002290125121362508,5.9167043218621984e-05,-0.00047697444097138936,0.00021818230743519962,8.422982500633225e-05
0.0002563366142567247,0.00019069333211518824,-0.0005489042960107328,0.0002034163771895692,5.108118784846738e-05
0.00028427943470887834,0.0002599428698886186,-0.00037140623317100113,0.00029446888947859406,0.00018438170081935826
0.00022515271848533305,-8.414949115831405e-05,-0.00023930773022584614,0.00030199202592484653,0.00030431646155193453
0.0002834224724210799,-8.590010111220181e-06,-0.0003710596647579223,0.00018767330038826915,0.00021452434884849936
0.000256413099123165,6.363909778883681e-05,-0.0005277094314806163,0.00017107755411416292,0.00012734557094518095
0.00025000920868478715,0.00011938499665120615,-0.0005716775776818395,0.00018653972074389455,0.0001397929445374757
0.000287056143861264,0.0002360359794693068,-0.0005929864128120245,0.00021862596622668207,9.532350668450815e-05
0.00025113823357969517,0.0001180621111416258,-0.0004901732318103313,0.00018881722644437104,9.8611279099714e-05
0.0002372714370721951,4.096670454600826e-05,-0.0005194569239392877,0.00018367472512181848,0.00013022191706113515
0.00023758983297739175,3.4525859518907964e-05,-0.0005048825987614691,0.00018980771710630504,0.0001301690354011953
0.00025493433349765837,0.00020671698439400646,-0.0005088711041025816,0.0002261798654217273,0.00012969019007869065
0.00025915380683727557,0.00023304585192818197,-0.00017843935347627848,0.0003861806180793792,0.0003257437201682478
0.00023862304806243628,-0.0001443950313841924,-0.00016992927703540772,0.00030889734625816345,0.0003628994163591415
0.00022498072939924898,-1.6721278370823713e-06,-0.00039804665721021587,0.00021951383678242564,0.00018602573254611346
0.00024055212270468476,6.144229701021686e-05,-0.0004803781630471349,0.00024656098685227334,0.00017737995949573815
0.00022718131367582828,8.82267122506164e-05,-0.0004949329304508865,0.00022804334003012627,0.00012053896352881564
0.00026493699988350267,0.00026769752730615437,-0.0005404630792327224,0.0002249310491606593,0.00011545306188054384
0.00024299263895954937,7.728389027761295e-05,-0.0003719038504641503,0.0002198345900978893,0.00020915539062116292
0.000257617182796821,2.5077708414755758e-05,-0.0003086207725573331,0.0003366142336744815,0.0002261371409986168
0.00025477405870333314,-3.29105751006864e-05,-0.00025613693287596107,0.0003622453368734568,0.00032367018866352737
0.00022742516011931002,-1.1676627764245495e-05,-0.0003330392646603286,0.00023479078663513067,0.0001848260872066021
0.00022541239741258326,6.878348358441144e-05,-0.0005200866726227106,0.00020029969164170325,0.00012219109339639544
0.0002357737539568916,0.0001290919608436525,-0.0005520877311937512,0.0002068206522380933,0.00010824928904185072
0.00024501606822013855,0.00012593649444170296,-0.000565381022170186,0.00020520927500911057,9.401222632732242e-05
0.00024935640976764256,6.335093348752707e-05,-0.0005367507110349834,0.0001908111880766228,0.0001085946278180927
0.0002439571835566312,5.009242886444554e-05,-0.0005259161698631941,0.00020294620480854064,0.00010306198237231
0.00026393673033453524,6.932241376489401e-05,-0.0005345583194866776,0.00020386527467053384,0.00012132682604715227
0.00025303152506239707,5.499225517269224e-05,-0.0005178340943530202,0.00020661215239670128,0.00014300494513008746
0.000265665294136852,4.304177855374292e-05,-0.0004923571250401436,0.00020376540487632155,0.00013798708096146584
0.0002473063941579312,2.678841701708734e-05,-0.0005048890598118305,0.0001900643546832725,0.00011809427815023808
0.00026013670139946043,5.689783574780449e-05,-0.0005095209344290197,0.0002060604892903939,0.00012084802438039331
0.00028317418764345353,0.0001354646956315264,-0.0005424154223874211,0.00022098624322097749,0.00011539972911123186
0.0002888005692511797,0.0002545281604398042,-0.0006095747230574489,0.00026777369203045964,5.8269244618713856e-05
0.0002384689578320831,0.00015393292414955795,-0.0004482864169403911,0.0002698399475775659,0.0001533760514575988
0.00023433259048033506,1.7291988115175627e-05,-0.00046844466123729933,0.0002141564036719501,0.00014711513358633965
0.00024160109751392159,6.319632666418329e-05,-0.0005192265380173922,0.00019135611364617944,9.730867895996198e-05
0.0002390474837739021,8.482751582050696e-05,-0.0005548620247282088,0.00019434910791460425,0.00012510591477621347
0.00022465255460701886,6.102032057242468e-05,-0.0005184218753129244,0.00022509660630021244,0.00010728201596066356
0.00022810035443399101,5.429395969258621e-05,-0.0005190333467908204,0.00021643505897372958,0.0001069458303391002
0.00022394036932382735,3.1157243938650936e-05,-0.0004859902837779373,0.00022743981389794501,0.00011868502042489126
0.0002136638649972156,3.4847134884330444e-06,-0.0004659522383008152,0.00021433510119095445,0.00013865050277672708
0.0002191824169130996,6.197023139975499e-06,-0.0004774194967467338,0.00020965746080037206,0.00013699004193767903
0.00021836919768247756,2.1592810298898254e-05,-0.0004836444277316332,0.00021131386165507135,0.00012966294889338315
0.00022866386279929435,3.7829649954801425e-05,-0.0004824025090783834,0.0002144484460586682,0.0001262469304492697
0.00027533993124961853,1.3602340914076194e-05,-0.0004384476924315095,0.0002302042703377083,0.00014171015936881304
0.0002481445553712547,0.00024797007790766656,-0.0004823489871341735,0.00035606790333986277,0.00011154160165460779
0.0002356566401431337,0.00022906044614501295,-0.00038236490217968816,0.00035948090953752404,0.00025998070486821234
0.00022293714573606851,-3.869090869557113e-05,-0.00039988203207030887,0.0002340249047847465,0.00019921814964618534
0.0001990052260225639,-2.241613947262522e-05,-0.0004294074897188693,0.00024137707077898085,0.00016434422286693007
0.0002435688802506775,0.00012196831812616438,-0.0004234233347233385,0.00026353818248026073,0.0001799111778382212
0.00019779840658884493,0.00016040525224525481,-0.00026234620600007474,0.0004191089246887713,0.0002833624894265085
0.00017670328088570386,-0.00011282234481768684,-0.00024127571668941528,0.00034418114228174085,0.0003061128663830459
0.0001875335874501616,-5.361981675378047e-05,-0.0003178394108545035,0.00023337718448601666,0.00023025444534141568
0.0002128962223650888,-1.983575930353254e-05,-0.00039412372279912233,0.00024225232482422143,0.00019884429639205337
0.00021608991664834318,-1.2270573279238306e-05,-0.00044196800445206463,0.00022759090643376112,0.00017139394185505807
0.00020390607824083415,2.7084697649115697e-06,-0.00048439647071063513,0.00019631006580311805,0.00011225732305319981
0.00022849378001410517,0.00013933888112660495,-0.0005087591707706451,0.0002923366555478424,0.0001955221960088238
0.0002125788014382124,0.00012268962746020406,-0.0004365401691757143,0.0003104496572632342,0.00017584438319317997
0.00020901233074255288,-4.426081432029605e-05,-0.0004342467000242322,0.00019662387785501775,0.00014471983013208956
0.00021498382557183504,4.0695817915548105e-06,-0.0004633642674889416,0.00019156697089783847,0.00011636767885647715
0.00021608371753245592,5.612057793769054e-05,-0.0005042735137976706,0.00019584469555411488,7.955099135870114e-05
0.00024628191022202367,2.352163755858783e-05,-0.0005102150607854128,0.0001938937057275325,0.00010051611752714962
0.00021624269720632583,2.0692865291493945e-05,-0.0005231446120887995,0.00018742417159955949,0.00010140412632608785
0.00021658581681549552,3.107542215730064e-05,-0.0005161942099221051,0.00017819393542595208,9.002962178783491e-05
0.0002372284943703562,0.0001371569378534332,-0.0005201570456847547,0.00026196916587650776,8.547885227017105e-05
0.00024158039013855162,0.00024711803416721523,-0.0004638089740183205,0.0003861301811411977,0.00018075232219416648
0.00019493648142088202,-4.9207621486857533e-05,-0.000358836812665686,0.00021107879001647237,0.00015769274614285678
0.00023645277542527762,3.12224765366409e-05,-0.00039136057603172963,0.0002576863043941557,0.00015408461331389844
0.00018652908329386264,6.195117020979524e-05,-0.0004673408402595669,0.00026513976627029484,0.0001592428016010672
0.00021332420874387023,6.418115663109347e-05,-0.0004975739284418523,0.00023633880482520908,0.00013027111708652228
0.00020294771820772442,0.00012162025814177468,-0.0005534851225093007,0.00023017136845737696,5.333140870789066e-05
0.00017757822934072465,0.00010707183537306264,-0.0005294340080581605,0.00020662193128373477,2.815234438457992e-05
0.0001880738709587604,2.69566571660107e-05,-0.0005170349031686783,0.0001927056728163734,2.812205093505327e-05
0.00018810201436281204,2.915201912401244e-05,-0.000526940100826323,0.00018820862169377506,2.973179107357283e-05
0.00018196339078713208,7.779891348036473e-06,-0.0005123084411025047,0.00018574405112303796,2.789648533507716e-05
0.00018415301747154444,8.537663234164937e-06,-0.0005349296261556448,0.00016857018636073917,7.852831913623959e-06
0.00019219158275518566,2.5187304345308803e-05,-0.0005276454612612723,0.00018042519513983282,2.891801341320388e-05
0.00018683573580347,1.565892671351321e-05,-0.0005081959534436464,0.00018053854000754652,2.213858169852756e-05
0.00020778834004886448,3.659151479951106e-05,-0.0005267222877591847,0.0001828187087085098,2.8445563657442108e-05
0.0001993038604268804,3.094417479587719e-05,-0.0005253346171230078,0.0001831959380069748,1.9406290448387157e-05
0.0001850119442678988,3.31619376083836e-05,-0.0005295980954542756,0.0001920052891364321,2.6723519113147628e-05
0.0001883862860267982,2.69076645054156e-05,-0.0005304618971422316,0.0001873489818535745,1.864890145952813e-05
0.00019420251192059368,1.6324545867973942e-05,-0.0005031712353229524,0.0001988261356018484,4.5645789214177064e-05
0.00018694231403060257,5.262440481601516e-06,-0.0005007627769373356,0.00019971464644186201,3.2506381103303283e-05
0.00017495323845651,1.899492235679645e-05,-0.0005164883914403617,0.00018223591905552894,2.412729918432888e-05
0.00017943381681106985,1.1875366908498108e-05,-0.0005241221515461801,0.00018554639245849103,1.805689862521831e-05
0.00020216815755702555,5.4664960771333426e-05,-0.0005125498282723129,0.0001952391176018864,4.094173345947638e-05
0.0002137930132448673,0.0001604426943231374,-0.0005906338919885457,0.00020248303189873693,8.78553601069143e-06
0.000216697488212958,0.00015003561566118148,-0.0005843691760674119,0.0002061057020910084,1.0948349881800825e-05
0.00019458636234048754,9.476594277657568e-05,-0.0005400543450377882,0.0002077498793369159,1.9652894479804672e-05
0.0002170045336242765,0.00019775563850998878,-0.0005302889039739965,0.00025510729756206274,2.757599759206641e-05
0.00021904129243921486,0.00027209208928979933,-0.0005671531544066966,0.00032179325353354216,0.00010804874182213098
0.00020084621792193502,0.00015501175948884338,-0.00045680219773203135,0.00032219107379205525,0.00014544631994795054
0.0002254116116091609,0.00021493602253030983,-0.0004416931769810617,0.00040141100180335343,0.00015349528985098002
0.0001411570847267285,0.00011332656868034974,-0.00025930182891897857,0.00044726717169396585,0.0002539975685067475
0.00013291243521962318,-5.1951999921584495e-05,-0.00024938583374023443,0.0003952585102524608,0.00025500700576230884
0.00013122599921189249,-6.768370803911239e-05,-0.00033162051113322377,0.00030650035478174686,0.00019532762235030526
0.00013344096078071743,-6.152975402073936e-05,-0.0003818949335254728,0.0002623224281705916,0.00014285284851212054
0.00015253169112838805,-5.303592115524225e-05,-0.0004326081834733486,0.0001954074832610786,8.636028360342607e-05
0.0001868081308202818,1.7265410861000422e-05,-0.0004816666187252849,0.00018391033518128097,6.0266105720074854e-05
0.0001685093593550846,1.702114059298765e-05,-0.0005195169942453504,0.00019584207620937375,2.4041893993853588e-05
0.0001683965383563191,-3.062366658923565e-06,-0.00048396154306828976,0.00018529071530792865,3.7033252738183364e-05
0.00020698553998954597,0.0001290507789235562,-0.00048576603876426816,0.0003456043195910752,0.00014370385906659067
0.0001756964920787141,0.00013311218935996294,-0.0004604888090398162,0.0003592580615077168,0.00016527115076314658
0.00016872472770046443,-8.388214337173851e-05,-0.0004641785635612905,0.00013627676526084542,4.355730197858066e-05
0.00019603368127718568,-5.093107756692916e-05,-0.00045854577911086375,0.0001562447432661429,4.7395631554536515e-05
0.00019182432151865211,-3.17580925184302e-05,-0.000490532023832202,0.00016629080346319824,3.484200715320185e-05
0.00018837917014025152,9.361709817312658e-05,-0.000516005209647119,0.00018487575289327649,1.3312693226907868e-05
0.00017836653569247574,0.00011693486885633321,-0.00048534068628214294,0.00022474088473245504,8.546161552658305e-05
0.00016864448843989519,-1.0057491635961924e-05,-0.00043234860640950496,0.0002268159587401897,0.00010305837349733338
0.0001921552902786061,-2.856017272279132e-05,-0.00044643224100582307,0.00021680018107872456,8.834523032419384e-05
0.00020234441035427156,-9.9890985438833e-06,-0.00047706009354442363,0.00020417488121893257,8.423463441431522e-05
0.00017106079030781984,-1.4089906471781433e-05,-0.000504497904330492,0.00016463641077280045,2.276032500958536e-05
0.00018590924446471035,-6.7339346969674816e-06,-0.0005113222869113088,0.0001766345667419955,2.7891017452930104e-05
0.00018028264457825569,4.848508069699165e-06,-0.0005286172381602229,0.00016451354895252734,1.1590752365009395e-05
0.00019906825036741796,0.00013943375961389393,-0.0005382931558415294,0.00027379102539271116,7.631741755176336e-05
0.00019848231750074774,0.000141948985401541,-0.0005394224426709117,0.0002782680676318705,8.059585525188595e-05
0.00020306299848016351,4.470882413443178e-05,-0.0005205396446399392,0.00020053616026416418,4.845988223678432e-05
0.00018564792117103934,3.673354058264522e-06,-0.0004720595316030085,0.0002086259773932397,7.403123163385317e-05
0.00018690896104089918,2.812535967677832e-05,-0.0004814587591681629,0.00021166232181712982,7.57912639528513e-05
0.00017277021834161133,2.463590499246493e-05,-0.0005076163215562701,0.0002070357877528295,4.255366366123781e-05
0.00017800570640247318,3.4872107789851725e-05,-0.0005213821423240006,0.0001991799072129652,2.274218240927439e-05
0.00020679933368228376,0.00017997283430304378,-0.0005133095546625555,0.0003236760385334492,0.00011820234794868156
0.00017367176769766957,9.048389620147644e-05,-0.0004599324602168053,0.00027798613882623613,0.00010266511526424439
0.0001766000932548195,-2.708992724365089e-05,-0.00047070745495148,0.00019695924129337072,6.998022581683472e-05
0.00018099404405802488,7.561004622402834e-06,-0.00047820882173255086,0.00022066508245188746,6.682965613435955e-05
0.00019688386237248776,7.93646031524986e-05,-0.0004942506202496588,0.0002318773476872593,5.437847721623257e-05
0.00020707870135083797,0.00013101611693855375,-0.0005294475704431534,0.00023212404630612582,3.8894700992386795e-05
0.0001855193258961663,3.338001988595352e-05,-0.0004893287550657989,0.0001946973352460191,3.7210746086202555e-05
0.00018335063941776752,-7.935658459246042e-07,-0.0004799830494448543,0.0001772325049387291,4.802773401024752e-05
0.0001867865357780829,9.415809472557156e-05,-0.0004990292363800108,0.0002745415549725294,8.675976278027521e-05
0.00017862241656985134,4.683683073380962e-05,-0.0004846507799811661,0.00023245874035637823,6.0029760788893334e-05
0.0001862837380031124,-8.383571184822356e-06,-0.0004900427302345634,0.00018990470562130213,3.4610347938723855e-05
0.00019201464601792395,8.313479338539764e-05,-0.00047250473289750516,0.0002846643910743296,0.00010223156277788804
0.0001848443498602137,-7.920199277577922e-05,-0.0004743713652715087,0.00015094033733475953,2.7851845516124737e-05
0.00021780339011456817,-4.15036229242105e-05,-0.0005126175819896163,0.00014359221677295864,1.3453622159431688e-05
0.00019488000543788075,7.325868500629441e-05,-0.00046392148942686623,0.00029146511224098504,0.00014388667477760464
0.000180441202246584,8.602876914665103e-05,-0.0004485897079575807,0.0003088840749114752,0.00014975575322750956
0.00017360861238557845,6.274969200603664e-05,-0.00046714753261767333,0.0002832719183061272,0.00011796470789704473
0.00018095533596351743,5.146044713910669e-05,-0.0004852528800256551,0.00024043773009907452,7.453008583979681e-05
0.0002173705433961004,6.838538683950901e-05,-0.0005065071163699031,0.00022851230460219083,6.636923353653401e-05
0.00019397647702135143,3.357216337462887e-05,-0.0004976728814654052,0.00021113087132107464,4.8925074224825955e-05
0.00019063950458075848,4.42879791080486e-05,-0.0005182203021831809,0.00021109897352289408,3.766287409234792e-05
0.0001931987208081409,3.8747901271563017e-05,-0.0005114647210575639,0.00019899003382306543,4.7016914322739474e-05
0.00020352296996861696,1.3882508937967941e-05,-0.0004994458868168294,0.00020046769350301477,5.946503733866848e-05
0.00019764112948905682,1.595649155206047e-05,-0.0005156653933227061,0.00018049684877041727,2.275843144161627e-05
0.0002015162608586252,3.150896736769937e-05,-0.0005157114937901497,0.00017060981190297753,2.6934883862850256e-05
0.00022768331109546122,5.55157457711175e-05,-0.00040082406485453253,0.00017777059110812846,6.43742605461739e-05
0.0002689049579203129,9.661266813054681e-05,-0.0005754753947257996,0.0001896738249342889,2.8113203370594423e-05
0.00022423447808250785,6.388644396793097e-05,-0.0005463427514769137,0.00018326929421164093,1.701199471426662e-05
0.00020382316142786292,3.330546314828098e-05,-0.0005355695611797273,0.00018381717381998897,2.7423353458289057e-05
0.00021107055363245308,5.2767860324820504e-05,-0.0005288798129186034,0.0001985624840017408,4.631271440302953e-05
0.0001968059514183551,4.645331864594482e-05,-0.000508237979374826,0.00018932785314973444,3.5176355595467605e-05
0.0001914405293064192,2.4821112674544565e-05,-0.0004976056516170502,0.0001889110280899331,3.6605095374397933e-05
0.00021026463946327567,5.160057480679825e-05,-0.0005023573176003994,0.0002032327902270481,4.615974830812775e-05
0.0002029052993748337,3.9614998968318105e-05,-0.0005201160674914718,0.0002096227399306372,4.796730718226172e-05
0.00019244389841333032,4.486469333642161e-05,-0.0005264521460048853,0.00019505535601638258,2.1183888748055324e-05
0.00019536401669029144,2.984571256092749e-05,-0.0005270371329970658,0.00019123290257994088,3.772199124796316e-05
0.00019847524526994675,4.263762093614787e-05,-0.0005282787606120111,0.0002012285694945604,3.4523807698860765e-05
0.0001968394935829565,3.957549415645189e-05,-0.0005169580108486116,0.00021734178881160915,4.613299097400159e-05
0.00018850380729418248,3.907801510649733e-05,-0.0005119260749779642,0.0002096631651511416,4.18452727899421e-05
0.00020877545466646552,2.846129245881457e-05,-0.0005129172932356597,0.000200399590539746,3.7305937439668924e-05
0.00021014953381381932,2.8857701181550514e-05,-0.0004983512335456908,0.0002031702606473118,3.9083326555555686e-05
0.00017616673721931875,9.468184543948157e-06,-0.0004897676990367472,0.00018646671378519386,2.524562478356529e-05
0.00018380221445113418,2.1191426640143615e-05,-0.0005068666068837047,0.0002033760683843866,4.6255703637143604e-05
0.00019787767087109387,3.0135293854982592e-05,-0.0005079386755824089,0.00020414430764503777,4.056951365782879e-05
0.00018866751634050158,3.8788439269410446e-05,-0.0005183181492611767,0.00020207730995025488,3.980091787525453e-05
0.000215432039112784,0.0001880789641290903,-0.0005257069715298712,0.0002707137900870293,4.451324639376253e-05
0.0002266742085339501,0.0002173635148210451,-0.0005454456550069153,0.00037043969496153295,0.00015297156642191112
0.00023254116240423173,0.000256921979598701,-0.00047178292879834766,0.0004336493730079383,0.0002261068148072809
0.0002043181739281863,0.00018963776528835297,-0.0004337223072070629,0.0004217478563077748,0.00022242272098083052
0.00018109318625647572,0.00010776121780509128,-0.00044292322127148514,0.0003660797665361315,0.000192115840036422
0.00012896697444375602,1.0342138921259902e-05,-0.0004218530957587063,0.0002830574521794915,0.0001324792247032747
0.00014070434554014355,5.2680170483654365e-06,-0.000453820190159604,0.0002407710999250412,7.649656618013978e-05
0.0001348837249679491,-2.7542879251996052e-05,-0.0004595917707774788,0.00019187608268111944,4.267608892405405e-05
0.00015573682321701202,2.407151259831153e-05,-0.0004636853118427098,0.0001978430664166808,4.6100241888780154e-05
0.00018958224973175677,9.326035797130316e-05,-0.0005366302793845534,0.0002181049931095913,3.371867205714807e-05
0.00015752609760966152,6.421630678232759e-05,-0.0005086801247671247,0.00020633770327549428,3.7068584788357846e-05
0.0001816206204239279,0.00010222290438832717,-0.000501772970892489,0.0002528909535612911,7.00157179380767e-05
0.00017588396440260112,0.00013328093336895108,-0.000548646436072886,0.0002658387820702046,6.2089558923617e-05
0.00014948636817280206,2.5386478228028864e-05,-0.00048504499136470264,0.00018661402282305065,4.613505734596402e-05
0.00014283839846029878,-4.898359475191682e-05,-0.00046090479008853436,0.0001779802842065692,5.048186721978709e-05
0.00014358590124174953,-4.2440704419277615e-05,-0.0004664931329898536,0.00017451516760047525,4.152448309469037e-05
0.00015305609849747268,-4.168125815340318e-05,-0.0004670924390666186,0.00016990631411317736,2.850877717719413e-05
0.00016546504048164934,-3.6394529161043465e-05,-0.000492448452860117,0.00016882987983990458,1.822972626541741e-05
0.00016810867236927152,-2.0046107238158584e-05,-0.0004943669773638248,0.00017932901391759518,2.6619589334586635e-05
0.0001743481116136536,-1.1165010619151872e-05,-0.0004949222784489393,0.00018160289619117973,2.902011328842491e-05
0.00017301258048973978,-9.426298674952704e-06,-0.0004964632680639625,0.0001807575608836487,3.1058447348186746e-05
0.0001972216705325991,2.9409049602691084e-05,-0.0005024862475693227,0.00018765396089293063,3.6028639442520216e-05
0.00019059062469750645,1.420285570929991e-05,-0.0005139897693879902,0.0001841419725678861,3.1113559089135385e-05
0.00017759561887942255,5.3099006436241325e-06,-0.0005074195214547217,0.00018691686273086816,3.156543971272185e-05
0.000171361694810912,-7.678066140215378e-06,-0.0005034237983636558,0.0001884244265966117,3.049020597245544e-05
0.00017444974218960851,5.881281140318607e-06,-0.0005048842285759747,0.0001975522754946724,3.78359472961165e-05
0.00018343636475037783,2.461680378473829e-05,-0.0004879898915532976,0.00020730328105855733,5.12515616719611e-05
0.00017262007168028504,8.214056833821816e-06,-0.00050622399430722,0.0001932692393893376,3.756167279789224e-05
0.00016765388136263937,1.8054792235489003e-05,-0.0005038549425080419,0.0001928126876009628,3.694275437737815e-05
0.0001717421691864729,1.6546931874472648e-05,-0.0004979801597073674,0.00020593072986230251,3.8841426430735744e-05
0.00018006042228080332,3.221104270778597e-05,-0.000515295541845262,0.00020741105254273864,4.335099583840929e-05
0.00017594065866433084,3.829301567748189e-05,-0.0005351184518076478,0.0001995371421799064,2.617603604448959e-05
0.00017661448509898037,3.559337346814573e-05,-0.0005279822507873178,0.00019001244800165296,2.998337004100904e-05
0.00018211023416370156,2.8738066248479303e-05,-0.0005072848289273678,0.00020608316117431968,5.047046943218447e-05
0.00017923479026649147,2.491460145392921e-05,-0.0005022702389396727,0.0002144408063031733,5.304486330715008e-05
0.0001692147779976949,2.4604440113762397e-05,-0.0005170769290998578,0.0002023796405410394,4.194353459752165e-05
0.0001649144251132384,2.7145115382154472e-05,-0.0005133098457008599,0.00020279112504795196,3.605690653785132e-05
0.00016679732652846724,4.3255648051854216e-05,-0.0005049957544542849,0.0002123151352861896,4.457246177480556e-05
0.00018109327356796712,3.2218060368904844e-05,-0.0005010665627196431,0.00021213131549302489,4.5258348109200604e-05
0.00018522045866120607,2.9001135771977715e-05,-0.0004894220037385821,0.00021829237812198696,5.9547684941208e-05
0.00015991102554835382,2.698413845791947e-05,-0.0004960953956469893,0.0002238168817711994,4.3071835534647114e-05
0.00018657046894077206,1.949411671375856e-05,-0.000495570944622159,0.000211903199669905,5.675817374140024e-05
0.00016925980162341148,5.903174496779684e-06,-0.0004634799552150071,0.00022116696345619857,5.233480260358192e-05
0.0001972876489162445,8.801954390946776e-05,-0.0005208938382565974,0.00020731438416987658,3.1946870876709006e-05
0.00018852610082831236,9.371572377858683e-05,-0.0005678585730493069,0.00022018614981789145,2.413856600469444e-05
0.00017926924920175225,7.338209979934618e-05,-0.0005231046234257518,0.00021981204918120056,4.8274272558046505e-05
0.00016958414926193655,4.616173100657761e-05,-0.0005110320635139941,0.0002203159674536437,5.725676965084858e-05
0.00017207709606736896,4.4234035158297054e-05,-0.0005189838702790438,0.00022222475672606382,4.8075082304421806e-05
0.00016076826432254165,4.001406341558322e-05,-0.0005025406135246159,0.00021678293705917892,4.4600736146094284e-05
0.00015695426554884764,4.268742850399576e-05,-0.0004959513316862285,0.00023447253624908623,7.126199488993734e-05
0.00020233956456650048,0.0002039236132986844,-0.0005789615097455679,0.00031051255064085126,8.97208446986042e-05
0.00019030981638934463,0.00019679781689774242,-0.00045882287668064237,0.00035280772135592997,0.00016975334438029674
0.00015401818382088095,0.00010609848686726764,-0.00042793256579898303,0.0003522119659464807,0.00017903439584188163
0.00013527167902793735,3.780497718253173e-05,-0.00042986011249013245,0.0002972752263303846,0.00013295265671331435
0.00013179013330955058,3.767628868445172e-06,-0.0004340208251960576,0.0002661131147760898,0.0001279817515751347
0.0001398476742906496,2.5225055651389997e-05,-0.0004539867804851383,0.00025598143110983074,9.253817552234976e-05
0.00014552756329067051,1.8762297258945185e-05,-0.0004718495765700936,0.00023659205180592838,8.377747872145846e-05
0.0001459208579035476,1.84378404810559e-05,-0.0004791045212186873,0.00023890141164883969,7.080770592438057e-05
0.00014250959793571385,1.0787167411763221e-05,-0.00045783279347233474,0.00021871319040656092,5.1967366744065664e-05
0.00015234522288665175,1.2586966477101667e-05,-0.00048196996795013547,0.00022254754730965942,6.17287732893601e-05
0.00015443708980455997,1.1335374438203873e-05,-0.0004758352879434824,0.00022368611826095733,5.079840047983453e-05
0.00014542959979735315,7.01843327988172e-06,-0.0004867810348514468,0.00020855623006355017,4.850292316405103e-05
0.0001398908789269626,1.4854203072900418e-05,-0.0004940956132486463,0.00021801682305522263,5.227306974120438e-05
0.0001481988147133961,6.7509899963624775e-06,-0.0004887286922894418,0.00021792597544845196,4.915028330287896e-05
0.00015404439182020724,7.203970199043398e-06,-0.0004988443688489497,0.00021716731134802106,5.50022887182422e-05
0.00015013212396297604,1.1883551451319365e-05,-0.0004971505841240287,0.00020243939070496708,3.26358167512808e-05
0.00014227087376639247,7.895665476098657e-06,-0.000504457566421479,0.0001981998793780804,4.1962324758060277e-05
0.00014650584489572793,1.2589528523676565e-05,-0.0005002582911401987,0.00020113150821998715,3.7190169678069644e-05
0.00015930579684209079,3.3258609619224444e-05,-0.0005034239729866384,0.0002076542004942894,4.023467408842407e-05
0.00016519572818651798,0.00012381933629512787,-0.0005348751437850295,0.00022810655354987833,2.2174564946908504e-05
0.00015844326117075982,0.00011927643936360256,-0.0005219207378104329,0.00027754902839660645,9.556081204209477e-05
0.00016352935926988718,6.921271415194497e-05,-0.0004987689899280667,0.00024742612731643016,7.886112143751234e-05
0.00015006004832684996,2.353467243665364e-05,-0.0004895455786027013,0.0002241030888399109,7.444757648045197e-05
0.00016502522339578718,4.260785135556944e-05,-0.0005106532480567694,0.00022710827761329708,7.13795961928554e-05
0.00015393116336781534,2.408952241239604e-05,-0.0005111083737574519,0.0002177594869863242,6.445188773795962e-05
0.00015086022904142737,6.301486791926437e-06,-0.00048199214506894345,0.00022342300508171317,6.497485446743667e-05
0.0001278670533793047,8.409538168052679e-06,-0.0004955126787535846,0.00021405884763225916,4.523938332567923e-05
0.00013453268911689523,1.3980870789964685e-05,-0.00048244185745716095,0.00022739672567695382,5.197645805310458e-05
0.00016158899234142154,1.0432842827867717e-05,-0.0004908718983642757,0.00021443900186568496,5.4842217650730156e-05
0.00015088971122168002,1.4780372339373569e-06,-0.0004957916098646821,0.00021414988441392782,5.0713199016172446e-05
0.00014139407721813768,1.3980902622279245e-05,-0.0004916270263493061,0.00022178285871632403,6.932557153049856e-05
0.00015877447731327266,1.8426415408612232e-05,-0.0004902604850940406,0.00022256714873947203,6.411789945559576e-05
0.0001445061934646219,8.764702215557918e-06,-0.00048448680900037283,0.00021679178462363782,4.286173134460114e-05
0.0001321435411227867,7.948148777359165e-06,-0.0005036190850660205,0.000204881391255185,3.5604258300736547e-05
0.00013950160064268855,1.01650020951638e-05,-0.0005015555070713162,0.0002106491447193548,4.4007214455632486e-05
0.00014264027413446456,1.5701672964496535e-05,-0.0004981169477105142,0.0002120015706168488,3.6646375519921996e-05
0.00014575960813090205,9.238570783054456e-06,-0.0004936492769047618,0.0002092281938530505,5.4109565098769956e-05
0.00014374607417266816,1.0398343874840066e-06,-0.000496838241815567,0.00021046381152700638,3.63652034138795e-05
0.00016777297423686832,1.5062188140291253e-05,-0.0005047607701271771,0.00022700564295519146,5.264910942059942e-05
0.00014687946531921622,1.5879017155384645e-05,-0.0005066611338406801,0.00021131031098775568,4.167080987826921e-05
0.00013991896412335336,2.613855576782953e-05,-0.000497444358188659,0.0002280070330016315,5.3979390941094614e-05
0.00013649783795699474,1.426210565114161e-05,-0.0004917271435260774,0.00022882429766468706,6.54040341032669e-05
0.00013637647498399022,9.391106686962303e-06,-0.0004986241692677139,0.00020967843011021611,3.724663110915572e-05
0.00014822538651060313,2.7655032681650482e-05,-0.0004940023645758629,0.00022887560771778223,5.131975558470003e-05
0.00014767827815376222,1.9276892999187112e-05,-0.0004540065710898488,0.00022367169731296602,5.5542284826515236e-05
0.00016393998521380126,3.614291563280858e-05,-0.0004818831803277135,0.0002199157752329484,5.333424269338138e-05
0.00014478668163064867,3.5364391806069755e-05,-0.0005025722784921527,0.0002113969094352797,3.269595617894083e-05
0.00014720403123646975,2.7040616259910173e-05,-0.0005073805805295706,0.00021266999829094857,3.982268754043616e-05
0.00015194922161754218,1.4213614122127184e-05,-0.0005012676701880991,0.00021108359214849767,5.508957110578194e-05
0.0001495270262239501,6.044871042831802e-06,-0.0004983696271665393,0.00020929452148266134,5.271803092909977e-05
0.00014392287994269282,2.100722304021474e-05,-0.0004971179296262561,0.0002095882227877155,4.5788867282681174e-05
0.00014740921324118972,2.7533462343853902e-05,-0.0005121843423694372,0.00021027175534982237,4.252019425621256e-05
0.0001564381818752736,3.086796641582623e-05,-0.0004958466161042452,0.0002265696530230344,4.769064616994001e-05
0.00016409366799052805,2.2578369680559266e-05,-0.0004950148868374528,0.00022037867165636269,6.217342888703571e-05
0.0001442561042495072,3.779722101171501e-05,-0.0005056373775005341,0.00021786727302242068,4.6627301344415166e-05
0.00015184828953351823,2.1374853531597186e-05,-0.0004835245781578124,0.00022607491700910035,6.908844807185233e-05
0.00016284242155961692,3.671538433991373e-05,-0.0004903351073153316,0.00022291284403763711,5.9770212828880176e-05
0.00015039925347082317,2.127791231032461e-05,-0.0004948968417011201,0.00022193216136656704,6.071254392736592e-05
0.00014126564201433212,2.7638992833090008e-05,-0.0005098590045236051,0.00021907212794758382,4.143996557104401e-05
0.0001353733241558075,3.219179416191764e-05,-0.0004939177888445556,0.00021044581080786884,3.68138134945184e-05
0.00015743273252155632,5.92000360484235e-05,-0.0005223763291724026,0.0002222690527560189,5.0050952268065885e-05
0.00015781106776557863,7.159127562772483e-05,-0.0005273824790492654,0.0002364853862673044,5.642635369440541e-05
0.0001503690582467243,5.255474025034346e-05,-0.0004910475108772516,0.00024195529113057998,6.986236985540017e-05
0.00013823391054756942,2.8598851713468324e-05,-0.0004782219766639173,0.0002286963572259992,8.465875725960359e-05
0.00017178594134747982,6.453756213886662e-05,-0.0004819299501832575,0.0002684709033928812,8.167365740519017e-05
0.000163572549354285,5.0594677304616205e-05,-0.0004949528374709189,0.0002580202999524772,6.508344085887074e-05
0.0001277759874938056,9.954903362086044e-06,-0.0004939764621667564,0.00021981948520988226,5.044978388468735e-05
0.00012989441165700558,3.163597648381256e-05,-0.0005007124273106456,0.00022131082369014618,5.14324456162285e-05
0.0001619602699065581,5.444369890028611e-05,-0.0005066102021373808,0.00025501634809188545,7.177631778176874e-05
0.00015439996786881238,2.526237949496135e-05,-0.0004952101153321563,0.0002311045682290569,6.327527080429718e-05
0.00013653603673446923,2.605839654279407e-05,-0.0005045673460699618,0.0002087937464239076,4.035584788653068e-05
0.00013729592319577932,3.1303108698921285e-05,-0.0004985350533388555,0.00021963579638395456,5.3963511163601645e-05
0.00014448435103986412,2.4100874725263573e-05,-0.0004958249046467245,0.0002207658544648439,5.2242870879126706e-05
0.00013855435827281326,1.0122026651515624e-05,-0.0005056611262261869,0.00021151118562556803,4.021247877972201e-05
0.00012530703679658473,3.986104275099933e-05,-0.0005005724960938097,0.0002306192909600213,5.4717263992642984e-05
0.00013702097930945456,3.811625720118173e-05,-0.0005064016440883279,0.00022973932209424677,5.58758620172739e-05
0.0001397400046698749,3.179995474056341e-05,-0.0003621835494413972,0.00024487043265253305,0.00012193065049359575
0.0001744755863910541,8.116208482533692e-05,-0.0004967706627212465,0.00021295003534760326,5.9122230595676235e-05
0.00015553891716990617,5.943283758824691e-05,-0.0005311346612870693,0.0002207252837251872,4.724196332972497e-05
0.00015072690439410508,4.637094752979465e-05,-0.0005151737714186312,0.00021886397735215726,4.765199264511466e-05
0.0001317348796874285,2.4146611394826323e-05,-0.0004959225771017373,0.0002202655887231231,4.529361831373535e-05
0.0001491252041887492,3.4885266359196976e-05,-0.0004886190290562809,0.00023726378276478502,7.855716830817984e-05
0.00016672814672347158,6.105469947215171e-05,-0.00047607626765966415,0.0002236309665022418,5.529675399884582e-05
0.00015034478565212342,2.602147105790209e-05,-0.0004911019350402057,0.00022549020650330934,5.005361890653148e-05
0.0001396247826050967,2.3843811504775655e-05,-0.0005085667362436652,0.00021831435151398185,4.6377255785046145e-05
0.00014598632697016,3.699558874359354e-05,-0.000477646040963009,0.0002371610171394423,7.646048470633104e-05
0.00015560489555355161,3.096672662650235e-05,-0.0004858891479671002,0.0002406585990684107,8.994421659735963e-05
0.00014671658573206514,2.3740261895000007e-05,-0.0004868211690336466,0.00022823107428848746,6.713947368552908e-05
0.0001513973402325064,2.0423874957486987e-05,-0.0004725306353066117,0.00022049040126148609,6.762886187061667e-05
0.00014723256754223257,3.211452713003382e-05,-0.0004849812248721719,0.00023293009144254034,6.651123112533242e-05
0.0001566850405652076,2.345861503272317e-05,-0.0004963526735082269,0.00022984610404819247,8.174162940122187e-05
0.0001522045495221391,4.5370215957518674e-05,-0.0004973806790076196,0.00022127231932245195,5.134653110872023e-05
0.00014968859613873065,3.6131703382125124e-05,-0.0004980819649063051,0.00023166275059338656,6.157653842819855e-05
0.0001521638187114149,1.833189344324637e-05,-0.000478090689284727,0.00022136418556328863,6.37615958112292e-05
0.00013621592370327562,1.7846416085376404e-05,-0.0004985026316717267,0.0002192043757531792,4.253932638675906e-05
0.00013980716175865382,3.644124080892652e-05,-0.00047228252515196795,0.00023373820295091718,5.843712278874591e-05
0.00014602846931666136,2.0189190763630904e-05,-0.0004875489685218781,0.0002296547027071938,7.28833838365972e-05
0.00014070203178562224,1.5480993170058355e-05,-0.0004924857057631017,0.00022327768965624278,5.672147744917311e-05
0.00015230099961627275,9.655436770117376e-06,-0.000497676432132721,0.0002258248714497313,5.87111062486656e-05
0.00016749382484704256,2.4491577278240584e-05,-0.0004988692235201597,0.00022594591428060082,6.434180249925703e-05
0.000152031090692617,2.1399620891315866e-05,-0.0004952827584929763,0.00022987311240285635,5.87918002565857e-05
0.00013752683298662305,2.07585544558242e-05,-0.0004989237058907747,0.00022729049669578671,6.052683602320029e-05
0.00013883943029213697,2.7326686904416423e-05,-0.0004978037322871387,0.00022206956055015328,4.21616350649856e-05
0.00013619745732285082,1.855563823482953e-05,-0.0004782887699548155,0.00022397738939616832,5.080308983451687e-05
0.00014542324061039835,1.556786082801409e-05,-0.0004975444171577691,0.00021545060735661536,5.107408651383594e-05
0.0001414790895069018,1.6861604308360253e-05,-0.0005056791706010699,0.00021891553478781134,4.412646376295015e-05
0.00014888847363181412,3.377341272425838e-05,-0.0004990492016077042,0.0002363363892072812,7.203425775514916e-05
0.00016032309213187546,4.088769492227584e-05,-0.0004890852724201976,0.00024277302145492285,5.609507934423164e-05
0.00014409380673896519,2.935764496214688e-05,-0.00047762313624843966,0.00023331835109274834,7.166945579228923e-05
0.00015157216694206002,2.9086075301165693e-05,-0.00047466054093092685,0.00023439592041540888,7.169551827246323e-05
0.00015721155796200037,2.6967334633809514e-05,-0.0004832017002627254,0.0002376625343458727,6.335132638923824e-05
0.000150683059473522,3.304175697849132e-05,-0.0004891147254966199,0.0002487343444954604,6.0423779359553016e-05
0.00015203977818600833,2.471454172336962e-05,-0.0004967313725501299,0.00022396053827833384,4.991356036043726e-05
0.0001469304843340069,3.5952183679910383e-05,-0.0004881645727436989,0.0002211751270806417,6.823420699220151e-05
0.0001573277113493532,5.288962347549386e-05,-0.0004930909490212798,0.00022080200142227113,5.1170485676266246e-05
0.00014540989650413394,5.642368705593981e-05,-0.0004706757608801127,0.0002743684453889728,0.00011178247950738296
0.00011991336941719055,3.8141090044518926e-05,-0.0004520143556874245,0.00028532269061543053,0.00012126506044296548
0.00012246680853422728,3.16277400997933e-05,-0.0004648531321436167,0.00026852235896512866,0.00010975031909765676
0.0001188823371194303,2.4652004867675714e-05,-0.00047050311695784336,0.000243141214014031,8.462183177471161e-05
0.00014122610446065664,3.7107060052221634e-05,-0.0005006815772503613,0.00023868448624853042,6.275236955843866e-05
0.00016336615954060107,3.45828702847939e-05,-0.0004927454865537584,0.0002396416530245915,7.594001363031566e-05
0.00014615312102250758,7.117228233255446e-05,-0.0004926103865727782,0.00023421959485858682,6.577187014045194e-05
0.0001482633815612644,9.607540414435789e-05,-0.0005362912779673934,0.00025466721854172647,9.036144911078736e-05
0.0001382640766678378,9.203574882121757e-05,-0.0005185676855035126,0.00025572587037459016,0.00010005301010096447
0.0001326457131654024,5.9445334045449265e-05,-0.0005098580732010305,0.00025680387625470763,8.273519051726906e-05
0.00014911660400684926,6.010060678818263e-05,-0.0004988176515325903,0.0002580313303042203,9.515645069768652e-05
0.000126485203509219,2.573714118625503e-05,-0.0005069584003649652,0.00022116297623142597,6.573356949957088e-05
0.0001294898393098265,4.541290036286227e-05,-0.0004997365758754313,0.0002398680662736297,7.105302938725799e-05
0.00012824873556382954,3.208834459655918e-05,-0.0004898043116554618,0.0002328520204173401,7.935784378787503e-05
0.00012109262024750933,1.4650066077592786e-05,-0.0005064775468781589,0.00021118679433129728,4.767597783938982e-05
0.00012166909436928108,2.3948383386596106e-05,-0.0005033216439187528,0.0002183094184147194,4.879468178842217e-05
0.00014460172678809613,3.727923831320368e-05,-0.0004921586951240896,0.0002341435174457729,5.494956712936983e-05
0.00015560752945020795,5.5003019951982424e-05,-0.0005134211387485267,0.00023362747742794454,4.371754766907543e-05
0.00013057944306638092,1.4914160601620095e-05,-0.0004976794007234275,0.0002098296245094389,4.326696944190189e-05
0.00014793539594393226,2.88846276816912e-05,-0.0005027349689044058,0.00023167180188465863,4.755578265758231e-05
0.00014243401528801766,2.3881735614850186e-05,-0.0004995441413484514,0.0002245483628939837,5.4435517085948966e-05
0.00013528892304748297,1.6515879906364717e-05,-0.0005001648096367717,0.00021343484695535156,4.144492049817927e-05
0.00014446502609644085,3.2880434446269646e-05,-0.0005068847676739097,0.0002246960502816364,6.397408287739381e-05
0.00017758864851202816,7.774664118187502e-05,-0.0005114035448059441,0.00021801939874421805,5.134955063113011e-05
0.0001844064827309921,0.00016408076044172049,-0.0005895748035982251,0.00026045800768770283,7.611452747369185e-05
0.00015918081044219434,0.0001364878989988938,-0.0005537548568099737,0.0002608694776427001,9.040983422892168e-05
0.00013589314767159522,9.457773558096959e-05,-0.0004961204831488429,0.00026431956212036306,9.414785017725079e-05
0.00011690881365211679,4.967672430211678e-05,-0.0005008070729672909,0.00025605515111237764,8.479015377815813e-05
0.00010627428855514154,1.945778240042273e-05,-0.0004870335687883198,0.00023460702504962685,7.055909372866154e-05
0.000113357076770626,2.5189036023220982e-05,-0.0004904018715023994,0.0002360095095355064,7.214154175017029e-05
0.00016155678895302117,2.7783629775512964e-05,-0.00048608498764224345,0.00023018961655907333,7.45471188565716e-05
0.00012619997141882777,2.4703138478798792e-05,-0.0004802202165592462,0.0002294444711878896,6.065412526368164e-05
0.00012910572695545852,1.6151612726389427e-05,-0.0004761900345329195,0.00023608193441759795,6.176111492095515e-05
0.0001247373438673094,7.946089681354351e-06,-0.0004894177545793356,0.00022300933778751642,6.600260530831291e-05
0.00012985013017896566,3.104584538959898e-05,-0.00048536271788179874,0.0002251391561003402,5.5341683037113405e-05
0.0001299545110668987,1.9559334759833288e-05,-0.0005012516630813478,0.00021694350289180878,4.881612767348997e-05
0.00014658726286143064,2.487281744834036e-05,-0.0004976349300704896,0.0002223775663878769,4.861231718678027e-05
0.0001181103434646502,1.5210726814984811e-05,-0.0004928207490593195,0.0002143449964933097,4.270930730854161e-05
0.00012635186430998147,1.844090729719028e-05,-0.0004987649735994637,0.00021665863459929824,4.810199970961549e-05
0.00014448470028582958,2.0575946109602228e-05,-0.0004980482044629753,0.0002257676242152229,5.005746788810938e-05
0.00016321978182531893,0.00013986628619022667,-0.0005583476740866901,0.00029202402220107615,0.00010912845755228771
0.00015340629033744335,0.0001566303544677794,-0.00050200498662889,0.00031077759922482073,0.00015347790031228215
0.00013218572712503374,9.08767688088119e-05,-0.0004667316970881074,0.00030268667615018785,0.00015598966274410486
0.00013431668048724532,6.089994712965563e-05,-0.0004272100050002337,0.00028887714142911136,0.00013068123371340334
0.00013236244558356702,2.698948446777649e-05,-0.00046324002323672175,0.00023963717103470122,7.6885218732059e-05
0.00012101401080144568,1.309950584982289e-05,-0.00047950801672413945,0.00023607218463439492,7.276393444044515e-05
0.00011732486746041103,6.031709290255093e-06,-0.000489371072035283,0.00022016742150299248,6.158104952191934e-05
0.00011987118341494353,6.168715572130167e-06,-0.0004893115255981684,0.0002232104307040572,5.933295688009821e-05
0.00015701972006354484,0.00010555220069363712,-0.0005052342312410474,0.0002510173653718084,5.703599890694022e-05
0.00017910533642861992,0.000196382577996701,-0.0005373029853217304,0.0003383597068022937,0.00014727629604749382
0.0001463338703615591,0.00013961335935164243,-0.0005081139970570803,0.00031876083812676365,0.00015061761951074004
0.00012345166760496798,7.828974776202813e-05,-0.0004587967123370617,0.00028385932091623545,0.0001525802508695051
0.00011432016617618501,9.06418699742062e-06,-0.0004277297121006995,0.00024888693587854505,0.00011641296441666782
0.0001189768736367114,-1.417004477843875e-05,-0.00042939418926835066,0.00023755169240757823,8.707568485988304e-05
0.00011117956455564126,-2.344243330298923e-05,-0.00045734542072750633,0.0001990935270441696,5.6786742788972326e-05
0.00011324063234496863,-2.375875919824466e-05,-0.00046960698091425,0.00020469716400839388,4.637447273125872e-05
0.00011492346675368025,-1.8049817299470305e-05,-0.00048485057777725166,0.000189275509910658,3.2916312193265185e-05
0.00012770757894031703,-1.3589835361926815e-05,-0.0005030966131016612,0.00018588971579447391,2.7633122954284772e-05
0.00012677414633799344,-7.187708433775697e-06,-0.0005069409380666912,0.000190798455150798,1.5056200027174784e-05
0.00013146574201527983,-3.2589050533715636e-06,-0.0005146099138073623,0.0001838664757087827,5.81392760068411e-06
0.00012863716983702034,-2.838472710209317e-07,-0.0005237251752987504,0.00019090493151452392,1.335194792773109e-05
0.00014892058970872313,4.495099710766226e-05,-0.0005207710200920701,0.00019931659335270524,2.619797851366457e-05
0.00017859475337900219,0.00022424104099627584,-0.0005729090771637857,0.0003438585554249585,0.00016295394743792713
0.00015985283243935558,0.00019926601089537144,-0.0005282166530378163,0.0003256044874433428,0.0001592810294823721
0.00015062966849654913,8.287257514894009e-05,-0.00048685015644878154,0.000275245780358091,0.00012832570064347237
0.00011534010263858364,4.7515713959001005e-05,-0.0004440858610905707,0.00027188198873773217,0.00012407489703036842
9.391732601216064e-05,-8.117362995108124e-06,-0.00045517177204601467,0.00023246601631399244,6.754983769496903e-05
0.00011422612442402168,-3.061396273551509e-05,-0.00046334796934388583,0.00020397834305185825,5.316261740517802e-05
0.00011694837303366511,-1.6974032405414622e-05,-0.0004850593104492873,0.00019407932995818558,2.0538251192192547e-05
0.0001390603865729645,-1.2864751624874769e-05,-0.0004920437932014465,0.00018521933816373348,2.1497018678928725e-05
0.00014850881416350603,2.852524175978033e-06,-0.0005137525731697679,0.00018055216060020032,1.0819725503097287e-05
0.00013677534298039973,-8.293643986689858e-06,-0.0005113107617944479,0.000185675235115923,2.3346388843492605e-05
0.00017478331574238837,0.0001552434696350247,-0.0005376188200898467,0.00027393162599764764,8.65298934513703e-05
0.00016827940999064597,0.000159709932631813,-0.0005203442997299135,0.00026833638548851013,8.681641338625923e-05
0.00012440244609024376,3.2036692573456094e-05,-0.0004954699543304741,0.00022244243882596495,5.8458241255721084e-05
0.00012808774772565812,-1.4966200978960844e-05,-0.0004870560951530933,0.000202542869374156,5.473729106597602e-05
0.00013196760846767575,-2.4760578526183966e-05,-0.0004969649016857146,0.00019170233281329274,2.49328586505726e-05
0.00016793629038147628,6.121682963566856e-05,-0.0004621209518518299,0.00022926257224753502,6.49392168270424e-05
0.00020971077901776883,0.0002547627955209464,-0.0005515082157216966,0.00035379373002797365,0.00014290162653196603
0.00017168941849377006,0.00015848373004700989,-0.0005061870906502007,0.000300730753224343,0.00013653149653691796
0.00017321783525403592,0.00014172808732837439,-0.0005146840703673661,0.00029757199808955187,0.00011554788216017188
0.00014419600483961403,6.485819176305085e-05,-0.00042934829252772033,0.0002705358783714473,0.00013062973448541015
0.00011809451098088176,5.6763918109936646e-05,-0.0004238171095494181,0.0002947293396573514,0.00015676833572797475
0.00013809387746732682,8.302385685965419e-05,-0.000479161215480417,0.0002773202722892165,0.00012124653585487977
9.59669050644152e-05,-3.5160026072844634e-06,-0.0004469494742807001,0.0002046291483566165,6.989722169237211e-05
9.336385119240732e-05,-1.3017491255595814e-05,-0.00041306397179141635,0.00023890857119113207,9.152475831797346e-05
0.0001121909444918856,3.224596184736584e-06,-0.0004506815457716584,0.00024140431196428838,6.673194002360107e-05
0.00011962723510805515,-1.9386699932510965e-05,-0.0004656721139326692,0.00020571537606883797,5.325799429556355e-05
0.00012121801410103215,-3.837694021058269e-05,-0.0004866971576120704,0.00017648993525654078,1.2458226592571007e-05
0.00014657611609436572,-2.726362436078489e-05,-0.0004963109386153518,0.00015053314564283935,-8.097170393739361e-06
0.00016201565449591726,-2.214350206486415e-05,-0.0005253168637864292,0.00014490516332443804,-1.5266723494278267e-05
0.00015502452151849866,-1.771091956470627e-05,-0.0005344055825844407,0.00014781650679651648,-2.9491977329598743e-05
0.00016268131730612367,3.0341541332745688e-06,-0.0005204884801059961,0.00015366195293609053,-2.9362790883169513e-05
0.00017417142225895077,-9.428546945855487e-06,-0.000521082547493279,0.00015505283954553306,3.650540975286276e-06
0.00016019401664379984,-8.925167094275821e-06,-0.000510346726514399,0.0001633148785913363,7.573521088488632e-06
0.00015973820700310168,-1.6933456663537072e-06,-0.0005154555547051132,0.0001748910144669935,6.087779183872043e-06
0.00015564719797112048,-9.284085535909979e-06,-0.0005184093024581671,0.00016536260955035686,6.2624535530630965e-06
0.0001646554155740887,-7.340439424297073e-06,-0.0005121448775753379,0.0001792288385331631,2.5110244678216986e-05
0.00017274795391131192,7.751136763545219e-06,-0.0004880676278844477,0.00018970447126775983,4.292989615350962e-05
0.00017789682897273448,1.536714808025863e-05,-0.000488573219627142,0.00016986728587653488,1.9522698494256477e-05
0.00020170911739114672,1.8887361875385974e-05,-0.0005167844938114285,0.00019585201516747475,2.652032162586693e-05
0.0001656672393437475,9.299727935285773e-06,-0.0005154093960300088,0.0001872912107501179,1.4284515600593295e-05
0.00015514619008172303,5.679363766830647e-06,-0.0005134040839038789,0.00017874623881652949,2.255081017210614e-05
0.00014961473061703148,1.4799403288634494e-05,-0.0005139566492289305,0.00019474845612421632,2.380830665060785e-05
0.00015175573935266584,1.576580325490795e-05,-0.0005197840509936212,0.0001880227937363088,2.187171958212275e-05
0.0001487270783400163,6.980706643844313e-07,-0.0005109571502543986,0.00018103064212482425,1.8261378500028517e-05
0.00015728073776699605,1.082322523870971e-05,-0.0005190924275666474,0.00019128478015773,2.374077848799061e-05
0.00015851925127208233,1.7122478311648592e-05,-0.0005147852934896946,0.00018805119907483456,3.1803596357349306e-05
0.00015469323261640966,2.229793244623579e-05,-0.0005141641013324262,0.00019694083312060684,2.7719832360162396e-05
0.00017654793919064105,3.5828154068440206e-05,-0.0005093672079965472,0.00021621753694489598,5.121530921314843e-05
0.00018378885579295456,4.300882937968709e-05,-0.0005037800292484462,0.0002215824351878837,6.077044963603839e-05
0.00016835797578096392,2.062337625829969e-05,-0.0005033324705436826,0.0001989226584555581,2.4687446057214398e-05
0.00015047776105348018,1.938730019901413e-05,-0.0005152745870873332,0.0002019936218857765,2.920133738371078e-05
0.0001582722761668265,1.800357858883217e-05,-0.0005057100206613541,0.00020669637888204304,4.101968079339713e-05
0.00017110694898292422,2.62392404692946e-05,-0.0005080805858597159,0.0002134465903509408,5.6263517762999975e-05
0.00015573414566460997,1.4669361007690894e-05,-0.0004902395303361118,0.0002037005906458944,4.84070333186537e-05
0.0001629763573873788,2.9571521736215803e-05,-0.0005202193278819324,0.00020412457524798808,3.449669384281151e-05
0.0001524908293504268,4.462719152797945e-05,-0.0005221418105065824,0.0002072663337457925,2.984893581015058e-05
0.00015957198047544807,4.3390646169427776e-05,-0.0005129882483743131,0.00021194062719587242,3.758912134799175e-05
0.00016277574468404055,2.7838068490382287e-05,-0.0004949524882249534,0.00021279991779010746,4.0542439819546416e-05
0.0001623058051336557,2.110260720655788e-05,-0.0004798694862984121,0.00020675291307270527,4.599439853336662e-05
0.00015896085824351758,2.983260856126435e-05,-0.0005023039411753416,0.0002074220828944817,3.763014683499932e-05
0.00017322457279078662,5.492636410053819e-05,-0.0005033251363784075,0.00023445363331120459,6.0440124798333266e-05
0.00017701799515634775,7.155512867029756e-05,-0.000544943381100893,0.00020909964223392308,3.260268931626342e-05
0.00015776301734149456,6.149631371954456e-05,-0.0005189072107896209,0.00023165142920333887,7.023417856544256e-05
0.00015019923739600927,5.5798729590605944e-05,-0.0005080418777652085,0.00022542451915796846,4.249077028362081e-05
0.00013604538980871442,3.23192507494241e-05,-0.0005084916483610868,0.00021986219508107752,4.316099875723012e-05
0.00014944440044928342,3.779355756705627e-05,-0.0004887990653514862,0.00023237217101268468,7.143288530642167e-05
0.00016175990458577869,4.1348022932652384e-05,-0.00048328956472687423,0.00022924247605260464,7.15747883077711e-05
0.0001554135378682986,3.202353400411084e-05,-0.00045948356273584073,0.00022060457558836788,5.565775791183114e-05
0.0001502649683970958,1.78635982592823e-05,-0.0004978429060429335,0.00020623275486286732,4.7078490752028295e-05
0.00014948299212846905,2.326880712644197e-05,-0.0005024620913900435,0.00021340802777558565,4.9512709665577865e-05
0.0001499205973232165,2.9683256798307408e-05,-0.000504212046507746,0.00021747191203758118,4.180932228337042e-05
0.00015565725334454328,3.1750067137181766e-05,-0.0004954365431331098,0.00022781170264352113,4.787914440385066e-05
0.00015536212595179674,1.103772137867054e-05,-0.0004964600666426122,0.00021959566220175475,6.25956745352596e-05
0.00017301077605225146,5.8036152040585876e-05,-0.0005056704394519329,0.00021332225878722968,4.938957499689423e-05
0.00015595532022416592,4.911749783786945e-05,-0.0004930260474793613,0.00023220990260597318,5.344886449165642e-05
0.00013781414600089192,2.8729409677907825e-05,-0.0004964857362210751,0.0002254318096674979,6.002134250593372e-05
0.0001515527837909758,4.965145126334392e-05,-0.0005110584897920488,0.00023229028738569468,5.501952182385139e-05
0.00014685063797514886,4.2016989027615637e-05,-0.0005123850423842669,0.00022367906058207157,5.225946733844466e-05
0.0001371249818475917,2.4089331418508664e-05,-0.0005010529421269894,0.0002169856015825644,4.749020081362687e-05
0.00014678081788588315,3.405753886909224e-05,-0.0004837654414586723,0.0002326455287402496,5.117679029353894e-05
0.0001399774191668257,2.2176742277224548e-05,-0.00043744451249949634,0.00020346578094176948,4.195872679702006e-05
0.0001825101935537532,-4.3635769543470815e-05,-2.5849069061223418e-05,0.0005259650060907006,0.0005065433797426522
0.0001898043556138873,0.00013343474711291492,-0.00042152681271545584,0.00025155267212539906,0.0001600869290996343
0.00024336161732207984,0.00018086946511175483,-0.0005606854101642966,0.0002583930036053061,6.381684943335131e-05
0.00019633480405900627,9.934076661011204e-05,-0.0005168802454136312,0.00023945147404447203,7.25341888028197e-05
0.00017082705744542181,4.861887646256946e-05,-0.0005162607994861902,0.00021241830836515876,4.778376751346514e-05
0.00017409978318028152,3.243324317736551e-05,-0.0005060631665401161,0.0002193537657149136,5.191283707972616e-05
0.00016163341933861378,3.687378921313211e-05,-0.0005031235632486641,0.0002330644929315895,6.79850418237038e-05
0.00015545584028586743,3.5575238143792376e-05,-0.0005005903658457099,0.0002263330388814211,5.485169458552264e-05
0.00013479717017617074,2.350438080611639e-05,-0.0004902998334728181,0.0002223898336524144,4.745828846353106e-05
0.00013998150825500488,8.81842333910754e-06,-0.000490452628582716,0.00021485819888766852,5.5249456636374816e-05
0.00015137094305828214,1.2036894077027682e-05,-0.0004814188869204372,0.0002206758945249021,6.95962953614071e-05
0.00014829219435341656,3.1146823857852728e-06,-0.0004639064718503505,0.00021818801178596917,7.865690713515505e-05
0.00014178987476043403,1.6737913028919138e-05,-0.0004907282418571413,0.00021207680401857945,6.392517389031127e-05
0.00013558515638578683,3.0268673071987e-05,-0.0004927780828438699,0.00023473291366826743,5.58789397473447e-05
0.00012796693772543222,2.8944072255399078e-05,-0.0004945016116835177,0.00022236448421608657,4.432594869285822e-05
0.00013771357771474868,3.588990875869058e-05,-0.0004933766322210431,0.00023243315808940684,5.057927046436817e-05
0.00015013663505669686,2.6401297873235308e-05,-0.0004961714730598032,0.0002212587860412896,6.396915705408901e-05
0.00016472784045618027,3.9289578126044944e-05,-0.0004819220630452037,0.00023330388648901132,7.541006925748661e-05
0.00013857845624443144,3.075927452300675e-05,-0.0004688540357165039,0.00022006267681717875,5.149943172000349e-05
0.00015298421203624454,2.9176382668083534e-05,-0.0004974568728357552,0.0002273224235977977,3.97857693315018e-05
0.00015077520220074805,2.2221309336600825e-05,-0.0005022319965064527,0.00021078511781524867,4.60633345937822e-05
0.0001466904068365693,1.701996188785415e-05,-0.00048769058776088064,0.0002228122466476634,6.204953388078138e-05
0.0001477309560868889,2.0734642021125186e-05,-0.00048142290324904025,0.00022642799012828618,6.478212162619457e-05
0.00015436235116794705,3.628814738476649e-05,-0.0004835658473894,0.00022689021716360005,6.17272307863459e-05
0.0001369886449538171,2.5765188183868304e-05,-0.0004943259991705418,0.00022327298938762402,5.146008334122598e-05
0.00014012034807819873,2.8792199373128827e-05,-0.0004923088708892465,0.0002336967445444316,5.8201723732054234e-05
0.00016018403402995318,7.181809633038938e-05,-0.0005097575485706329,0.00023031733871903268,7.317403651541099e-05
0.00015207259275484833,7.428332901326941e-05,-0.000534989929292351,0.00022948664263822133,6.114479037933052e-05
0.00017615227261558175,0.0001338285655947402,-0.0005205064662732184,0.0002707215899135917,9.639216295909135e-05
0.00019190233433619144,0.00013744793250225484,-0.0005040383548475802,0.00029295566491782665,0.0001263668673345819
0.0001442578068235889,0.00010232139902655035,-0.0004845763323828578,0.00029805611120536923,0.00013408703671302646
0.00015420885756611824,0.00014022264804225415,-0.0004975248593837024,0.00031875792774371803,0.00014310743426904082
0.00012538292503450066,0.0001297922863159329,-0.00046366057358682156,0.0003335901419632137,0.00015457674453500658
0.00011124864977318794,5.5061489547369995e-05,-0.00046531797852367157,0.00026811519637703896,9.310007590102032e-05
0.00013066106475889685,0.00012567878002300856,-0.00048716965829953557,0.00029424126842059195,0.00012294191401451826
0.0001256983814528212,0.00014392592129297554,-0.0004897999460808934,0.0003091992693953216,0.0001362393522867933
9.228213457390666e-05,6.362773274304344e-05,-0.00047407511738128966,0.0002805865078698844,0.00011801323125837373
7.763493340462446e-05,1.305967180087464e-05,-0.0004713716334663332,0.00023551276535727084,8.54835961945355e-05
9.995004802476616e-05,-3.0151422834023833e-05,-0.0004569189622998237,0.00019411067478358746,4.4434720621211454e-05
0.00011217808787478135,-1.3052345821051857e-05,-0.00045611581299453963,0.00017203263996634632,2.273790232720785e-05
0.00011634463589871301,-7.012055448285538e-06,-0.00033464631997048855,0.00019445986254140732,4.5642780605703586e-05
7.950508006615564e-05,-5.7313787692692124e-05,-0.00034404118196107447,0.00021663254301529375,6.284145638346672e-05
0.00010175112402066588,-5.3593987104250125e-05,-0.00031232679612003267,0.00029011571314185863,0.00018567583174444732
0.00011758979235310107,-4.802666080649942e-05,-0.0003238770295865834,0.00023298236192204058,0.00015445113240275532
0.0001490190188633278,5.285372390062548e-05,-0.0005336604663170874,0.0001444889057893306,9.764029528014364e-06
0.00020770075207110494,0.00010459824989084154,-0.000588333117775619,0.00021079936414025724,1.5054611139930786e-05
0.00019295736274216324,8.459996024612336e-05,-0.0005539553822018206,0.00021635121083818376,2.627782487252261e-05
0.00017482168914284554,6.983441562624648e-05,-0.0005192667013034225,0.00021930880029685795,3.928427395294421e-05
0.00016092522128019482,5.256730219116434e-05,-0.000514540821313858,0.00021819675748702141,3.992574420408346e-05
0.00017344755178783092,3.085074058617465e-05,-0.0004920446081086993,0.00022240064572542906,5.27628326381091e-05
0.00015178661851678044,1.3060897572358956e-06,-0.0004958300851285458,0.00019688121392391625,4.0071194234769785e-05
0.00014493823982775209,1.9858025552821346e-05,-0.0005108453333377838,0.0001987547584576532,3.2119747629622e-05
0.0001536653726361692,4.121259189560078e-05,-0.0005241108010523021,0.00022677460219711065,4.45172809122596e-05
0.00015632140275556594,5.6555716582806774e-05,-0.0005005073035135865,0.000233277547522448,4.47744969278574e-05
0.0001435082667740062,2.9903658287366852e-05,-0.000507685705088079,0.0002083011495415121,3.7320111005101346e-05
0.0001575624919496477,2.8140642825746912e-05,-0.0004973266622982919,0.00022858427837491035,5.125542520545423e-05
0.00014769914560019967,1.0763556929305196e-05,-0.0004934053868055344,0.00020841408695559951,4.97520923090633e-05
0.00015505679766647518,1.5754334526718594e-05,-0.000495338172186166,0.000221528360270895,6.209671846590936e-05
0.00015294303011614832,8.552828148822298e-06,-0.000494625826831907,0.00021811394253745675,6.294272316154093e-05
0.000136705522891134,2.0456511265365407e-05,-0.0005010947934351861,0.00021080052829347548,5.030021202401258e-05
0.0001742887106956914,2.8176482373964973e-05,-0.0004931711591780187,0.00021276767074596134,5.882245386601426e-05
0.0002204528427682817,0.00016848671657498926,-0.0005437429645098746,0.0002137069241143763,4.1027869883691885e-05
0.0001978516229428351,0.00027715423493646085,-0.0005698939203284682,0.00040269872988574207,0.00022507309040520343
0.00018814977374859154,0.0002694496070034802,-0.00040073640411719685,0.00045113964006304735,0.00029475768678821623
0.0001077473207260482,0.0001217564713442698,-0.00040486315265297884,0.0004155683564022184,0.0002649335947353393
7.781248132232577e-05,2.188250073231757e-05,-0.00042004554416052997,0.00030128026264719665,0.00015442848962265998
9.955175482900812e-05,-1.543807411508169e-05,-0.00044304231414571404,0.00022008409723639488,6.613401637878269e-05
9.79707547230646e-05,-4.961827471561264e-06,-0.00047468309639953077,0.00021797814406454563,5.272302951198071e-05
0.00010631040640873834,-1.2432123185135424e-05,-0.00047229812480509276,0.00020676532585639507,4.850954792345874e-05
0.00012730607704725116,-5.440912900667172e-06,-0.000490410253405571,0.00020718232553917915,4.750054722535424e-05
0.00012222801160532978,-4.4136386350146495e-06,-0.00048810278531163936,0.0002055653894785792,4.6201475925045095e-05
0.00014861465024296194,3.248016582801938e-05,-0.0005011751782149076,0.00020448281429708004,4.43671815446578e-05
0.00016431117546744645,0.00011912588524864988,-0.0005609095096588135,0.0002504749863874167,8.944956061895938e-05
0.0001817277807276696,0.00014345096133183688,-0.000566575734410435,0.0002650005917530507,0.00010683461732696742
0.0001941395312314853,0.00015503425674978646,-0.0004939456121064723,0.0002660763275343925,0.00010613046470098196
0.0001260219287360087,6.673632015008481e-05,-0.0004454840382095426,0.00027909057098440826,0.00013845198554918173
0.00010795537673402578,6.0686936194542795e-05,-0.0004277329717297107,0.00028783673769794405,0.00014384178211912513
8.874484046828002e-05,-2.33235846280877e-06,-0.0003972093982156366,0.0002663450432009995,0.00012506707571446898
7.402331539196895e-05,-5.910003164899536e-05,-0.0004265399184077978,0.00021427216415759176,6.716362258885056e-05
0.00016977796622086316,0.00017862385720945895,-0.0004590358876157552,0.0002986175531987101,0.00010975171608151868
0.00015746138524264097,0.00021402387937996536,-0.0003720927343238145,0.0003183992812409997,0.00011500528489705175
0.00011603070015553384,-7.348284998442979e-05,-0.0003975153958890587,0.0002189455699408427,5.784576569567434e-05
0.00011945993173867463,-6.022814341122285e-05,-0.0004232160863466561,0.0002161607699235901,5.6272059737239026e-05
0.00010123408719664441,-5.5283715482801206e-05,-0.00043204042594879866,0.00019932586292270568,4.0055314457276836e-05
0.00011337175965309143,-5.156558472663164e-05,-0.0004428073298186063,0.00020493597548920659,4.208183236187324e-05
0.00014963232388254255,7.276116957655177e-05,-0.00045237431186251337,0.00019878630700986832,4.578414154821076e-05
0.0001906500983750448,0.0002512619539629668,-0.000536215549800545,0.0003500424209050834,0.00016695230442564934
0.0001703451125649735,0.0001529614964965731,-0.00041104614501819015,0.00032915527117438614,0.00017082713020499796
8.353996236110106e-05,-6.625334935961291e-05,-0.00036905464367009705,0.00024370185565203428,0.00011869621812365948
7.380275928881021e-05,-7.368229125859216e-05,-0.000381781195756048,0.00021970785746816543,9.39348028623499e-05
8.511859778081998e-05,-5.852844697074033e-05,-0.00041998489177785803,0.00021631049457937482,7.182603440014644e-05
0.00011005133274011314,-4.0166058170143515e-05,-0.000427951046731323,0.00022744247689843175,6.665081309620291e-05
0.00010774037218652666,-3.746249421965331e-05,-0.0004341322346590459,0.00022643189004156739,6.783200660720468e-05
0.00012181053170934321,-2.7014990337193012e-05,-0.00044521567178890114,0.0002209136146120727,9.502075408818199e-05
0.00014248021761886775,2.3015193164610537e-06,-0.00047083786921575676,0.00019726438040379435,3.0370063541340638e-05
0.00014892469334881753,3.205141183570959e-05,-0.0004801680333912373,0.0002428171137580648,8.129821799229829e-05
0.00013494306767825037,5.441846042231191e-06,-0.00045186551869846886,0.00023062591208145025,6.753632624167949e-05
0.00013271661009639502,-5.381075879995478e-06,-0.000440939620602876,0.00021156485308893025,5.5073291150620214e-05
0.00012184092338429763,-1.701166183920577e-05,-0.0004620829713530839,0.0001991148747038096,4.8179987061303116e-05
0.0001330253144260496,-1.3781595953332724e-05,-0.0004602391563821584,0.00021761504467576742,7.159876986406745e-05
0.00013045509695075452,-4.9554614633962055e-06,-0.0004843664064537733,0.0002091420465148985,3.971686601289548e-05
0.0001260832796106115,-1.628921745577827e-05,-0.0004935047472827137,0.00019951439753640443,2.5217701477231454e-05
0.00014471102622337642,-9.279488040192517e-06,-0.0004785397904925048,0.0002146223559975624,5.76057645957917e-05
0.00015290458395611497,-5.313325345923658e-06,-0.00047642170102335507,0.00021595218277070669,6.21997023699805e-05
0.0001368679804727435,-1.8740040104603395e-05,-0.00047370605170726776,0.00020755008154083043,6.341230619000271e-05
0.00012879015412181616,-3.726979002749432e-06,-0.0005002440302632749,0.00020508526358753445,3.666664269985631e-05
0.00013628815941046923,-5.499258350027958e-06,-0.00048666176735423516,0.0002082296268781647,5.07597578689456e-05
0.0001275051909033209,-8.579838322475553e-06,-0.000481309398310259,0.00019593829347286373,3.560148616088554e-05
0.00013220847176853567,-4.961546437698416e-06,-0.0004800725146196783,0.00021008012117818,4.979642471880652e-05
0.00014768711116630584,5.4457018450193564e-06,-0.000495560874696821,0.00019620711100287733,3.051219755434431e-05
0.00014219745935406536,8.173905371222645e-06,-0.0004941235529258846,0.0002008841256611049,3.3398078812751926e-05
0.00019757407426368445,0.00014489168825093654,-0.0005384337273426354,0.00025172173627652233,7.158917287597433e-05
0.0001906204706756398,0.00013861176557838917,-0.0004992625908926129,0.00029453280149027705,0.00014971666678320616
0.00014433743490371853,7.717476546531543e-05,-0.0004467658000066877,0.00028946186648681765,0.0001439226325601339
0.00012501432502176613,1.2110531315556727e-05,-0.0004318720020819456,0.00027357027283869684,0.00014780958008486778
0.00014163895684760064,4.504378375713714e-05,-0.0004678924160543829,0.00025619132793508465,0.00011375208850950005
0.0001268831838387996,2.680872785276733e-05,-0.00047648619511164725,0.00022517757315654308,6.57015698379837e-05
0.00012196501484140754,-8.602404705015942e-06,-0.0004592743644025177,0.0002301556087331846,7.02058314345777e-05
0.00011937993258470671,-1.5274254110408947e-06,-0.00047502704546786845,0.00021378154633566737,4.067309419042431e-05
0.0001231471251230687,-4.151926077611279e-06,-0.0004679792036768049,0.0002173410466639325,6.96917122695595e-05
0.00015900502330623567,0.00010031060082837939,-0.0004814818094018847,0.00022497898316942158,5.662146213580854e-05
0.000173848558915779,0.00015648057160433382,-0.0005751302232965827,0.0002622546162456274,9.435647370992228e-05
0.00013914771261624992,8.222290489356965e-05,-0.0004843820643145591,0.00022518765763379633,7.043316145427525e-05
0.0001282838202314451,1.7532020137878135e-05,-0.0004240138514433056,0.0002566344628576189,0.00012684948160313073
0.0001373816339764744,5.89256378589198e-05,-0.0005095042870379983,0.0002352751762373373,0.00010609979653963819
0.00012047690688632429,3.603196091717109e-05,-0.0004003525536973029,0.00028851264505647123,0.00015523523325100538
8.824639371596277e-05,-2.2056921807234172e-05,-0.00038214316009543836,0.00028887391090393066,0.0001529076835140586
9.532483818475156e-05,-4.341142266639508e-05,-0.00038909210707060993,0.0002406615094514564,0.00010123328684130684
0.00010891260171774775,-2.9751039619441144e-05,-0.00045533035881817335,0.00020585357560776171,5.293923823046498e-05
0.00011175692634424197,-2.1575004211626947e-05,-0.0004645388689823449,0.00020044101984240117,3.855933755403385e-05
0.00012530722597148272,-1.8193664800492115e-05,-0.000493944447953254,0.0001843306818045676,2.3649370632483624e-05
0.00011820427607744932,-2.4655771994730454e-05,-0.00048251377302221954,0.00018089052173309028,2.328407572349533e-05
0.00013099821808282286,-1.8170590919908136e-05,-0.0004956136690452695,0.00019045078079216185,3.3444346627220505e-05
0.00015434598026331514,8.662912296131252e-05,-0.0005052674096077682,0.00022225327847991141,5.719970431528054e-05
0.00015766617434564978,0.00010893300350289792,-0.0005487228045240045,0.00024340667005162692,6.556511652888729e-05
0.00015046680346131322,5.879168020328507e-05,-0.00051153264939785,0.00022192795586306602,6.532956467708573e-05
0.0001258910051546991,1.254925246030325e-05,-0.00046417134581133723,0.0002255702274851501,7.321588782360777e-05
0.0001128429503296502,-3.3098494895966724e-05,-0.0004468064871616661,0.00020471058087423444,6.160927296150476e-05
0.0001321503077633679,-1.1008653018507177e-05,-0.00046329383621923625,0.00020657139248214662,4.592417826643214e-05
0.0002279470063513145,0.0002250108664156869,-0.0005195781122893095,0.00035461489460431034,0.00019006087677553296
0.00021493823442142457,0.00021793536143377423,-0.0005370418657548727,0.0003298730298411101,0.00017010430747177452
0.00015348086890298873,9.947606304194778e-05,-0.0004777985159307719,0.0002770309802144766,0.00012633344158530238
8.821331721264869e-05,2.0174684323137626e-05,-0.0004170066094957292,0.00025281668058596546,9.71607951214537e-05
7.772403478156775e-05,-2.722872159210965e-05,-0.00040948658715933567,0.00025228006416000426,9.880351717583835e-05
9.284517727792264e-05,-2.3032525859889568e-05,-0.00043446890776976943,0.0002303836226928979,6.114913412602618e-05
0.0001483028318034485,6.023551395628601e-05,-0.0004202330019325018,0.00021631848358083522,5.206329660722986e-05
0.00018090235244017092,0.0002387723507126793,-0.0005609236541204153,0.00031486258376389736,0.00012714847980532795
0.00013803965703118593,0.00016632776532787832,-0.0004824938951060176,0.0002705639344640076,0.00010420956823509188
0.00010618429951136932,-1.5709601939306594e-05,-0.00046020583249628544,0.00020393935847096145,3.7942270864732563e-05
0.00010830395331140608,-2.678477903828025e-05,-0.00046133110299706464,0.00019860082829836761,2.7008631150238213e-05
0.00011698275193339214,-1.2674328900175167e-05,-0.0004753097309730947,0.0002084006700897589,3.690222729346715e-05
0.0001274248061235994,-1.949785109900404e-05,-0.00046602214570157224,0.00018690883007366208,1.8208022083854306e-05
0.00016426807269454002,2.001693019337836e-06,-0.0004905187524855137,0.00019034829165320843,2.974432754854206e-05
0.00018788075249176472,0.00015011690265964717,-0.0005072838976047933,0.00023227675410453233,3.980992187280208e-05
0.00018447260663378984,0.00015783170238137242,-0.0005518435500562191,0.00023971204063855112,4.906812682747841e-05
0.00017813043086789548,7.483382796635851e-05,-0.00048632282414473593,0.00022193306358531117,5.439247615868226e-05
0.00015898395213298502,-1.8212096620118245e-05,-0.00047132786130532617,0.0002047102170763537,4.506290861172602e-05
0.00014702390762977302,-2.401112578809261e-05,-0.0004653639043681324,0.00019883013737853616,4.546390118775889e-05
0.00015523766342084855,-2.407286956440657e-05,-0.000476975430501625,0.0001921743241837248,4.136202551308088e-05
0.00015253106539603325,-8.798023372946773e-06,-0.00048661584150977433,0.00019784944015555084,3.381980423000641e-05
0.00015834305668249726,-1.2714221156784332e-05,-0.0004845819785259664,0.0001856070448411629,3.052072497666813e-05
0.00015893796808086336,-8.972020623332355e-06,-0.0004818371089641005,0.0001861227792687714,3.081456816289574e-05
0.00016489368863403797,-9.289226454711752e-07,-0.0004814070416614413,0.00019957403128501028,5.310260894475505e-05
0.0001676689425949007,1.5092647117853629e-05,-0.0004942361265420914,0.0002051236660918221,4.932538286084309e-05
0.00015859497943893075,8.063698260230012e-06,-0.0005078792455606163,0.00019463921489659694,3.2629130146233365e-05
0.00021175596339162442,0.00014465097046922892,-0.0005110816564410925,0.0002319711202289909,6.620238855248317e-05
0.0002072366332868114,0.0001618125825189054,-0.0005629548104479909,0.0002337157784495503,5.371301085688174e-05
0.00019650503236334768,9.336187213193624e-05,-0.0005013413028791547,0.00023323431378230455,5.5648699344601475e-05
0.00017120489792432636,2.9417649784591052e-05,-0.0004691818903665989,0.00022935369634069502,7.328444189624861e-05
0.00014841333904769272,-1.333330146735534e-05,-0.00045858847443014383,0.00021016079699620602,5.483734275912866e-05
0.00016580043302383274,7.9872052083374e-06,-0.000471570179797709,0.0002247513475595042,6.151138950372116e-05
0.00015997665468603373,7.314004051295343e-06,-0.0004758271970786153,0.0002148613857571036,4.823644849238917e-05
0.00015211323625408113,1.227243228640873e-05,-0.0004793930274900049,0.00022252032067626715,4.601453838404268e-05
0.00019952327420469373,0.00018096277199219912,-0.0005211324896663426,0.00028595770709216595,0.0001084424293367192
0.00018483918393030765,0.0001739079598337412,-0.0005438242224045098,0.0002843810652848333,0.00010155730706173928
0.00013987591955810783,1.516715929028578e-05,-0.00046764337457716476,0.0002064215514110401,5.544052692130207e-05
0.0001249937922693789,-2.430816675769165e-05,-0.0004403579805511981,0.00022556923795491454,6.916478741914034e-05
0.00013177897199057043,-3.1814226531423635e-05,-0.0004404657520353794,0.00021234829910099504,5.5949312809389085e-05
0.00014279771130532026,1.0057567578769522e-06,-0.00046882961760275066,0.00022577328491024678,6.622348155360669e-05
0.00013649767788592726,-2.559686663516913e-06,-0.00047281954903155565,0.0002278610481880605,4.899156556348317e-05
0.00015500849985983225,-1.538216793051106e-06,-0.0004619230749085546,0.0002282627974636853,6.978655437706037e-05
0.00014543219003826382,-2.942842911579646e-06,-0.000473170104669407,0.00021271246077958492,4.5165634219301865e-05
0.00014020476373843851,7.385330604847695e-07,-0.00048578710993751884,0.00019607509602792558,3.622096119215712e-05
0.00015583829372189942,2.7043457521358505e-05,-0.0005077400710433722,0.00020334603323135525,3.1575218599755324e-05
0.00018519879085943103,7.944585377117619e-05,-0.0005135121173225343,0.00022150255972519522,5.076333400211297e-05
0.00017301355546806008,5.148542186361738e-05,-0.0005455936770886184,0.00020229993970133364,4.345498746261001e-05
0.00016441613843198868,3.451052907621488e-05,-0.0004916380858048797,0.0002362966042710468,8.208300278056413e-05
0.0001812136324588209,3.2953241316135966e-05,-0.0005103137809783219,0.00021644312073476613,5.0001301133306704e-05
0.0001595223875483498,2.392405440332368e-05,-0.0004941092920489608,0.00020708430383820087,4.220916889607905e-05
0.00015397374227177352,7.047829512885072e-06,-0.0004834374412894249,0.00020727929950226096,5.566259278566577e-05
0.0001853490830399096,3.724608905031346e-05,-0.00047969268052838743,0.0002145499893231317,5.761509964941071e-05
0.000189763042726554,5.6858953030314296e-05,-0.0005363701493479311,0.00020578614203259352,4.520031507126987e-05
0.00016157410573214293,3.207213376299478e-05,-0.0005218015867285429,0.00020863476675003767,3.959377136197873e-05
0.00015540204185526818,1.7895343262352977e-05,-0.0005042089032940567,0.00019705298473127186,4.2877982195932425e-05
0.000166135243489407,1.871272615971975e-05,-0.0005062039126642048,0.0002052620257018134,4.678625555243343e-05
0.00015695474576205018,3.6959823773941025e-05,-0.000511320133227855,0.00021972216200083491,2.3843605958973058e-05
0.00016444640641566366,4.391335460240953e-05,-0.0005155084072612227,0.00021991386893205342,3.069558079005219e-05
0.00015845894813537598,2.466442128934432e-05,-0.0005098044057376684,0.00020625650358852,4.320421430747956e-05
0.0001587796141393483,1.8367167285759933e-05,-0.0005130480858497323,0.00020315402070991692,4.038198312628083e-05
0.0001552118337713182,1.4616941371059513e-05,-0.0005041126860305667,0.00020279637828934938,3.843244121526368e-05
0.0001644349395064637,1.935066393343732e-05,-0.0005030941683799028,0.00020478323858696967,5.171842713025399e-05
0.0001635755761526525,1.9055052689509463e-05,-0.00047803169582039123,0.00021112017566338181,5.02815491927322e-05
0.0001523174432804808,2.1438629119074907e-05,-0.0004936585319228469,0.0002046823501586914,4.229911792208441e-05
0.00015549013915006069,1.6218913515331227e-05,-0.0004860275075770914,0.00021228485275059936,5.535565287573263e-05
0.00016914191655814648,1.1429257938289085e-05,-0.0004864714865107089,0.00021305825794115665,4.102924867765978e-05
0.00016462801431771368,2.311569187440909e-05,-0.0005068228347226976,0.0002052282216027379,3.935261702281423e-05
0.0001656204549362883,2.282477180415299e-05,-0.0005084258154965936,0.000211061691516079,4.108541543246247e-05
0.00016897005843929946,2.6766114388010465e-05,-0.0005019122036173941,0.00021318634389899668,4.959267243975774e-05
0.00015331318718381226,2.036166733887512e-05,-0.0004992817994207144,0.0002277734747622162,5.272587441140786e-05
0.00015384778089355677,2.0157096514594738e-05,-0.0004927750560455023,0.00021410973567981276,4.149957385379821e-05
0.00017981103155761954,0.00012327838339842856,-0.0005012365290895103,0.0002150336222257465,4.4968805013922974e-05
0.00018709868891164658,0.0001285033067688346,-0.0005288237007334828,0.0002718961040955037,0.00010477896285010502
0.00018500868463888764,9.85920851235278e-05,-0.0004672557697631418,0.0002776526671368629,0.00013706233585253358
0.00014387139526661485,3.7988527765264735e-05,-0.000434627931099385,0.0002851900353562087,0.00012739103112835437
0.00012972226249985397,-1.4937162404748958e-06,-0.0004313766839914024,0.0002417187643004581,8.817591879051179e-05
0.00013153460167814046,1.2907673408335539e-05,-0.0004686601168941706,0.00023357383906841278,7.459230255335571e-05
0.00014648235810454938,1.6828716979944147e-05,-0.0004906661924906075,0.00022355119290295986,7.385034405160694e-05
0.0001383815979352221,1.485728716943413e-05,-0.00048806189442984765,0.00022339480347000062,5.5201871873578063e-05
0.00016085850074887276,7.687693869229406e-05,-0.0004938219790346919,0.00022043695207685235,7.142832328099757e-05
0.0001793815754354,0.00015419391274917868,-0.0005383903626352549,0.0002689917746465653,9.002906881505622e-05
0.00013799202861264348,8.567408804083243e-05,-0.0004607872688211501,0.00025985311367548997,9.68884414760396e-05
9.335785580333321e-05,-2.0032404790981673e-05,-0.00042588499491102993,0.0002333202137378976,0.00010425825166748835
0.00013036446762271223,7.2672560236242126e-06,-0.0004353416443336755,0.00021958934667054564,8.8604778284207e-05
0.00015152838022913784,3.8572499761357903e-05,-0.0005100604030303657,0.00021730693697463718,6.370663322741166e-05
0.00012932285608258098,2.8641492463066246e-05,-0.0004959896905347705,0.00022448677918873725,6.023600508342498e-05
0.00012372735363896936,-7.077607051542145e-07,-0.00047799912863411015,0.00023051556490827355,7.243730942718685e-05
0.00012713854084722698,-1.2953071745869236e-05,-0.0004807534569408745,0.0001926315890159458,4.627074304153211e-05
0.00013007118832319975,-6.1934701989230226e-06,-0.0004862422938458622,0.00020301017502788452,3.960856338380836e-05
0.00013832692638970914,-4.471904958336381e-06,-0.00048221409088000655,0.00019866845104843375,5.232508556218818e-05
0.00015110782987903804,2.339588536415249e-05,-0.0005073953652754426,0.0002120123972417787,3.709839074872434e-05
0.00013361971650738272,3.5017146728932864e-05,-0.0004975387128069997,0.00022812276438344267,4.5880697143729776e-05
0.00013977740309201178,2.239528294012416e-05,-0.0004978007054887712,0.00021359050879254937,5.333113585948013e-05
0.00015534143312834203,5.548863919102587e-05,-0.0005028953892178833,0.00021351399482227865,4.596537837642245e-05
0.00019169886945746842,0.00011131989595014602,-0.0005538126570172608,0.0002288487885380164,7.318992720684037e-05
0.0002010397583944723,0.00010771681263577193,-0.0004827314987778664,0.0002539366250857711,0.0001018443435896188
0.00013537904305849224,1.7042346371454187e-05,-0.00047710997750982637,0.00022037941380403936,6.277991633396596e-05
0.00013799623411614448,4.364045707916375e-06,-0.00047486048424616456,0.00023033835168462247,8.241816249210387e-05
0.00014332956925500184,7.03925525158411e-06,-0.0004906796966679393,0.00022429865202866495,7.714562525507063e-05
0.00015320310194510967,2.1015659513068385e-05,-0.00048028238234110177,0.00021347154688555747,4.9713398766471066e-05
0.00015255529433488846,3.291228858870454e-05,-0.0004708761698566377,0.0002193341351812705,5.9458026953507215e-05
0.00013029473484493792,1.3570855116995515e-05,-0.0004851700505241752,0.00021801365073770282,6.075139754102565e-05
0.00014214581460691988,2.484350625309162e-05,-0.0005059635150246322,0.0002147064369637519,4.491748768487014e-05
0.0001337597204837948,1.7762409697752446e-05,-0.0004901994252577424,0.00022232889023143798,6.495649722637609e-05
0.00013958867930341512,9.38430275709834e-06,-0.0005146318580955267,0.00019451064872555437,3.055130218854174e-05
0.00014239171287044883,1.3351839697861577e-05,-0.0005101838032715024,0.000211916645639576,5.278997923596762e-05
0.00013313055387698114,1.569280902913306e-05,-0.0005011605098843576,0.00022038888710085303,5.149117350811139e-05
0.0001441686472389847,1.1234791600145401e-05,-0.0004951949813403188,0.00021814636420458558,5.690580292139202e-05
0.0001676301617408171,2.8313032089499763e-05,-0.0004612022312358022,0.0002149247011402622,5.933088323217817e-05
0.00017042233957909048,2.999636490130797e-05,-0.0004948020214214921,0.00021850304619874805,5.5530072131659836e-05
0.00016817303549032658,3.2042265956988565e-05,-0.0005127924378030002,0.0002175624103983864,3.9938728150445975e-05
0.000151346146594733,1.7974993170355447e-05,-0.000505332020111382,0.0002009344898397103,3.7769674236187705e-05
0.00017343480431009084,0.00012484494072850794,-0.0005292631685733795,0.00021426375315058976,4.6267476136563346e-05
0.00019918064936064184,0.00016961345681920648,-0.0005819829530082643,0.0002938095713034272,0.00012079775478923692
0.00019899562175851315,0.00017608702182769775,-0.00047007601824589074,0.0003273009497206658,0.00017162068979814649
0.00013161505921743807,7.20702955732122e-05,-0.000432667147833854,0.000313392374664545,0.00018135084246750918
0.00011873370385728776,1.728234565234743e-05,-0.0004185893340036273,0.0002782735100481659,0.00012708682334050536
8.674473065184429e-05,-1.0667225069482809e-05,-0.00044392989366315305,0.00023801995848771182,8.410758164245635e-05
0.0001096670821425505,-1.4693162484036291e-05,-0.00045476492960006,0.00021864230802748352,8.514567889505997e-05
0.00011258331505814567,-9.93051685327373e-07,-0.0004757217539008707,0.0002284685178892687,5.7137873227475204e-05
0.00013499771011993292,-8.50333435664652e-06,-0.00048667128430679435,0.00021839834516867995,7.302343146875501e-05
0.0001264675083803013,6.529455276904627e-06,-0.0004763443139381706,0.00022084036027081308,6.974566349526866e-05
0.0001241960417246446,-7.958235073601829e-06,-0.0004906973917968571,0.0002115638053510338,7.030866981949657e-05
0.00013423098425846547,1.4678092156827914e-05,-0.0005102111608721317,0.0002122529840562493,5.035883077653125e-05
0.0001290365471504629,3.859847311105114e-06,-0.0004998855292797089,0.00020292635599616918,4.213643114781007e-05
0.00013062465586699543,2.5478326278971508e-05,-0.00048463259008713067,0.000225511597818695,6.31335933576338e-05
0.00014064362039789555,5.328110091795678e-06,-0.0004899264313280582,0.00020787700486835087,4.568668737192638e-05
0.00014834616740699855,1.1423697287682446e-05,-0.0004922225489281118,0.00021088815992698076,5.121078356751241e-05
0.000134313537273556,1.258843440155033e-05,-0.0005012055044062437,0.00021078099962323904,4.7233359509846196e-05
0.00013823031622450801,-6.335177431537886e-07,-0.00047878199256956583,0.00021221510542090985,7.361509779002517e-05
0.00015475056716240942,1.7502263290225528e-05,-0.0005090808845125139,0.00020542083075270057,5.772566510131583e-05
0.00013193595805205402,9.295497875427827e-06,-0.00048800528747960925,0.00019565920229069889,3.0781851819483557e-05
0.00014925211144145578,8.902527042664587e-06,-0.00048794786562211817,0.0002026239817496389,5.157523992238566e-05
0.00017708294035401195,7.10572930984199e-05,-0.0005165876355022191,0.00024189258692786095,5.212494943407364e-05
0.0001458647893741727,3.4276152291567996e-05,-0.000527380732819438,0.00021349980670493096,5.111067366669886e-05
0.00016484958177898082,4.0451548557030044e-05,-0.0005024122074246408,0.0002181176387239248,5.536011667572893e-05
0.0001367617369396612,1.9265382434241477e-05,-0.0004998128279112278,0.00021733230096288025,5.5092386901378625e-05
0.0001304243196500465,1.935709406097885e-05,-0.0005038371309638023,0.000214664192753844,5.519334808923305e-05
0.00014863512478768826,2.97532733384287e-05,-0.0005012885085307062,0.00021295591432135552,4.9164136726176366e-05
0.00014566056779585781,1.9857079678331505e-05,-0.00046225896221585566,0.0002169692306779325,6.956401921343058e-05
0.00013985740952193734,1.1092164641013369e-05,-0.0004990511806681752,0.000199398651602678,4.8614056140650064e-05
0.00015244452515617013,1.3403130651568064e-05,-0.0005102372961118816,0.00020335674344096333,4.429562613950111e-05
0.00017930085596162826,4.112512760912068e-05,-0.0005038498784415424,0.00021377277153078467,5.423274706117809e-05
0.00013810256496071815,3.632989319157787e-05,-0.0005082221468910575,0.0002245740033686161,5.159213105798699e-05
0.00014648945943918082,1.3390585991146507e-05,-0.000504552386701107,0.00020735543512273583,5.285266524879262e-05
0.00013476877938956022,2.4272612790809944e-05,-0.0005061061237938702,0.0002201834722654894,4.431516208569519e-05
0.00013779228902421892,1.5718882423243485e-05,-0.0004962735110893847,0.00021844175353180614,6.210066203493625e-05
0.00013728771591559052,2.3781656636856493e-05,-0.0005011955508962274,0.00021331309108063576,4.8789508582558476e-05
0.00014443467080127448,3.370549529790878e-05,-0.000505734293255955,0.0002284002403030172,5.6811666581779725e-05
0.00014368502888828516,1.287221039092401e-05,-0.0005005454295314847,0.00021923219901509586,6.622583168791607e-05
0.00013440164912026378,3.261359597672708e-05,-0.0004907356924377382,0.00023268701625056562,5.862553371116518e-05
0.0001904239761643112,4.477011680137366e-05,-0.0004861595807597041,0.0002343390806345269,6.134575232863426e-05
0.00015989516396075487,4.1263232560595504e-05,-0.0004668781766667962,0.00022042347700335083,6.990868860157207e-05
0.00014875078340992332,4.321339656598866e-05,-0.0004870098200626671,0.00024315135669894522,8.610923396190627e-05
0.00013735088577959687,2.627880530781113e-05,-0.0004984684055671097,0.00021960494632367045,5.156363476999104e-05
0.00015859595441725105,2.6125775548280217e-05,-0.0004937361809425057,0.0002187634672736749,5.465414506033994e-05
0.00014022085815668106,2.416895404167008e-05,-0.0004800881142728031,0.00021452413056977093,6.318429950624704e-05
0.00014495025970973074,1.5146766600082627e-05,-0.0004788348160218448,0.00021324098634067926,7.230649498524144e-05
0.00014194798131939024,2.4953751562861732e-05,-0.0004996556090191007,0.00020890730957034973,4.700996942119673e-05
0.00014318183821160346,3.4691740438574925e-05,-0.0005010307068005204,0.00022601491946261376,6.738635420333594e-05
0.00012630912533495575,1.3218712410889564e-05,-0.0004690748464781791,0.00021519805886782706,7.748326606815681e-05
0.00013806173228658736,2.230057361884974e-05,-0.00047455940512008965,0.00022966810502111914,8.260277536464855e-05
0.0001324732438661158,3.614910019678064e-05,-0.0005147463525645435,0.00022466282825917006,4.252545113558881e-05
0.00016975770995486528,3.5574863431975245e-05,-0.0005027011502534151,0.00022925157099962237,5.5475156841566786e-05
0.00013731744547840208,3.685060073621571e-05,-0.00047171118785627186,0.000220310379518196,7.391863618977368e-05
0.00014158476551529017,3.016705704794731e-05,-0.00047331032692454755,0.0002368992572883144,8.481105760438368e-05
0.00014593587548006326,2.9312392143765468e-05,-0.0004910386633127928,0.00022467892267741266,5.7728200772544376e-05
0.00014673286932520568,3.582804129109718e-05,-0.0005044665304012597,0.00022006678045727315,8.357328624697402e-05
0.00014486932195723057,3.586039019864984e-05,-0.0005029537132941186,0.00022301524586509916,6.0268095694482327e-05
0.00013856659643352032,5.681406037183479e-05,-0.0004891049466095865,0.00024043890880420807,5.39457323611714e-05
0.0001463960943510756,4.180857649771497e-05,-0.00048397658974863583,0.00024670848506502807,8.207694918382913e-05
0.00014231208479031918,4.552568134386093e-05,-0.0004878289473708719,0.00023614751989953217,6.489783845609054e-05
0.00013261566346045583,2.283586582052521e-05,-0.0004932571318931878,0.00022674644424114376,7.269148773048073e-05
0.00013511032739188522,3.4576081816339865e-05,-0.0004889169940724969,0.0002408794534858316,6.806054443586618e-05
0.00014159780403133482,5.687466182280332e-05,-0.0004884566878899932,0.00024044705787673593,7.653902139281854e-05
0.00014630302030127496,3.121077679679729e-05,-0.0004865804512519389,0.00024747772840783,8.028409502003342e-05
0.00015050485671963545,3.598825423978269e-05,-0.00045499546104110783,0.0002286831877427176,7.669300248380749e-05
0.0001610758627066389,3.136073064524681e-05,-0.0005065563600510359,0.0002217247965745628,5.324936500983313e-05
0.0001292551023652777,1.2121239706175404e-05,-0.000493256316985935,0.00021910869691055268,5.715563747799023e-05
0.00013735704123973846,2.566075636423193e-05,-0.0004992498434148729,0.00022624836128670717,5.793421587441117e-05
0.00012695221812464297,5.2746336223208345e-06,-0.0004931368166580796,0.00020880256488453602,6.608741387026384e-05
0.00012822302232962102,1.915014581754804e-05,-0.0004958776407875121,0.00022092837025411427,7.299734716070816e-05
0.00013867417874280363,1.4862957868899686e-05,-0.0004832936101593077,0.00022663160052616152,6.669194408459589e-05
0.00015448073099832982,3.450256190262735e-05,-0.0004994631744921207,0.00022103547235019502,4.664992229663767e-05
0.0001593378547113389,5.305569720803761e-05,-0.0005294904112815857,0.0002250025572720915,6.48599598207511e-05
0.00015864007582422346,7.17480797902681e-05,-0.0004894747980870306,0.0002640272432472557,0.00010828828089870511
0.0001469676353735849,5.776374382548966e-05,-0.00048359454376623034,0.0002727191604208201,0.00011240098683629185
0.00013844447676092386,4.76139503007289e-05,-0.0004915240569971502,0.00024447328178212047,8.546320896130055e-05
0.00015335138596128672,6.369999755406752e-05,-0.0004820213944185525,0.00024866813328117127,9.109343955060467e-05
0.00013036010204814374,3.957788430852816e-05,-0.000500609923619777,0.00022451583936344835,8.099361002678052e-05
0.00013634368951898068,3.178748011123389e-05,-0.0005001957179047167,0.0002259649627376348,6.294742343015969e-05
0.000156932816025801,3.6009976611239836e-05,-0.00047330046072602267,0.0002241901675006375,6.490616942755878e-05
0.0001355965796392411,3.000938158947974e-05,-0.0004798708250746131,0.00022405628988053652,6.55735784675926e-05
0.000130561733385548,2.568033414718229e-05,-0.00048528777551837276,0.00022578306379728017,5.8105953939957544e-05
0.0001539835793664679,5.370146027416922e-05,-0.0004957093624398112,0.00023893210163805634,7.553618343081324e-05
0.00013188608863856643,2.860891981981695e-05,-0.0005040179239585996,0.00022270416957326236,6.899489380884916e-05
0.00013531383592635393,2.042922096734401e-05,-0.0005001377430744469,0.00021942950843367728,7.883357466198504e-05
0.0001443930814275518,2.449902967782691e-05,-0.0004896487225778401,0.0002281028137076646,6.595517334062606e-05
0.00015311261813621968,2.6220652216579765e-05,-0.00047837704187259083,0.00024279890931211407,8.281390910269694e-05
0.00016447404050268233,7.518874917877838e-05,-0.0005448401207104325,0.00022866710787639025,5.690883335773833e-05
0.00015903552412055433,8.121541031869128e-05,-0.0004832990816794336,0.0002678129239939153,0.00012269669969100502
0.00014842326345387846,5.8011362852994346e-05,-0.00047101432573981583,0.0002545862807892263,0.00012065082410117613
0.00013406001380644741,4.872935824096203e-05,-0.0004731717344839126,0.0002535889216233045,0.00010854990978259592
0.00012923849863000214,4.906540925730951e-05,-0.0004832824633922428,0.00025950398412533104,9.126998338615522e-05
0.00012285070260986686,3.2947384170256555e-05,-0.0004847700765822083,0.00023998187680263072,8.769067062530667e-05
0.00013767948257736862,2.3885413611424162e-05,-0.0004824789066333324,0.00022805048502050343,6.959849270060658e-05
0.0001477745099691674,3.8773629057686776e-05,-0.0004936967743560672,0.00023834420426283032,7.680371345486492e-05
0.00013760282308794558,4.990715387975797e-05,-0.0004883156507275999,0.00023933927877806127,6.184490484884009e-05
0.0001258199627045542,1.1112710126326421e-05,-0.0004848464741371572,0.00021930529328528792,6.750568718416616e-05
0.00012831948697566986,2.403640610282309e-05,-0.0004834921273868531,0.0002243244380224496,6.431782094296068e-05
0.0001358225999865681,2.046309964498505e-05,-0.0005012808833271265,0.0002133154048351571,5.632817192235962e-05
0.00012206430255901067,2.676658368727658e-05,-0.0004981498932465911,0.0002263853530166671,6.168618710944429e-05
0.00013642568956129253,3.825391468126327e-05,-0.0004927351255901158,0.00023282531765289605,6.645427492912859e-05
0.00012504852202255282,2.7584454073803496e-05,-0.0004944442771375178,0.00020835890609305352,4.982686368748546e-05
0.00018611268023960287,8.723218343220651e-05,-0.0005549374036490917,0.00022499574697576466,7.320344593608752e-05
0.0001603524724487215,7.2520284447819e-05,-0.0004984068218618631,0.00026161369169130916,0.00010078828927362338
0.00013114223838783798,3.303804987808689e-05,-0.0004760220763273537,0.0002600977022666484,0.00012184426304884255
0.00014044063573237509,3.554641443770379e-05,-0.00048044344293884933,0.0002396498894086108,9.325634164270014e-05
0.00015492108650505545,4.956779594067484e-05,-0.0004858069878537208,0.0002499620313756168,8.412279566982761e-05
0.00012298540968913585,2.7974007025477476e-05,-0.0004900880740024148,0.00023642391897737983,8.240379247581586e-05
0.00012320978567004204,1.74865508597577e-05,-0.0004833034763578325,0.0002286290691699833,8.227174839703365e-05
0.00012413885269779712,3.187671245541424e-05,-0.0004933417658321558,0.00022568309213966134,8.209569205064328e-05
0.00012213119771331551,2.407132706139237e-05,-0.0004860238987021148,0.00023768126266077158,8.363111555809155e-05
0.00013597533688880503,2.6965704819303934e-05,-0.00046894623665139085,0.0002503888099454344,9.204312664223835e-05
0.00014573504449799657,5.8615976740838967e-05,-0.0005008459556847812,0.000230992678552866,5.283103746478446e-05
0.00011844727850984783,2.8212238248670477e-05,-0.000489166472107172,0.0002376946358708665,6.808090984122829e-05
0.0001232174254255369,3.745856520254165e-05,-0.0004984260885976255,0.0002350556460442021,7.377649308182299e-05
0.0001244392478838563,4.752679524244741e-05,-0.0005172464880160987,0.0002347171684959904,5.2080071327509365e-05
0.0001362266339128837,3.9825725252740085e-05,-0.0004945640685036778,0.00022722120047546923,6.158978067105636e-05
0.00013455898442771286,9.329096428700723e-06,-0.0004877138417214155,0.00021719672076869761,6.933973054401577e-05
0.0001422084023943171,4.020403866888955e-05,-0.0004983997787348926,0.0002235239953733981,6.119090539868921e-05
0.0001572163455421105,2.380688238190487e-05,-0.000478434405522421,0.00022126079420559106,7.756969716865571e-05
0.00013289006892591718,3.3882970456033945e-05,-0.0004918949562124908,0.00023124825384002182,4.897619874100201e-05
0.00013368700456339866,3.3663414797047146e-05,-0.0005049338215030731,0.0002141641452908516,4.084325337316841e-05
0.0001332087995251641,2.7894364393432625e-05,-0.0005048082093708217,0.0002241761103505269,5.1618291763588786e-05
0.0001341544120805338,5.893778961763019e-06,-0.0004968970897607505,0.00021588853269349786,5.7953409850597375e-05
0.00013270085037220272,1.638415051274933e-05,-0.0004920830833725631,0.00023427326232194903,6.196291360538453e-05
0.00013060873607173562,3.730162279680371e-05,-0.00048758881166577334,0.00022242951672524214,7.545940025011078e-05
0.00014089410251472143,4.623011773219332e-05,-0.0005058892420493066,0.00022177372011356056,5.1678820454981185e-05
0.00013175034837331623,2.6153989892918617e-05,-0.0004746204649563879,0.00023535071522928774,7.525651017203927e-05
0.0001236584939761087,2.2622991309617653e-05,-0.0004962152452208102,0.00022706310846842823,5.6284599850187085e-05
0.00013324341853149235,4.2687686800491065e-05,-0.0004997752839699388,0.00023462052922695875,5.9873233112739406e-05
0.00014451013703364882,3.5173776268493384e-05,-0.000498697510920465,0.00022852746769785878,5.492592026712373e-05
0.00013921241043135524,2.8161812224425372e-05,-0.0004962686216458678,0.00022662233095616102,5.803490057587624e-05
0.00011333652219036594,1.9265546143287796e-05,-0.0005079936818219721,0.00020751547708641735,3.525292413542047e-05
0.00014133044169284403,4.5106462494004525e-05,-0.0004931389703415334,0.00022054345754440874,5.4792166338302195e-05
0.00012445005995687097,5.1741419156314805e-05,-0.0004915499594062567,0.0002310760319232941,5.968887489871122e-05
0.00012887187767773867,1.9885172150679864e-05,-0.0004972298047505318,0.0002090187626890838,5.224909182288684e-05
0.00013473375292960554,2.7102538297185674e-05,-0.00047904159873723984,0.00023038375366013497,7.495655154343694e-05
0.00013470872363541278,3.235349868191406e-05,-0.00048781349323689943,0.00023215664259623736,6.937664147699252e-05
0.0001309921353822574,2.2724876544089057e-05,-0.00048775903997011483,0.00021876399114262318,6.063735418138094e-05
0.00013838033191859722,2.4264236344606616e-05,-0.0004903264925815165,0.00023032378521747884,5.115489329909906e-05
0.00012516439892351627,2.961578502436168e-05,-0.000501101603731513,0.00022499130864162,4.545275442069397e-05
0.00014973572979215533,3.9479851693613455e-05,-0.0005110991187393665,0.00023372577561531216,6.795983790652826e-05
0.00014887322322465482,5.5750551837263636e-05,-0.0005157224368304014,0.00022141865338198843,4.4190743210492656e-05
0.0001255000242963433,2.282871355419047e-05,-0.0005043139099143445,0.0002135545655619353,5.508161120815201e-05
0.00014288138481788335,3.401692447368987e-05,-0.0004839485918637365,0.0002341608633287251,7.200887921499088e-05
0.0001381501933792606,2.7282398150418885e-05,-0.00047581535181961954,0.0002242030168417841,6.968845264054835e-05
0.00012895441614091396,2.9421462386380878e-05,-0.00046828895574435586,0.00022722982976119965,6.750059401383623e-05
0.00013004190986976027,4.0972099668579176e-05,-0.0004844297363888472,0.00023719402088318017,8.35087848827243e-05
0.00013111864973325282,1.6453715943498534e-05,-0.000494099804200232,0.000225568437599577,7.978852954693139e-05
0.00013647846935782584,3.701741297845729e-05,-0.0004863909271080047,0.00024479150306433445,6.388452311512083e-05
0.00014643218310084194,3.311453474452719e-05,-0.0004781321040354669,0.00023026112467050552,8.826192060951144e-05
0.00014453777112066746,5.4704531066818156e-05,-0.00048450648318976164,0.00021947085042484105,5.064316428615712e-05
0.00013589869195129722,3.972075501224026e-05,-0.0004909704439342022,0.00022380317386705428,6.293394835665822e-05
0.00012014345702482387,1.621995761524886e-05,-0.0004861620254814625,0.00021289197320584208,5.6704138842178515e-05
0.00012396008241921666,3.5009903513127945e-05,-0.0004963518003933132,0.00023419201897922906,6.269897858146578e-05
0.00012876676919404417,3.23845524690114e-05,-0.0004886086680926383,0.00023919058730825787,9.306707943324e-05
0.0001439966872567311,5.2340761612867936e-05,-0.0004841418995056301,0.0002331286523258313,8.74536344781518e-05
0.00015256067854352295,4.013220313936472e-05,-0.0004965237458236517,0.00022606956190429628,5.7632383686723194e-05
0.0001573744957568124,4.5610391680384055e-05,-0.00047052485751919454,0.00024534887052141135,8.099787373794243e-05
0.0001379717723466456,2.577398299763445e-05,-0.00048305021482519805,0.00022268752218224106,6.411271169781685e-05
0.00011684443597914651,2.179113107558805e-05,-0.0004966250853613019,0.0002182180469390005,5.634313492919318e-05
0.00013464510266203433,4.454268491826952e-05,-0.0004934599855914712,0.00023876491468399766,8.249314851127565e-05
0.00011535321391420439,3.2987125450745225e-05,-0.0005034595960751176,0.00022986618569120762,4.5060569391353056e-05
0.00012527729268185794,2.4625049263704568e-05,-0.00048770909779705107,0.00023466028505936265,6.963726627873257e-05
0.00012787543528247625,2.9121991246938702e-05,-0.0004988642176613212,0.00022261428239289668,6.263993418542668e-05
0.00013396957365330311,3.5589288017945364e-05,-0.0004954348551109433,0.00024071364896371958,9.821178537094966e-05
0.0001442276552552357,4.078029814991169e-05,-0.00047904724488034844,0.0002291477139806375,6.41166334389709e-05
0.00014864707191009074,7.202481356216596e-05,-0.00047236357931979006,0.00020785245578736067,6.42854138277471e-05
0.00016997236525639892,9.796585072763264e-05,-0.000499071495141834,0.0002316531463293359,6.387770554283634e-05
0.00014793567243032155,6.157709140097722e-05,-0.0005046656588092446,0.00022643782722298056,6.473370740422979e-05
0.00011721214832505213,3.2544747227802866e-05,-0.0005102348513901234,0.0002139696589438245,4.9427289923187345e-05
0.00012843622243963182,2.7845137083204467e-05,-0.0004793443367816508,0.0002293801226187497,0.00010424695938127115
0.0001306200138060376,3.46435590472538e-05,-0.0005011428147554399,0.00023034821788314733,8.651538519188762e-05
0.0001364255876978859,3.9957842091098435e-05,-0.0004960697260685265,0.00022398654255084693,7.184555579442531e-05
0.00013372619287110865,6.0276368458289646e-05,-0.0004933331510983407,0.00024096842389553785,7.11413158569485e-05
0.0001256078976439312,3.457962156971917e-05,-0.00047614943468943244,0.00023239878646563736,5.972286089672708e-05
0.00014703063061460853,7.128869765438141e-05,-0.0004850981640629471,0.00023579520347993818,8.066977170528844e-05
0.00016490109555888918,6.601493078051135e-05,-0.0005176320555619894,0.0002356031909584999,7.04289777786471e-05
0.0001585808931849897,8.299290493596345e-05,-0.0004937285557389258,0.00026163962320424616,7.726855255896226e-05
0.0001594574423506856,7.260067650349811e-05,-0.00046341534471139317,0.00028115551685914397,0.00014445616398006678
0.00012154715659562497,6.711640162393451e-05,-0.00048451140173710877,0.0002732913417275995,9.977471199817957e-05
0.00013439683243632317,3.034640212717932e-05,-0.0005022669793106617,0.0002324193192180246,7.819574966561049e-05
0.00015775005158502609,5.9043530200142407e-05,-0.0004655747907236219,0.0002648356312420219,0.00013329939974937588
0.00013788981596007943,7.101506344042718e-05,-0.00047537463251501316,0.0002313139848411083,8.32788209663704e-05
0.00013188568118494004,3.718039079103619e-05,-0.00048817339120432734,0.00024757790379226213,9.718478395370768e-05
0.0001378991291858256,3.485456545604393e-05,-0.0005150366341695191,0.00021767795260529962,6.76331837894395e-05
0.00013872138515580446,3.133080463157967e-05,-0.000496810011100024,0.00021345489949453622,7.367751095443964e-05
0.00017942783597391101,8.179151336662471e-05,-0.0005470251780934632,0.0002175835979869589,7.617304800078273e-05
0.00016800747835077343,7.915337482700124e-05,-0.0004909515264444053,0.00028696644585579634,0.0001528558786958456
0.00017658363503869623,9.690407023299484e-05,-0.000459985516499728,0.0002586654154583812,0.00013539050996769222
0.00019580317893996835,8.791217987891287e-05,-0.00048241854528896516,0.000280737440334633,0.0001455558667657897
0.00011861359234899282,7.042496872600168e-05,-0.0004981342353858054,0.00025382661260664463,0.0001027930702548474
0.0001137186773121357,4.3496092985151336e-05,-0.0004848930693697184,0.0002466281584929675,0.0001048804770107381
0.00011060752149205656,4.3361851567169645e-05,-0.0005035712965764105,0.00023443884856533262,5.670707832905464e-05
0.00012091510143363848,3.1141131330514333e-05,-0.0004872260033152998,0.00023871115990914404,8.161432197084649e-05
0.00012839394912589341,5.16134241479449e-05,-0.0004837571177631617,0.00024918169947341084,8.676230936544016e-05
0.00010901787754846735,7.432861821143887e-06,-0.0004681093851104378,0.00021384714636951685,8.591164805693552e-05
0.00016763713210821152,0.0001353924599243328,-0.0005248650559224188,0.00023615622194483882,8.055217767832802e-05
0.00014771723363082856,9.093130938708782e-05,-0.0005105906748212874,0.00027040555141866207,0.00014496548101305962
0.00012329879973549396,2.577215673227329e-05,-0.00047703195014037186,0.0002437740185996517,0.00013798153668176385
0.00011805890244431795,4.5267584937391796e-05,-0.00044559751404449344,0.00024755587219260633,9.576075535733251e-05
0.00011618553980952129,2.703702193684876e-05,-0.0004792007093783468,0.00023135310038924215,8.62007145769894e-05
0.00012952729593962428,3.526274667819962e-05,-0.00048562616575509315,0.000248683849349618,9.120562754105777e-05
0.00013103986566420645,6.13148877164349e-05,-0.00048727361718192697,0.00026457820786163205,0.00012610199337359518
0.00012333090126048774,4.485890895011835e-05,-0.00048413570038974285,0.0002679636236280203,0.00014467611617874354
0.00011752652062568814,2.5231736799469214e-05,-0.00047456595348194236,0.00023539488029200586,8.220523886848241e-05
0.0001727908238535747,1.593401793797966e-05,-0.00047941543743945664,0.00022510021517518905,0.00010057975305244328
0.00018030805222224444,0.00013179742381908,-0.0004717967822216451,0.00023878939100541172,0.00010073624434880912
0.00016310936189256608,0.00014218543947208673,-0.0005232788971625268,0.0002961434074677527,0.00015134054410737008
0.0001315675617661327,9.245582623407243e-05,-0.0004388859088066965,0.0002758936607278884,0.00014560999989043919
8.813130989437924e-05,2.693067926884396e-06,-0.000437538925325498,0.0002534808882046491,8.678617450641468e-05
9.521202446194367e-05,6.119067620602436e-06,-0.00045237425365485256,0.00024235172895714638,0.000109646818600595
0.00010154028132092208,7.01949011272518e-06,-0.0004763666947837919,0.00023942632833495736,9.410197526449339e-05
9.909396612783894e-05,-3.924008638023224e-07,-0.0004803536867257208,0.00021362770348787308,8.803960372461006e-05
0.00011332681606290862,1.3099316674924921e-05,-0.00046599528286606073,0.00023716270516160878,9.645719546824694e-05
0.00014443018881138414,3.3395241189282394e-05,-0.0005102460272610189,0.00022181448002811519,4.466888640308753e-05
0.00018299394287168982,0.00016421919281128794,-0.0005145120667293668,0.00028336752438917756,0.0001233257498824969
0.0001395247963955626,0.0001454533776268363,-0.0004871563869528472,0.00028833863325417036,0.00014080213441047815
0.00010568994912318884,2.0416220650076866e-05,-0.0004568586300592869,0.00025299453409388656,0.00012951336975675076
0.00010322062007617204,-2.1576681319857016e-05,-0.00043842184823006386,0.00024572512484155595,0.00014869635924696922
0.00012254746980033815,7.67585061112186e-06,-0.0004550550656858832,0.00024786341236904263,8.161869482137263e-05
0.00012420020357239991,2.175941881432664e-05,-0.00046871212543919677,0.00023015208716969937,6.42532977508381e-05
0.0001391197001794353,3.492681571515277e-05,-0.00047150673344731325,0.00025066762464120984,8.122068538796157e-05
0.00013566872803494334,2.1429686967167072e-05,-0.00048323714872822165,0.00022470742987934503,6.849488272564486e-05
0.0001434447622159496,2.2959950001677495e-05,-0.0004955042968504131,0.00021908308553975075,5.00281821587123e-05
0.00017018358630593866,3.7398036511149264e-05,-0.00048056300147436565,0.00022828241344541309,9.952115942724048e-05
0.00018418571562506256,0.000126781000290066,-0.0004705851606559008,0.00022720203560311347,4.9435744585935026e-05
0.00017954438226297498,0.0001775575365172699,-0.0005407252465374769,0.0003049130900762975,0.00012836777023039758
0.00013900120393373072,9.582899656379595e-05,-0.0005091717466711998,0.0002489037287887186,0.00010635067155817525
0.00011464119597803799,-7.762640962027945e-06,-0.00045677853631787,0.00021744414698332548,8.922869164962322e-05
0.00011845034168800339,1.0496760296518913e-05,-0.00045314707676880056,0.0002093944058287889,7.161668327171355e-05
0.00012222032819408923,1.1096337402705105e-05,-0.00048802915262058377,0.00022627868747804317,5.0797312724171206e-05
0.00014897662913426754,1.4091600860410834e-05,-0.0004887463292106986,0.00022261886624619365,7.275332609424368e-05
0.00014061696128919718,1.840514050854836e-05,-0.00046285032294690614,0.0002441629476379603,9.529572707833722e-05
0.00013147591380402446,5.3883613873040295e-06,-0.0004817775043193251,0.000224343006266281,9.425533062312752e-05
0.00014961729175411165,2.7171659894520417e-05,-0.0004989393055438995,0.0002222829207312316,6.727512663928792e-05
0.00015686948609072715,1.7124171790783294e-05,-0.0004912141594104469,0.0002244371571578085,5.154161772225052e-05
0.00014948692114558068,7.179009116953239e-05,-0.0005142344161868094,0.00020758526807185262,6.028016287018545e-05
0.00014528508472722024,8.040650573093444e-05,-0.0005201563471928238,0.00022987571719568223,6.30175054538995e-05
0.00013738562120124698,2.6483372494112697e-05,-0.000516687985509634,0.00021689938148483634,5.921210322412662e-05
0.0001351386308670044,2.2045129298930988e-05,-0.0005015047499909997,0.0002220300084445625,5.551737922360189e-05
0.00013651834160555154,3.815764284809121e-05,-0.0005004023551009594,0.00022114119201432916,6.273802137002349e-05
0.00014154671225696802,1.3553237295127475e-05,-0.00045957395923323935,0.00020278611918911335,7.284396997420117e-05
0.0001731752563500777,7.207201269920915e-05,-0.0005090743652544916,0.00022434451966546479,6.474346446339041e-05
0.00015436351532116532,7.615728100063279e-05,-0.00045914234942756593,0.00022879458265379069,6.289222073974088e-05
0.00013652573397848755,3.793178984778933e-05,-0.0004977798671461642,0.00023192410299088809,5.173447789275088e-05
0.0001530349109089002,4.7864217776805156e-05,-0.0004965181578882039,0.00022741203429177403,5.673676423612051e-05
0.00021011760691180825,0.00015195544983725995,-0.0004999625962227583,0.0001917418267112225,4.579228698275983e-05
0.0002243111957795918,0.00020363715884741398,-0.000550312630366534,0.0003153177967760712,0.0001810005633160472
0.00016107830742839724,0.00013106936239637434,-0.00040940914186649024,0.0003431395743973553,0.0002236248546978459
9.642187069403008e-05,1.986706138268346e-06,-0.00041011624853126716,0.0002882663393393159,0.00018133179401047528
0.00010047048999695107,-1.9901342966477387e-05,-0.000424716214183718,0.0002471986226737499,0.00011452705803094432
0.00012926306226290762,8.158216223819181e-05,-0.00031480792677029973,0.0002631188544910401,0.0001884433004306629
0.00015408734907396138,8.542525756638497e-05,-0.000267199648078531,0.0002624507760629058,0.00017119989206548783
0.00019524741219356656,0.00014203909086063504,-0.0005451746983453631,0.00026265808264724905,9.526714711682872e-05
0.00015206965326797217,4.6148503315635026e-05,-0.0004893838195130229,0.00022283873113337904,7.430166442645714e-05
0.000123849677038379,3.264004044467583e-05,-0.000492858176585287,0.0002240897301817313,7.791815733071417e-05
0.00018167270172853026,9.32659095269628e-05,-0.0005660039023496211,0.00022651732433587315,8.099422120722011e-05
0.00014790847490075976,6.385991582646966e-05,-0.0004802139883395285,0.00022517579782288522,9.744855196913704e-05
0.00010429244866827504,6.235271030163857e-06,-0.000422081706346944,0.0002260657784063369,8.58232015161775e-05
0.00012978016457054764,2.38009979511844e-05,-0.0004279802087694407,0.00023120244441088292,7.016086601652205e-05
0.00016653587226755914,3.483566615614109e-05,-0.00046761441626586015,0.00023006503761280328,9.354115900350736e-05
0.00013273197691887617,1.3949572348792572e-05,-0.0004539070359896869,0.0002226243814220652,9.453949314774944e-05
0.00014499232929665595,1.6750234863138758e-05,-0.00048248583334498113,0.0002219955058535561,7.172302866820246e-05
0.00013207257143221796,2.441041033307556e-05,-0.0004837049054913223,0.00022372801322489977,7.13677000021562e-05
0.00013217589003033936,9.114299245993608e-06,-0.0004896114114671947,0.00022058855392970142,7.395153807010502e-05
0.00018760570674203336,5.026182407164015e-05,-0.00048200885066762567,0.00024514560936950147,8.224372140830383e-05
0.0001469885028200224,3.2084160920931026e-05,-0.00044557778164744377,0.00022658104717265812,7.935773464851081e-05
0.00013335033145267516,1.8837143215932887e-05,-0.0004889410338364542,0.0002097251417580992,6.141104677226394e-05
0.00014500711404252795,2.9427794288494624e-05,-0.0004899344639852643,0.000213912149774842,5.048307502875105e-05
0.0001369280944345519,2.9367958632064983e-05,-0.0004910426214337349,0.00023509711900260297,7.847164670238271e-05
0.00014897258370183408,1.876924216048792e-05,-0.00048373613390140246,0.00020347481768112632,7.804152846802026e-05
0.00015731369785498828,8.542400610167533e-05,-0.0005133801023475826,0.0002134719688910991,8.787944534560665e-05
0.00014583190204575658,0.00010751670924946666,-0.0005768579430878162,0.00020458575454540548,-3.52234928868711e-06
0.0001651765196584165,7.000078767305239e-05,-0.0005290290573611857,0.0002097029937431216,8.315088780364022e-05
0.00016050226986408234,5.557054464588873e-05,-0.00045199994929134846,0.0002462900592945516,0.00011012849427061155
0.00014921756519470364,5.149993376107886e-05,-0.0004741169977933168,0.0002458725357428193,7.236136298161e-05
0.00015814286598470062,6.364865112118423e-05,-0.0004936135956086217,0.0002403627440799028,8.978478581411764e-05
0.00013202836271375418,4.455808812053874e-05,-0.0005010381573811172,0.000245463103055954,9.833001240622252e-05
0.00015986475045792758,4.071345392731018e-05,-0.00047676198300905526,0.0002514517982490361,9.625294478610158e-05
0.0001564568665344268,6.309408490778878e-05,-0.0004855036677327007,0.0002291293785674497,9.584644431015477e-05
0.00020560919074341652,0.00011387578706489876,-0.0005151172517798841,0.0002546552859712392,9.594794391887262e-05
0.00011999787238892168,2.790769212879241e-05,-0.00047743730829097336,0.0002484601573087275,8.720834739506245e-05
0.00011413480388000607,1.3731839317188133e-05,-0.0004769063380081207,0.00022789965441916138,7.43255004636012e-05
0.00013156514614820478,7.018470569164493e-06,-0.0004640848492272198,0.000239327346207574,0.00011419152724556624
0.0001898511836770922,0.00016860807954799384,-0.0005161892622709273,0.00026284193154424434,0.0001079408248187974
0.00018559643649496135,0.00014555754023604098,-0.0005216590943746269,0.0002561765722930432,0.0001264921156689525
0.00012334159691818058,3.930818638764322e-05,-0.0004458554903976619,0.0002840526285581291,0.00016447665984742343
9.868979395832866e-05,2.3286342184292153e-05,-0.0003749330062419176,0.0002800044894684106,0.00015867101319599894
7.410898251691833e-05,-3.4103668440366164e-05,-0.0003868881904054433,0.0002513652725610882,0.00014357006875798106
0.00013313206727616492,2.548244265199173e-05,-0.00042417665827088063,0.00025568273849785333,9.900394070427863e-05
0.00018499992438592017,0.00014570860366802663,-0.000505502859596163,0.00031141398358158767,0.00014164537424221635
0.00014111513155512512,0.00011006218846887351,-0.0005003615515306592,0.00029182052821852267,0.0001363145129289478
0.00011157713015563786,4.050361167173833e-05,-0.00046792021021246916,0.00023996537493076173,0.00011377017654012889
0.00010194230708293615,-1.3051256246399134e-05,-0.0004000994085799903,0.00027507313643582165,0.00016332058294210583
0.00010386307258158922,-1.2199683624203315e-05,-0.00036859337706118817,0.00027501489967107773,0.00017872567696031183
0.00011298563913442194,-3.101629408774897e-05,-0.00038104128907434637,0.00027023383881896734,0.00015978008741512895
0.0001089894794858992,-3.4972814319189645e-05,-0.0004284617316443473,0.00021953955001663417,7.908216502983123e-05
0.00013557527563534674,-1.7894752090796825e-05,-0.0004732559318654238,0.00019078889454249293,2.9219843781902448e-05
0.00012609496479853988,-1.292961860599462e-05,-0.0005169457290321589,0.00015777081716805696,-1.3782481801172253e-05
0.00015027647896204144,1.7465981727582403e-05,-0.0005526712629944086,0.00015152899140957743,-2.5314700906164944e-05
0.00021919595019426202,0.00016603620315436274,-0.0005611528758890927,0.000235666215303354,6.0274753195699304e-05
0.00021426133753266183,0.0002043020067503676,-0.0005378092755563557,0.0003160613414365798,0.00016287399921566248
0.00017324718646705148,6.562637281604111e-05,-0.0004658569814637304,0.00021976766583975402,8.092874486465007e-05
0.00013565036351792514,-5.499357939697802e-06,-0.0004056281468365341,0.0002360499347560108,8.236003486672416e-05
0.00013020410551689562,1.818670534703415e-05,-0.00042827113065868616,0.0002363232197239995,8.375361358048393e-05
0.00020204864267725495,0.00019165051344316453,-0.0005042506963945925,0.00033522839657962317,0.0001997674262383953
0.000163807810167782,0.00012253421300556508,-0.0005495649529621005,0.00025082242791540915,0.00011210503726033494
0.00016071148274932057,2.3811619030311704e-05,-0.0005044119316153228,0.00018764832930173722,5.248620436759666e-05
0.0001583565608598292,4.08118030463811e-05,-0.00046957429731264716,0.00020696815045084804,6.613181176362559e-05
0.0001553047331981361,4.0850216009857826e-07,-0.0005225634085945785,0.000142325006891042,-4.920439096167684e-06
0.0001365717762382701,-9.772896191861946e-06,-0.00044530211016535764,0.00022323406301438808,7.577890937682241e-05
0.00011916054791072382,1.3908966138842514e-05,-0.0003824356535915285,0.00031092247809283435,0.0001395976432831958
0.00012207380495965478,3.979102257289924e-05,-0.0003921144816558808,0.0003366336168255657,0.0001567995932418853
0.0001511331065557897,2.5167215426336046e-05,-0.0004165568680036813,0.000293715886073187,0.00013091627624817193
0.0001781560713425279,8.252637053374201e-05,-0.00048345056711696083,0.0002838886866811663,0.00011152085062349217
0.00019714707741513848,9.902396413963288e-05,-0.00048560663708485663,0.00029398081824183464,9.853215306065977e-05
0.0001943746756296605,5.658001100528054e-05,-0.00046555657172575593,0.00023067761503625658,6.78842407069169e-05
0.0002067510940833017,6.014501923345961e-05,-0.0005130514618940651,0.0002367309934925288,7.590739551233128e-05
0.0002105381136061624,0.00010622053378028796,-0.0005285819643177092,0.00023092921765055507,7.770385127514601e-05
0.00020049592421855778,7.19917516107671e-05,-0.0005087644094601274,0.00022624361736234283,7.459716289304197e-05
0.00017889686569105834,8.106304449029269e-06,-0.0004991655005142093,0.00019921705825254318,3.0993112886790186e-05
0.00020819772907998413,8.820193033898249e-05,-0.0005011503817513585,0.00024028899497352538,7.766261842334643e-05
0.00020194592070765796,9.563628555042668e-05,-0.0004980727098882198,0.00024438966647721827,7.740018190816045e-05
0.0002486965386196971,0.00015309116861317307,-0.0004856063169427216,0.0002670992398634553,0.00012345115828793496
0.00019609146693255752,7.645044388482347e-05,-0.0005022723344154656,0.0001400499022565782,-1.2553311535157265e-05
0.00013460684567689896,-1.6309391867252998e-05,-0.00043465869384817784,0.00023268209770321846,7.54022112232633e-05
0.00015021134458947927,1.6938438420766033e-05,-0.00041048723505809903,0.000258212792687118,9.863833838608116e-05
0.00015163750504143536,6.69400324113667e-05,-0.0004460663185454905,0.0002864081179723144,0.00012117336154915392
0.00016729142225813118,4.029230331070721e-05,-0.0004687228938564658,0.00025867324438877404,0.00011534141231095417
0.0001799038291210309,2.919041799032129e-05,-0.0004767820646520704,0.00023186115140561012,5.820580554427579e-05
0.0001917131012305617,0.0001249939959961921,-0.0005211152019910513,0.0002572943631093949,7.377847214229405e-05
0.00017001311061903834,5.4494885262101895e-05,-0.0004617455997504294,0.00021204665245022625,7.304053724510594e-05
0.00017708947416394952,-6.1861446738475925e-06,-0.0005043779383413494,0.00014890411694068462,5.6763556131045326e-06
0.0001607593585504219,-4.837504548049765e-06,-0.00046971527626737947,0.00021618879691231999,5.718781903851777e-05
0.00015520186570938677,2.1418989490484822e-05,-0.0004587900475598872,0.00022689109027851373,7.125803676899523e-05
0.00017014732293318954,3.084458512603305e-05,-0.0004585431306622922,0.00023341122141573575,6.660867074970156e-05
0.00015645872917957604,1.3776927517028525e-05,-0.00047406504745595157,0.0002178217546315864,5.8013956731883816e-05
0.0001867892860900611,6.799172115279362e-05,-0.000509200559463352,0.0002215194544987753,4.734838148579002e-05
0.00019617444195318967,2.3386413886328228e-05,-0.000506439886521548,0.0001939060603035614,4.337322388892062e-05
0.000177812748006545,3.001173899974674e-05,-0.0004747211933135985,0.0002011808246606961,4.8865509597817436e-05
0.00021139367891009894,0.0001018717885017395,-0.000503732415381819,0.00027589575620368123,0.00014228292275220156
0.00021685654064640403,0.00012635534221772105,-0.0005513933137990534,0.00026050949236378074,0.00011182963498868047
0.00020442163804546,3.5828397813020274e-05,-0.0005891029722988605,0.00013482327631209046,3.02085527437157e-06
0.00017867427959572524,3.3521260775160044e-05,-0.0004572907055262477,0.00025631635799072683,0.00011197197454748677
0.00016985111869871616,4.556116255116649e-05,-0.00044233480002731085,0.00027320152730681,0.00011630445078480989
0.00013183736882638186,2.4164657588698898e-05,-0.0004222997522447258,0.0002579924766905606,0.0001055160682881251
0.0001592329645063728,4.699417331721634e-05,-0.00043127586832270026,0.0002728107792790979,0.00012140815670136362
0.00019075014279223976,0.00012658388004638257,-0.000497708679176867,0.000262736895820126,7.433605787809938e-05
0.00021523666509892794,0.0001278401759918779,-0.000499343266710639,0.00029853155137971044,0.00015056364645715803
0.00020136659441050145,0.0001165631038020365,-0.000535692845005542,0.00024433090584352607,0.0001037860638462007
0.00019006544607691467,8.659857849124819e-05,-0.0005136661347933114,0.00021566871146205813,3.9370559534290805e-05
0.0002064730360871181,9.530202805763109e-05,-0.0005675318534485996,0.0002248282980872318,3.208345515304245e-05
0.00021617261518258601,4.883473957306706e-05,-0.0005910131148993969,0.00010647589078871532,-4.689665729529224e-05
0.00019065875676460564,3.830180867225863e-05,-0.00045222579501569266,0.00026451086159795517,8.776411414146423e-05
0.00014693354023620486,2.964521445392165e-05,-0.0003974060236942023,0.00028431732789613307,0.000146510501508601
0.0001474083983339369,6.135894363978878e-05,-0.000388665561331436,0.00034886112553067505,0.00017270768876187506
0.00018537387950345877,6.39002028037794e-05,-0.00041899149073287845,0.00030867295572534204,0.0001360824680887163
0.00016332001541741192,7.223177817650141e-05,-0.0004228457110002637,0.0002724292280618101,0.00011261352483415976
0.00019932760915253314,0.00013665846199728549,-0.0004968145512975752,0.00029731672839261586,0.00012763988343067467
0.00021724856924265626,0.00012775078357663006,-0.0004483570228330791,0.0002616886340547353,0.00011463608825579287
0.00018380876281298697,1.2184907063783612e-05,-0.00042857814696617424,0.00022030370018910614,9.9726406915579e-05
0.0001921729854075238,3.806621316471137e-05,-0.0005176893319003284,0.000183904092409648,5.65171976631973e-05
0.00016458834579680118,4.350730523583479e-05,-0.0004299148276913911,0.00029292711406014865,0.00011209984950255603
0.00018494136747904122,8.657320722704753e-05,-0.00043639342766255135,0.0003065827477257699,0.00012912841339129957
0.00020530051551759243,0.00014880225353408605,-0.0004222528950776905,0.00035122645203955466,0.0001885214151116088
0.0002495780063327402,6.0592628869926564e-05,-0.0005558210541494192,0.00017824929091148078,3.371123602846637e-05
0.00023069995222613213,3.291856046416797e-05,-0.00047160743270069366,0.00024761282838881016,7.812363764969632e-05
0.00017381382349412888,5.9314872487448156e-05,-0.0004238139081280679,0.0002918468962889165,0.00013485267118085176
0.00013821947504766285,5.01027752761729e-05,-0.0004200248804409057,0.00028288961038924754,0.00013958585623186082
0.00014928006567060947,6.113006384111941e-05,-0.0004336923302616924,0.0002768996928352862,0.00010025225492427127
0.0001512475428171456,3.2947908039204776e-05,-0.0004396099247969687,0.00026152265490964055,0.00011179633293068036
0.00018572312546893954,7.023053331067786e-05,-0.0004131771856918931,0.00022260814148467037,5.9221983974566676e-05
0.00025271481717936695,0.0001681778667261824,-0.0004717588308267296,0.0003394588129594922,0.00020265934290364385
0.0002418884541839361,0.00010921309876721352,-0.0005087146419100463,0.000267250114120543,0.0001329303631791845
0.00024649384431540966,-3.5523371479939676e-05,-0.0005888496525585651,3.169383853673935e-05,-0.00011084196012234317
0.0002173675602534786,1.3523810594051609e-05,-0.0005843815160915256,0.00010797470167744903,-7.904226367827505e-05
0.0001861789496615529,6.22068255324848e-05,-0.0004336457350291312,0.0002933679206762463,0.00013834582932759076
0.00013295724056661132,0.0001703153975540772,-0.0003861089062411338,0.000442785385530442,0.00025076267775148153
0.00019303808221593502,0.00016922305803745985,-0.00036902393912896514,0.00044844514923170214,0.0002762664807960391
0.0003484005865175277,1.3904613297199829e-05,-0.0005628049257211387,0.00014182348968461156,-3.960682442993857e-05
0.0002802075177896768,9.103983029490335e-05,-0.0004285585309844464,0.0003291558241471648,0.00014903889677952975
0.00012910914665553722,0.00012566075020004064,-0.00032412089058198035,0.00042130268411710864,0.00024145771749317646
8.682555926498026e-05,0.00011150740465382114,-0.00033897158573381603,0.0004260591231286525,0.0002391740563325584
0.00017049000598490235,0.0002258469903608784,-0.00033890333725139504,0.0005527142784558238,0.00038294019759632647
0.0002290394040755928,0.00015213216829579324,-0.00037118230829946697,0.00045034536742605274,0.0002905160363297909
0.0002567232004366815,-5.027659426559694e-05,-0.0006587253883481027,-2.5087845642701723e-05,-0.0002051792398560792
0.0002359809877816588,5.38783788215369e-05,-0.00048031454207375646,0.00023651855008210987,6.875717372167857e-05
0.00015143989003263414,0.000123050733236596,-0.0003673056198749691,0.00039553572423756117,0.0002010498428717256
0.00014855730114504695,0.00016653638158459216,-0.0003140968328807503,0.0004552737227641046,0.0002741362259257585
0.00015432658256031573,0.00012168841203674673,-0.0003233133757021278,0.00044139611418358987,0.00028100714553147554
0.00014398206258192658,8.913366764318198e-05,-0.0003806400927715004,0.00037014804547652597,0.00019180953677278007
0.00019524992967490107,0.00014157105761114508,-0.00041188256000168616,0.0003850236535072327,0.00022511252609547228
0.00020652647071983665,0.00019547354895621535,-0.0003969600365962833,0.0004626844893209637,0.00028803682653233414
0.0002140931610483676,6.215240864548832e-05,-0.0004945158143527807,0.0002338381746085361,6.086984649300575e-05
0.00017460400704294443,5.6058150221360854e-05,-0.00047339577577076847,0.00021248940902296454,3.384146475582384e-05
0.00019214366329833865,5.88928633078467e-05,-0.0005041566328145564,0.0002318867045687512,5.686169242835604e-05
0.000207555087399669,-3.6748331240232805e-06,-0.0006264261901378633,1.2111269825254567e-05,-0.0001424828515155241
0.00018335270578972995,6.540183676406741e-05,-0.00048714765580371017,0.0002252323756692931,7.369826198555529e-05
0.00021125258354004472,7.520464714616537e-05,-0.00047486441326327617,0.00022418108710553497,6.596981984330341e-05
0.00022582027304451915,3.7807581975357614e-05,-0.0004998521180823445,0.000209627571166493,3.708903750521131e-05
0.00017923179257195446,7.027316314633936e-05,-0.0003722641558852047,0.000362617545761168,0.00021053133241366598
0.00013652350753545758,6.945818313397467e-05,-0.0003602467477321625,0.0003616331669036299,0.00020215431868564335
0.0001967622811207548,0.00017253501573577523,-0.000372364156646654,0.0004598555387929082,0.0003393969382159412
0.00020829915592912582,0.000208447192562744,-0.00036831761826761067,0.00046477551222778857,0.0003170160925947129
0.00023376436729449782,2.5153345632134005e-05,-0.0005506783491000533,0.00013646580919157714,-2.579801184765529e-05
0.0001876708556665108,5.878129013581202e-05,-0.0004439034964889288,0.0002631576790008694,0.00010898062464548276
0.00014644931070506573,4.360746243037283e-05,-0.0003831927315331996,0.0002957098477054388,0.0001302453601965681
0.00017234166443813592,8.511167834512891e-05,-0.0003993581631220877,0.00030074553797021514,0.0001533993345219642
0.0002412265894236043,0.00021468845079652965,-0.0004333407850936055,0.0004107349959667772,0.0002457626396790147
0.00021273324091453103,8.023284317459911e-05,-0.00048294305452145647,0.0002488824538886547,0.00011909387103514746
0.00024204273358918726,2.8628533982555382e-05,-0.0005279547185637057,0.00016683283320162443,-4.1570618236619344e-07
0.00017042280524037778,6.092105468269438e-05,-0.00042021195986308163,0.000292095443001017,0.00013869492977391928
0.00016405389760620892,0.00010697184916352852,-0.00042027138988487417,0.00031838557333685463,0.00015764300769660622
0.0001954016188392416,0.00013198054512031376,-0.0003991752455476672,0.00037992518628016114,0.0002262531779706478
0.00020647274504881352,0.00010995848424499853,-0.00043557077879086137,0.00033255081507377326,0.0001794382696971297
0.00023244354815687984,2.5827597710303962e-05,-0.0005418165819719434,0.00014533684588968754,-3.2287445606016263e-07
0.00017687029321677983,4.953549796482548e-05,-0.0004117352946195752,0.00026284900377504533,0.00010497187031432986
0.00015731620078440756,5.311713175615296e-05,-0.0003385955933481455,0.00036383370752446353,0.00022071784769650551
0.00018272943270858377,5.8618861658032984e-05,-0.00040913885459303856,0.0003148724790662527,0.0001556057104608044
0.0001687403419055045,7.165828719735147e-05,-0.000411510729463771,0.00031402710010297596,0.00012573998537845907
0.00022868017549626532,0.00017475930508226154,-0.0004025767266284674,0.0004087249981239438,0.00026179756969213486
0.00022440840257331734,0.00016029847029130906,-0.0004186563892289996,0.00038082469836808736,0.00022619598894380033
0.00022551423171535132,7.84613730502315e-05,-0.0005304942606016995,0.00017939160170499235,1.7651251255301762e-05
0.00021495958208106455,-2.2455140424426645e-05,-0.0006300528184510767,9.445952855458017e-06,-0.00014743773499503732
0.00018108471704181284,3.916020796168596e-05,-0.0004508714773692191,0.0002503321738913656,8.485234866384417e-05
0.00014780300261918458,5.55800725123845e-05,-0.00038775886059738696,0.00033583163167349994,0.0001664315786911175
0.00015705751138739288,8.53406309033744e-05,-0.0003768016176763922,0.00034820166183635587,0.00018555065616965294
0.00020779868646059185,0.00017869326984509826,-0.0003934424603357911,0.0004260350542608649,0.00026886118575930595
0.00020730240794364363,0.00018113089026883245,-0.00038219316047616303,0.00044781834003515536,0.00030262541258707637
0.00022871721012052149,2.4610189939267002e-05,-0.0005728870746679604,0.00011376379552530125,-2.5538647605571896e-05
0.00022430757235269996,-2.830969606293365e-06,-0.0005801141960546374,0.00010072441364172846,-7.376622670562938e-05
0.00017523219867143783,4.118590732105076e-05,-0.00042290688725188375,0.00028300919802859426,0.00014022910909261554
0.00015139581228140742,7.570479647256434e-05,-0.00036106599145568907,0.0003605947422329336,0.0001961227681022137
0.00015775290376041085,8.112817886285484e-05,-0.00034728695754893124,0.00035752079566009337,0.0001843984064180404
0.00017771500279195607,7.193320925580338e-05,-0.0004175352223683149,0.00030406523728743196,0.00013785544433631003
0.0001974308688659221,9.400648559676485e-05,-0.00045139767462387686,0.00027351221069693565,0.00012372052879072726
0.00023111593327485025,0.00013845041394233704,-0.0004316292761359364,0.0003732584300450981,0.00021789161837659776
0.0002091413625748828,0.00010849328828044236,-0.0004736336995847523,0.0003121335466858,0.00016896605666261166
0.0002402283571427688,4.646653542295098e-05,-0.0006232222658582032,6.214792665559798e-05,-6.144883809611201e-05
0.00027423157007433474,-2.695844705158379e-05,-0.0007225974695757031,-6.806647434132174e-05,-0.00021634444419760257
0.00029061970417387784,6.733350164722651e-05,-0.0004938016645610332,0.000242042719037272,2.9808728868374604e-05
0.00018973408441524955,0.00010665359150152652,-0.0003758497186936438,0.0003740785759873688,0.0002047930465778336
0.0001342750183539465,0.0001479204656789079,-0.00033540977165102964,0.0004707773623522371,0.00029419633210636675
0.00013510501594282687,0.00013198910164646804,-0.00032469508005306125,0.00046221670345403254,0.0002895062498282641
0.00016892548592295498,9.859672718448564e-05,-0.00030260407947935164,0.0004615304060280323,0.0003087397781200707
0.00018397382518742236,7.191905024228618e-05,-0.00030165960197336966,0.00044061648077331483,0.00032227489282377064
0.00019981212972197682,4.84478659927845e-05,-0.0004356793651822954,0.00027444027364254,0.00012010112550342456
0.00017940864199772474,4.624484427040443e-05,-0.00046377143007703125,0.0002392342285020277,8.523449650965631e-05
0.00021633355936501172,0.0001546084095025435,-0.00047086505219340324,0.00032984273275360465,0.00014006007404532286
0.00022231039474718275,0.000157295202370733,-0.0004916224861517549,0.00033923366572707886,0.00017162844596896318
0.000203973802854307,4.1461778891971335e-05,-0.0005424789851531386,0.00015075788542162627,-2.6676476409193132e-05
0.0002235526917502284,8.669253293192014e-05,-0.0005121274734847248,0.00022726785391569135,6.482643948402256e-05
0.0002351762086618692,-2.7790409149019982e-05,-0.0006908588111400603,-3.63619219569955e-05,-0.00016257463721558452
0.00022119024652056401,5.936366142123006e-05,-0.0004648025787901133,0.0002620146260596812,8.088241884252055e-05
0.00015725879347883165,6.985849904594943e-05,-0.00035349148674868047,0.0003705318085849285,0.00021134727285243568
0.00018336094217374918,0.000127902501844801,-0.0003127614327240736,0.000441882701124996,0.00029740159516222775
0.0002546167524997145,2.659268102433998e-05,-0.0004618703969754279,0.0002666798827704042,0.0001284558093175292
0.0002157404960598797,5.0838643801398575e-05,-0.0004887162358500063,0.00023284101916942745,3.8772883272031315e-05
0.00018272949091624469,0.00013319910794962198,-0.00039150519296526914,0.0003874317917507142,0.00023458378564100718
0.00019539667118806392,0.0001483082742197439,-0.0003962668124586344,0.0004107806598767638,0.0002532652288209647
0.00021148132509551942,9.33056162466528e-06,-0.00039866316365078086,0.000250307988608256,8.959084516391158e-05
0.00018966388597618788,0.00010717265831772238,-0.0004179266397841275,0.00034447404323145747,0.00018936571723315865
0.00019716534006875008,0.00015053458628244698,-0.00043367862235754734,0.00037935786531306803,0.0002063201536657289
0.00025692261988297105,-2.944823336292757e-06,-0.0006447047926485537,2.985874198202509e-05,-0.00011973432265222073
0.0002236992586404085,9.838506230153145e-05,-0.00046466407366096973,0.0003097016306128353,0.00012992201664019376
0.00017509913595858959,0.000126584418467246,-0.0003658244095277041,0.0003811719361692667,0.00019980233628302813
0.00015291802992578596,9.998264431487769e-05,-0.0003650040889624506,0.0003995499282609672,0.00021123474289197475
0.0001679431588854641,7.720867870375514e-05,-0.0003758805978577584,0.0003672515740618109,0.0002046853769570589
0.00016373889229726044,7.404184725601226e-05,-0.00042021027184091514,0.0003099098976235837,0.00015812943456694484
0.00020349916303530333,9.169543773168698e-05,-0.0004487651749514043,0.00030921353027224535,0.00015656612231396141
0.00025420021847821767,0.00015260343207046392,-0.00046894786646589637,0.0003149055410176516,0.00015333150804508477
0.00019975753093603998,8.67478156578727e-05,-0.00047847448149695987,0.0002593518584035337,8.734966831980273e-05
0.0002055148797808215,6.465845217462629e-05,-0.00048338022315874696,0.00024055053654592484,7.564111001556739e-05
0.00023745359794702384,0.00019100031931884587,-0.0004934330936521292,0.0003390282217878849,0.00016748165944591165
0.0001882585056591779,0.00015170435653999448,-0.0004896666505374013,0.000279743951978162,5.663017145707272e-05
0.00017499244131613523,2.550251520005986e-05,-0.000480301707284525,0.00019961576617788523,5.162473098607734e-05
0.00016174970369320363,3.561385165085085e-05,-0.00047217143583111465,0.00023023820540402085,7.123291288735345e-05
0.000169148130225949,3.5373985156184056e-05,-0.0004727207415271551,0.00022766382608097047,6.68148131808266e-05
0.0002006330905715004,0.00019304787565488368,-0.000455381057690829,0.0004004054353572428,0.0002158445713575929
0.00019707129104062915,0.00012300425441935658,-0.0005038048257119954,0.000300473882816732,0.00015394311049021783
0.00020624529861379412,6.2003100538277076e-06,-0.0005695055588148534,9.4488263130188e-05,-6.322640547296031e-05
0.00029503664700314397,-9.806436719372867e-05,-0.0006414514500647782,-6.516854773508385e-05,-0.0002143507736036554
0.000262975343503058,4.5244887587614364e-05,-0.0004091684822924435,0.00030234071891754866,0.0001527844142401591
0.0001702228473732248,0.00010808852675836532,-0.0003321489493828267,0.0004592570476233959,0.00026885399711318314
0.0001577234797878191,0.0001675196981523186,-0.0002718005271162838,0.0005629229708574712,0.0003848039486911148
0.0002359913632972166,5.301751116348896e-06,-0.00044683311716653407,0.0002360799117013812,8.967276517068967e-05
0.00023066889843903482,7.885727245593444e-05,-0.0004766935016959905,0.00027849123580381274,8.873871411196887e-05
0.00014712549454998225,9.762519039213656e-05,-0.00041048243292607367,0.0003535536234267056,0.00018217913748230782
0.00013273756485432386,0.0001025209712679498,-0.0004015915910713375,0.0003620993811637163,0.00018440687563270333
0.00017354023293592036,9.711772145237774e-05,-0.000435752997873351,0.00032830002601258457,0.0001773918920662254
0.00019807663920801133,0.00015812354104127738,-0.0004302945453673601,0.0003015189431607723,0.0001599362149136141
0.00021241848298814148,0.000156203648657538,-0.0004425236256793141,0.00036980939330533147,0.00018395326333120463
0.0002182580647058785,9.005856554722413e-05,-0.0004622770647983998,0.00028894538991153235,0.00014361842477228492
0.0002174629480578005,0.00011920584074687211,-0.00041803368367254734,0.00028937365277670324,0.0001378500455757603
0.00022059015464037657,0.00014914890925865618,-0.0005203750333748758,0.0002909598406404257,0.00011225162597838789
0.0002265508665004745,-1.7350635062030049e-06,-0.0005326395039446652,0.00014380407810676843,-7.301100595213938e-06
0.00019407720537856218,3.792486313614063e-05,-0.0004586775612551719,0.00024599122116342187,6.521501927636564e-05
0.00018508224457036704,7.840657781343907e-05,-0.0004227931203786284,0.000331281655235216,0.0001569652376929298
0.0001818285381887108,0.00011806846305262295,-0.0004112021997570992,0.0003722396213561297,0.00021519519214052707
0.00018467287009116265,-3.188143818988465e-05,-0.0005680035101249813,6.637561455136165e-05,-9.292363392887636e-05
0.00018412810459267348,4.8756133764982224e-05,-0.0005244536441750824,0.00015835175872780383,1.7585787645657547e-05
0.00021196359011810276,9.589720866642892e-05,-0.0005029546446166934,0.00025865170755423605,5.743854126194492e-05
0.00017616646073292938,0.00010587016004137696,-0.0004793541156686842,0.000294761877739802,0.00011644596816040576
0.0002692478592507541,-7.307220948860049e-05,-0.0006280990201048553,-1.7024574844981547e-05,-0.00020106285228393966
0.00026373693253844976,7.024282967904583e-05,-0.0004737784620374441,0.00025069195544347167,6.901628512423487e-05
0.00018855153757613152,9.187748946715146e-05,-0.00035902275703847414,0.0003576678573153913,0.00018132584227714688
0.000147665137774311,8.557289402233438e-05,-0.0003242033999413252,0.00043519111932255333,0.0002942659775726497
0.0001525996922282502,0.00010995472257491201,-0.00030732993036508566,0.00044639763655140996,0.00030580139718949795
0.00015878575504757464,9.664868412073703e-05,-0.0003418124106246978,0.0004150499298702925,0.00024900594144128263
0.0001843357167672366,0.0001153848206740804,-0.00040452173561789095,0.0003680809168145061,0.00018844006990548226
0.00022427221119869503,0.00016736971156205982,-0.0004374191048555076,0.0003541023179423064,0.00017933017807081342
0.00020921352552250028,0.00013804274203721434,-0.00044847305980511015,0.0003186481771990657,0.00014503997226711365
0.00021681511134374887,6.392087379936129e-05,-0.0004572040634229778,0.00026524061104282737,0.0001148365408880636
0.00022214752971194682,6.488638609880581e-05,-0.0004444599035196007,0.000244797847699374,8.897644147509709e-05
0.000189866274013184,4.468010229174979e-05,-0.00048724541557021434,0.0002139479038305581,5.5413911468349404e-05
0.00021640298655256632,9.788868919713424e-05,-0.0005085018929094076,0.00024814956123009324,7.109924627002329e-05
0.00022866018116474152,0.00013803050387650728,-0.0004758345894515514,0.00032856286270543933,0.00018209619156550616
0.00022100984642747792,0.0001384070492349565,-0.000371405272744596,0.0003876714035868645,0.0002407118008704856
0.0002394690818618983,-0.00011586521577555686,-0.0006967194494791329,-0.0001352918188786134,-0.00026932626497000456
0.00025729453773237765,-8.44343740027398e-05,-0.0006183003424666822,-4.979719233233482e-05,-0.00018709336291067305
0.0002473628264851868,5.6278502597706386e-05,-0.0005419219960458577,0.00018289034778717903,3.668849785753992e-06
0.00019710302876774224,0.00010636443766998127,-0.00041016039904206986,0.0003742043336387724,0.00017691863467916846
0.00010411323455628008,9.909740037983283e-05,-0.00028144108364358544,0.00047769260709173983,0.0003124387585557997
0.00012158227036707105,8.784101373748854e-05,-0.0002698320895433426,0.0004859596374444664,0.0003351829655002802
0.00016098906053230166,5.619464354822412e-05,-0.00030227753450162714,0.0004249002668075264,0.00028081159689463675
0.0001862092176452279,4.961119702784345e-05,-0.00038533553015440697,0.00033459250698797405,0.00019797847198788082
0.00024482456501573324,0.00017551821656525138,-0.00035792944254353637,0.00047433635336346924,0.00034989503910765046
0.0002864854759536684,6.403953011613339e-05,-0.0005541951395571232,0.00018655037274584171,5.584206155617722e-05
0.00027429728652350605,-1.4929580629541306e-06,-0.0007155806524679066,-8.267939847428352e-05,-0.00022154410544317216
0.0002389086876064539,2.9379007173702117e-05,-0.0005157795967534183,0.0001910923165269196,1.6808227883302607e-05
0.0001932921732077375,8.355273166671395e-05,-0.00040014387923292816,0.00034285811125300825,0.0001655699743423611
0.0001446423411834985,7.943813398014754e-05,-0.00035361904883757234,0.0003936876018997282,0.00023312304983846846
0.00016012019477784634,8.359078492503613e-05,-0.00035269951331429183,0.000383426493499428,0.00023746986698824912
0.00017689081141725183,5.91856733080931e-05,-0.0003995158476755023,0.0003171327989548445,0.0001727111084619537
0.0002405597479082644,0.00019621227693278345,-0.0003951439575757831,0.00039288081461563706,0.00021913457021582872
0.00022159947548061612,0.00012174719449831171,-0.00045013535418547684,0.0003086851211264729,0.00016207592852879316
0.00021645179367624223,4.830562102142722e-05,-0.00046894210390746593,0.0002229824021924287,8.08283148217015e-05
0.00017118456889875233,4.277878178982064e-05,-0.00046815720270387834,0.00024054382811300454,6.851735088275746e-05
0.0001929332356667146,6.088759982958436e-05,-0.0004835668951272965,0.0002322527288924903,5.615492409560829e-05
0.00020492706971708685,6.591204146388918e-05,-0.0004975455231033267,0.0002263473579660058,5.634479020955042e-05
0.00021530802769120783,0.0001938292116392404,-0.0005111399223096669,0.0003374198859091848,0.00014557523536495864
0.00023626837355550376,8.604436152381822e-05,-0.0004955167532898487,0.00023946895089466122,8.342109504155816e-05
0.00020220802980475128,-1.1941081083932659e-06,-0.0005121920257806778,0.00016572333697695282,1.979540684260428e-05
0.00018157869635615495,2.1218189431237988e-05,-0.00045097310794517403,0.00023751409025862813,0.00011425973934819922
0.00020781529019586742,5.95345554756932e-05,-0.0004467531689442693,0.0002765739918686449,0.00010932242730632424
0.000223869617911987,3.4082928323186934e-05,-0.0004303621535655111,0.0002544174203649163,0.00011599080607993528
0.00019783886091317981,9.900895383907482e-05,-0.0004964877152815461,0.000251499266596511,7.273622759385034e-05
0.0001938132627401501,7.542386447312309e-05,-0.0005072726053185762,0.00022603760589845479,4.9705802666721866e-05
0.00021052721422165632,5.658398004015908e-05,-0.0005077641108073294,0.0002053024945780635,4.928010821458884e-05
0.0001875514426501468,3.088833182118833e-05,-0.0004936273908242583,0.00019441869517322632,3.9484526496380574e-05
0.00019737944239750502,1.6648969904053956e-05,-0.0004936652258038522,0.00018659408669918776,5.8758236264111474e-05
0.0002307058603037149,9.479199070483446e-05,-0.0004992473404854536,0.0002448541054036468,8.707517554285005e-05
0.00021004208247177306,0.00010439661127747968,-0.0005062378477305174,0.00024241924984380606,8.929067553253844e-05
0.00020789085829164836,5.3775773267261684e-05,-0.0004075688484590501,0.00029440433718264103,0.00016904686344787478
0.0002144185418728739,2.8995818865951147e-05,-0.0004098309727851301,0.00028442830080166465,0.00018046383047476408
0.0002565345203038305,0.0001286306360270828,-0.0005324982339516282,0.00023140481789596382,6.424224557122216e-05
0.00019823387265205383,9.003441664390266e-05,-0.0004936511977575718,0.00021201219351496547,4.5695203880313784e-05
0.000190771374036558,2.766301076917443e-05,-0.0004666558525059372,0.00022168876603245732,8.246202196460217e-05
0.00019473304564598948,3.5540389944799244e-05,-0.00047150938189588487,0.0002315556048415601,7.198932871688157e-05
0.00019441956828814,0.00014565723540727052,-0.0004152049368713051,0.00038664095336571336,0.0002233231207355857
0.00018410367192700503,0.00010772750829346478,-0.0005005800630897285,0.00028319167904555803,0.00014719220052938908
0.0001987144205486402,-9.941337339114398e-06,-0.000509272504132241,0.00015173111751209944,1.9697397874551825e-05
0.00022849578817840663,1.8801140413415847e-06,-0.0004110383742954582,0.00025936492602340877,0.00010542407108005135
0.000186666744411923,6.719482189510018e-05,-0.0003885749028995633,0.00028385384939610964,0.0001525524421595037
0.0001804095518309623,0.00012452962982933968,-0.0004735391703434289,0.00032302137697115535,0.00014061397814657542
0.00018666400865186009,-1.7444041077396832e-05,-0.0005041288095526396,0.00015934773546177894,6.875733106426196e-06
0.0001945755066117272,3.56610726157669e-05,-0.0004771979583892972,0.0002292599092470482,5.41290792170912e-05
0.0001937438355525956,4.949716458213516e-05,-0.00044983389670960605,0.00023982962011359635,0.00010746716725407168
0.00018648713012225929,5.247937588137575e-05,-0.0004645571461878717,0.0002489819307811558,9.59472163231112e-05
0.0001986440474865958,7.777923019602896e-05,-0.0004729104111902416,0.00026709973462857306,0.00012426008470356464
0.00021753949113190171,0.00014273711713030934,-0.000447840488050133,0.0003437088744249195,0.00018564604397397488
0.0002251990372315049,1.913378764584195e-05,-0.0005768326227553189,0.00011753541184589268,-1.2629900993488265e-05
0.00027534409309737384,-5.5389675253536545e-05,-0.0007209496106952429,-0.00010688430484151469,-0.00024971229140646756
0.00026603054720908403,4.8359954234911136e-05,-0.0004766687343362719,0.0002479238319210708,7.630393520230427e-05
0.00020039084483869374,0.00010771560482680799,-0.0003897279093507677,0.00036995625123381615,0.00018980020831804725
0.00015506363706663248,0.00013114267494529486,-0.0003341739939060062,0.0004445875820238144,0.0002754425222519785
0.00017033710901159793,0.00010099979408551009,-0.0003253936010878533,0.00044749421067535877,0.00030206653173081577
0.00018241243378724906,9.803449211176485e-05,-0.0003600574564188719,0.0003806794993579388,0.00021313143952284008
0.0002054880314972252,0.00014546961756423116,-0.00038941705133765936,0.0004098251520190388,0.00027462470461614435
0.00019720524142030627,9.95761074591428e-05,-0.00042884206050075585,0.0003251090820413083,0.0001713438396109268
0.00020470042363740504,7.012352580204606e-05,-0.0004305460606701672,0.0002721533237490803,9.919661533785984e-05
0.0002292368153575808,7.882283534854649e-05,-0.0004418834287207573,0.00026176637038588524,9.480083826929332e-05
0.0002375398762524128,6.341211701510474e-05,-0.00046586632379330695,0.00023198005510494116,9.18063087738119e-05
0.00020585409947671002,4.716842522611842e-05,-0.0004989835433661939,0.00019950352725572884,4.143187834415585e-05
0.00019365359912626443,3.0457598768407482e-05,-0.00048724457155913115,0.00020440142543520776,5.763209628639743e-05
0.00022724947484675795,0.0001436567836208269,-0.0005102036520838737,0.0003055031120311469,0.0001267933112103492
0.0002179997100029141,0.00016633492487017063,-0.0005186217022128403,0.00031032678089104593,0.00013156482600606978
0.0002165908081224188,5.001450699637644e-05,-0.0005191784584894776,0.0001890028506750241,2.790683538478333e-05
0.00023528310703113678,9.583822247805074e-05,-0.00047531732707284386,0.00022395029373001307,5.8236786571796983e-05
0.0002217780711362138,0.00013124439283274114,-0.0004702940350398421,0.00028563081286847586,0.0001020352283376269
0.00019052551942877474,5.120425703353249e-05,-0.000470461294753477,0.00023972982307896015,7.407673547277227e-05
0.0002114937960868701,9.671903535490856e-05,-0.0004890952841378748,0.00027328782016411424,9.961603791452944e-05
0.00018737092614173892,4.513455496635288e-05,-0.0004800929455086589,0.0002180496958317235,4.550230733002536e-05
0.00018397782696411014,5.282893653202336e-06,-0.00045538993435911834,0.0002081208658637479,5.026003782404587e-05
0.00021158238814678043,0.00014224473852664232,-0.0004667365283239633,0.00034989084815606475,0.00017434086475986987
0.0001667464675847441,8.699340105522424e-05,-0.0005041673430241643,0.0002648047811817378,9.245664114132525e-05
0.0002004404814215377,-5.688596047548343e-07,-0.00047195272054523235,0.00020590610802173612,5.949617116129957e-05
0.000195896573131904,4.297815030440688e-05,-0.0004197840753477067,0.0002391195303061977,7.771722448524088e-05
0.0001777498982846737,4.17340052081272e-05,-0.00046015647239983087,0.00022624994744546714,8.275481377495453e-05
0.00020604970632120967,5.3621544793713845e-05,-0.0004787997750099749,0.0002513848303351552,0.0001138966836151667
0.00021427257161121813,0.00012092515680706128,-0.00042101432336494327,0.00036252400605008006,0.00019600935047492382
0.0002009930612985045,-2.207213765359484e-05,-0.0005633626715280117,8.936177619034424e-05,-2.317482540092897e-05
0.00021183921489864588,-8.643970431876369e-06,-0.0005561296129599214,0.00012071182572981345,-8.975330274552107e-06
0.00022030732361599806,5.0105791160604e-07,-0.00045317344483919436,0.00019929550762753934,7.22626136848703e-05
0.0002354599564569071,5.6111617595888674e-05,-0.00035093649057671433,0.00029729545349255204,0.00015242233348544687
0.00018592271953821185,7.515199104091154e-05,-0.0003416539693716913,0.00025722841382958,0.00010256788664264604
0.0002268519019708037,0.00010112005838891491,-0.00046916521387174726,0.0002931862545665353,0.00013506798131857067
0.00023011516896076498,8.529781189281493e-05,-0.00048801564844325196,0.0002512881183065474,0.00010526425467105582
0.00024880768614821136,0.000178787944605574,-0.00048096277168951934,0.00034233284532092517,0.00017145226593129337
0.00025862414622679353,8.164399332599714e-05,-0.0004508450219873339,0.00027442382997833187,0.00014090117474552244
0.000250367185799405,3.238237331970595e-05,-0.0005561555735766888,0.00014162612205836922,-3.6107594496570534e-05
0.0002087884058710188,5.195004268898629e-05,-0.0004610475152730941,0.0002690316759981215,6.987134111113846e-05
0.00018016945978160948,9.152568964054808e-05,-0.0004441251512616873,0.0003117964661214501,0.00011957812967011704
0.00018130797252524644,5.7915156503440805e-05,-0.00042848297744058067,0.00029046880081295967,0.00012634306040126828
0.00018020167772192508,5.1537608669605106e-05,-0.0004501373041421175,0.00026613054797053337,0.00010756005940493196
0.00018684973474591968,4.0852137317415334e-05,-0.00047222469584085047,0.00022901190095581117,7.945278775878249e-05
0.00019501484348438683,4.1902196244336665e-05,-0.0004950596485286951,0.00022294805967248974,7.174308848334476e-05
0.0001949388679349795,2.643050356709864e-05,-0.0004993164329789579,0.00020129491167608649,5.167593917576596e-05
0.00021271519653964788,2.168939317925833e-05,-0.0005097485263831913,0.00018594726861920208,4.309149517212063e-05
0.00023713809787295761,4.540271766018122e-05,-0.0004980104858987033,0.00021929290960542858,8.580891881138086e-05
0.00024371672770939765,0.00014957334497012198,-0.0004188471648376435,0.00028470219695009286,0.00010019458568422124
0.00022470460680779067,0.00016751162183936685,-0.000543617585208267,0.00028238072991371155,8.082728163572027e-05
0.00022701003763359043,6.114721327321604e-05,-0.0004998658550903201,0.0001971920282812789,5.909661922487429e-05
0.00020237924763932824,4.3327410821802914e-05,-0.0005033213528804481,0.0002119846612913534,5.407927892520093e-05
0.0002046606532530859,4.603757042787038e-05,-0.0004731696390081197,0.000255414517596364,9.760695684235544e-05
0.0001982530375244096,3.1690389732830226e-05,-0.00048799422802403564,0.0002138008567271754,6.0917554947081947e-05
0.0001858517935033888,3.884917168761604e-05,-0.00048449868336319923,0.0002178529393859208,5.598520510829985e-05
0.00020481094543356448,4.3407468183431774e-05,-0.00048154639080166817,0.0002191943785874173,6.927600770723075e-05
0.00023249615333043042,2.941509410447907e-05,-0.0004744682519230992,0.00020563961879815904,6.476019188994542e-05
0.00020607364422176036,5.796734330942854e-05,-0.0004682769649662077,0.00024349313753191382,9.80270851869136e-05
0.00023472351313102988,0.00017347632092423734,-0.00047762435860931873,0.0003720643289852888,0.00017212780949193984
0.00020072738698218015,0.00015155093569774183,-0.0004726241168100387,0.0003380895359441638,0.00014828031999059021
0.00023703218903392553,9.401808347320184e-05,-0.0004829048702958972,0.0002718860050663352,0.00012179824989289043
0.0001950593577930704,3.86715037166141e-05,-0.000494903011713177,0.00021974110859446228,9.305142157245429e-05
0.0001961091329576448,1.5839805200812407e-05,-0.0004071033908985555,0.0002975317765958607,0.00014837528578937054
0.00016951881116256118,2.047154703177512e-05,-0.00039518208359368156,0.0003013656532857567,0.00017338356701657176
0.000180197021109052,1.7157981346827e-05,-0.00041357174632139504,0.0002782879746519029,0.0001389560493407771
0.0001928818965097889,3.016240407305304e-05,-0.0004584135604090989,0.0002420551318209618,8.965893357526511e-05
0.00020683063485194,5.9977606724714854e-05,-0.00043016867130063474,0.000242224195972085,8.617806452093646e-05
0.0002024103596340865,0.0001072537706932053,-0.0004335908743087202,0.0003197472251486033,0.00017932009359356016
0.00020449899602681398,5.268798122415319e-05,-0.000580890045966953,0.00014062182162888348,2.071182825602591e-05
0.00022874939895700663,-2.201575625804253e-05,-0.0005039781099185348,0.00015842869470361617,5.857312135049142e-05
0.00022176807397045195,2.4673725420143452e-05,-0.00042299804044887424,0.00026955839712172747,0.00012621397036127746
0.00018639992049429568,3.143894718959928e-05,-0.0004087125416845083,0.000293954333756119,0.00014217753778211772
0.00020168710034340617,2.9176791940699328e-05,-0.0004288742784410715,0.00026875376352109015,0.0001236764510395005
0.0001930227444972843,3.714635022333823e-05,-0.0004542859678622335,0.00024390553880948573,7.7636337664444e-05
0.00020908607984893024,0.00010088802810059859,-0.00045373837929219013,0.00027001337730325764,8.298853936139493e-05
0.00021052667580079287,0.0001399003085680306,-0.0004752472450491041,0.00034490867983549833,0.00018164583889301864
0.00027210195548832417,3.958209708798677e-05,-0.0005387921701185405,0.00016399480227846652,4.3098687456222244e-05
0.00022645787976216522,1.6198067896766585e-05,-0.00046626204857602726,0.0002236316067865118,8.24823000584729e-05
0.00021570567332673815,5.0370708777336404e-05,-0.00042779830982908607,0.0002857952495105565,0.0001504687970736995
0.0002496725646778941,6.874166865600273e-05,-0.00045871472684666514,0.0002610113297123462,0.00013481636415235698
0.0002035026409430429,6.95467460900545e-05,-0.0004595455247908831,0.0002603026805445552,9.79993856162764e-05
0.00018179730977863076,5.5434593377867714e-05,-0.000507339951582253,0.00021253149316180495,3.634426320786588e-05
0.00021185522200539708,3.407373515074141e-05,-0.0005010815220884979,0.0002069759066216648,5.285334555082954e-05
0.0002242789341835305,5.478781895362772e-05,-0.0004937948542647064,0.00021004307200200856,5.877977673662826e-05
0.00018955716222990304,2.1524381736526266e-05,-0.0004961133236065507,0.00019398001313675195,3.2891981391003355e-05
0.00020793067233171317,7.304185419343412e-05,-0.00048827848513610666,0.00019473860447760671,5.475064972415566e-05
0.000227821379667148,0.00014023992116563022,-0.000571786193177104,0.00022098903718870133,4.7761499445186935e-05
0.00023050521849654615,0.00012690917355939746,-0.0003388692275620997,0.0004238320689182729,0.00029550143517553806
0.00021020465646870437,-1.013720338960411e-05,-0.0003361862909514457,0.00033832623739726836,0.00024703575763851404
0.0002093743096338585,5.7113097682304215e-06,-0.00044112221803516155,0.00024939823197200894,0.00011821482621598987
0.00019807265198323878,2.1098516299389303e-05,-0.00040493911365047097,0.000258183921687305,0.00013159342051949352
0.00019392289686948058,4.364091728348285e-05,-0.00043009829823859036,0.00025748871848918503,0.00010550474689807744
0.0002083695726469159,3.9574944821652025e-05,-0.00046346694580279285,0.00023190992942545566,8.473287016386166e-05
0.00020617339760065081,2.004954330914188e-05,-0.00045065331505611533,0.0002192682441091165,5.93336117162835e-05
0.0001902975927805528,1.4233130968932528e-05,-0.0004737286944873631,0.0002090817870339379,5.549473280552775e-05
0.00018879210983868688,3.1142175430431955e-05,-0.0004957978380843997,0.000190574792213738,3.227476918254979e-05
0.0002005988790187985,5.075430453871377e-05,-0.0004907709080725908,0.0001979783555725589,5.830382724525406e-05
0.00020329504332039505,8.567747136112304e-05,-0.0005303642828948796,0.00021409385954029855,4.0968101529870175e-05
0.00022621355310548097,0.0001707991468720138,-0.00041245055035687983,0.00043905308120884,0.00029861126677133143
0.00022824415646027774,0.0001651718484936282,-0.00044957397039979696,0.00038578940439037984,0.0002473834319971502
0.00021598153398372236,1.8701206499827094e-05,-0.0004736892879009247,0.00022193529002834111,8.794064342509955e-05
0.00019957710173912344,6.101566759753041e-05,-0.00045889048487879336,0.00025670957984402776,8.071600313996896e-05
0.00017199391731992364,1.383695507684024e-05,-0.00045649230014532804,0.0002343297092011198,8.293113205581903e-05
0.0001732197852106765,2.199556547566317e-05,-0.00048561149742454285,0.00021749860025011003,5.566606341744773e-05
0.00018976524006575343,3.799238402280025e-05,-0.00048542174044996505,0.00021772808395326135,5.478665116243064e-05
0.00017967054736800492,2.4727065465413034e-05,-0.00048814632464200264,0.00021178733732085675,5.4126739996718236e-05
0.00020048601436428728,1.5105923921510113e-05,-0.0004952809540554881,0.0001984837872441858,4.0052036638371646e-05
0.00019118472118861973,2.9270269806147553e-05,-0.000494453648570925,0.0001899837370729074,3.670680598588661e-05
0.00021769497834611684,0.00013318720448296517,-0.0004410241090226919,0.0003800883423537016,0.00023664135369472208
0.00022141085355542597,0.00014788995031267405,-0.0004202010750304908,0.00041307450737804174,0.0002495217777322978
0.00021678011398762465,4.7124340198934085e-05,-0.0005247099907137455,0.00018791299953591079,2.5972165531129576e-05
0.0002083547442452982,4.722086487163324e-06,-0.00047163225826807315,0.0002027878217631951,5.8896257542073733e-05
0.0001902360381791368,2.7323258109390736e-06,-0.0004618258390109986,0.00021306201233528557,5.367191624827683e-05
0.00017460103845223784,1.0664797628123779e-05,-0.00046766857849434024,0.00021020698477514088,6.399272388080135e-05
0.00019391917157918212,2.478921851434279e-05,-0.0004866535600740463,0.00021173250570427624,7.477382314391434e-05
0.00018103032198268917,8.274160791188478e-06,-0.0004878784529864788,0.0002071035123663023,4.312822420615703e-05
0.00020979896362405268,6.967135414015502e-05,-0.0004917302867397666,0.0002614189579617232,0.00012570114631671458
0.00024674768792465335,0.00016506595420651138,-0.00047017337055876846,0.0003540983598213643,0.0001978520303964615
0.0002115756506100297,7.030266715446487e-05,-0.0005039365496486424,0.0002484017750248313,0.00013026883243583145
0.00021416075469460336,8.043788693612441e-05,-0.0005039134994149208,0.0002445211284793913,0.00012007113400613889
0.00020237914577592164,5.2949486416764564e-05,-0.0005135636893101038,0.00020281346223782748,6.966116052353755e-05
0.00017885470879264176,1.4915687643224372e-05,-0.0004557498323265463,0.00023692831746302545,0.00010350329102948308
0.0001936331100296229,2.436749855405651e-05,-0.0004298691055737436,0.00024683913215994835,0.00010473458678461613
0.0001847347157308832,1.0716698852775153e-05,-0.0004603959678206593,0.00023003040405455977,7.420223846565932e-05
0.0001940864021889865,1.5414032532135025e-05,-0.000474627100629732,0.00021461497817654165,6.131481495685875e-05
0.000210859885555692,2.2105194148025475e-05,-0.00048379119834862644,0.00020984910952392968,5.802043961011805e-05
0.00019071630958933383,2.415846938674804e-05,-0.00050160544924438,0.0001864271616796032,3.979301982326433e-05
0.00019560217333491886,1.325144785369048e-05,-0.0004760586598422378,0.00020318292081356049,7.151303725549951e-05
0.0002429034502711147,6.900516746100038e-05,-0.0005138935521245003,0.00021388719324022526,5.1420025556581095e-05
0.00023568367760162798,0.00016031821724027395,-0.00047399944742210215,0.0003607198887038976,0.00021088671928737318
0.0002068954927381128,0.00013445192598737776,-0.0005032498156651856,0.00031399956787936384,0.00017568653856869787
0.0001992342877201736,3.5643322917167104e-05,-0.00049125513760373,0.00020978406246285888,7.099091453710571e-05
0.00019519850320648402,1.9749604689422995e-05,-0.000473570660687983,0.0002199178852606565,7.149906014092267e-05
0.0001879960618680343,5.0869442929979414e-05,-0.0004727441992145032,0.0002286410017404705,6.606135866604745e-05
0.0001861550408648327,2.1756104615633373e-05,-0.0004825989599339664,0.00022296534734778106,5.266524385660887e-05
0.00019531256111804399,2.1740223019151017e-05,-0.0004856344021391124,0.00020935524662490931,6.990718975430354e-05
0.00024022469006013125,0.00011852847819682212,-0.0004730437067337334,0.0002307049580849707,6.66251144139096e-05
0.00020259740995243192,0.00017720070900395513,-0.0005293252179399133,0.0003020572476089001,0.00010626058065099642
0.00021433035726659,0.00010609775927150622,-0.00048369279829785233,0.0002728176477830857,0.00014028653095010668
0.0002220434544142336,8.296765736304224e-05,-0.00045806966954842215,0.0003006789775099605,0.0001882511569419876
0.00019775907276198268,-1.6386678908020258e-05,-0.000466271594632417,0.00020071450853720307,6.643333472311497e-05
0.00019984073878731576,2.9873364837840196e-05,-0.0004298707353882492,0.0002586703049018979,0.0001231170172104612
0.00018502010789234188,4.02398218284361e-05,-0.0004178003582637757,0.00029036146588623524,0.00012011701619485393
0.00021886761533096435,7.383068441413343e-05,-0.0004264241142664105,0.0002783810195978731,0.0001101882808143273
0.0001889359409688041,2.7120016966364346e-05,-0.00044684828026220197,0.00024331522581633183,0.00010013687278842552
0.0002071857888950035,5.292660716804676e-05,-0.000475496897706762,0.0002670156536623836,0.00010537241905694827
0.00018597726011648771,2.009174932027236e-05,-0.0004838069726247341,0.00021043718152213842,6.412697257474065e-05
0.00018610720871947706,1.1183050446561538e-05,-0.00048512328066863114,0.00020123268768657,5.467334995046258e-05
0.0001914246677188203,2.596756530692801e-05,-0.0005108507466502489,0.00018590984109323472,2.9293236366356726e-05
0.00020258096628822384,4.603023626259528e-05,-0.0004816030559595674,0.0002462327829562128,0.00011939040996367112
0.00020953608327545226,6.224220851436257e-05,-0.0004725116596091538,0.0002682096092030406,0.00012718398647848517
0.00023877335479483008,7.716850814176722e-05,-0.0005048714228905737,0.00021424809528980404,5.995128231006674e-05
0.00022213165357243267,4.015767990495078e-05,-0.0004948884597979486,0.00018208925030194223,3.752898555831053e-05
0.00019211437029298395,1.9410219465498806e-05,-0.0005062821437604724,0.00018959188309963795,3.654264946817421e-05
0.000198251596884802,8.171420631697401e-06,-0.00048193248221650725,0.0001974862243514508,6.025396578479558e-05
0.00019412807887420056,1.5496963897021487e-05,-0.0004956272896379231,0.00020019616931676862,6.26854453003034e-05
0.00019493927538860592,1.694431557552889e-05,-0.0004794203559868038,0.00021560696768574417,5.382590097724461e-05
0.0002095800155075267,7.103347888914868e-05,-0.000487824756419286,0.00022902713681105522,8.106518362183124e-05
0.00025834862026385963,0.0002424271369818598,-0.0005161824519746006,0.00036633855779655283,0.00016579963266849518
0.00020090385805815456,0.0001454119337722659,-0.00048206243081949646,0.00031234248308464885,0.00015472901577595619
0.00020497267541941253,1.8153010387322865e-05,-0.00042292132275179034,0.0002542889851611108,0.00011828583956230432
0.0001877564936876297,9.665491234045476e-06,-0.0004175969806965441,0.00023419840727001426,8.86874768184498e-05
0.00019055549637414518,7.057607945171186e-06,-0.0004300419532228261,0.00023895679623819888,0.00011806572001660244
0.00018852978246286511,-2.9107303589626104e-07,-0.00046154568553902214,0.0002171966043533757,6.833831139374524e-05
0.00020439972286112607,3.971530168200843e-05,-0.0004748054197989403,0.000211557446164079,5.548505941987969e-05
0.0002018730447161943,8.929648902267218e-05,-0.00046986894449219113,0.00023404546664096412,8.804888057056814e-05
0.0001970602461369708,0.00015888015332166106,-0.00047907448606565595,0.00034472590778023005,0.0001863184152171016
0.00017854623729363084,7.373427069978788e-05,-0.000518166518304497,0.00020525790750980377,5.938851973041892e-05
0.00019796591368503866,3.256250420236029e-05,-0.0004953350871801376,0.00021363339328672737,9.284246334573254e-05
0.00018482394807506355,3.7593385968648363e-06,-0.00048003555275499815,0.00017850450240075588,5.791267903987318e-05
0.00019234597857575864,-1.0009209745476255e-06,-0.00044523645192384714,0.00022680290567222983,8.621964661870153e-05
0.00018977119179908183,7.953538442961873e-06,-0.00041346490615978837,0.000268670788500458,0.00013747051707468927
0.00018485063628759235,1.2250049621798096e-05,-0.00042859619134105737,0.0002489426697138697,8.918760431697592e-05
0.00019239351968280968,6.481662239821162e-06,-0.0004581649554893374,0.00022944148804526776,7.972514868015423e-05
0.00019074467127211392,1.7520513210911304e-05,-0.00046367725008167326,0.00021946242486592382,7.387215009657666e-05
0.0001844615617301315,1.5972957044141367e-05,-0.0004886754904873669,0.0001857390598161146,4.198264650767669e-05
0.00022352143423631787,1.1214478945476005e-05,-0.00046265919809229667,0.00018090216326527295,4.681236168835312e-05
0.00021773696062155068,3.5652028600452475e-05,-0.00048356316983699804,0.00018070738587994128,3.1396342819789425e-05
0.00020462731481529767,6.076678255340085e-05,-0.0005122869042679667,0.00018007730250246823,1.853531648521312e-05
0.00020985506125725808,8.633339894004166e-05,-0.0005477505037561059,0.00019470127881504598,2.1460948119056408e-05
0.00019916790188290181,2.8501386623247527e-05,-0.0005153164966031909,0.0001828857057262212,2.701765697565861e-05
0.00020960606343578547,1.7196780390804633e-05,-0.0004907357506453991,0.00021428310719784352,6.285962444962935e-05
0.00026318279560655355,0.0001883480290416628,-0.00047949026338756084,0.0003344882861711085,0.00017084127466659993
0.00019868735398631543,0.00019337757839821282,-0.0005070191691629589,0.00033248917316086585,0.00014866743003949523
0.00019891385454684496,4.025336602353491e-05,-0.0004918599152006209,0.00022956937027629462,7.411333353957161e-05
0.0002052362251561135,3.9334649045485996e-05,-0.0004506732802838087,0.0002509068581275642,9.950112143997104e-05
0.00018342668772675094,8.18864100438077e-06,-0.0004489596758503467,0.00024074612883850927,8.872488251654431e-05
0.0001909404236357659,4.5811939344275736e-05,-0.00045725610107183456,0.00023148224863689396,9.945687634171918e-05
0.0001963833055924624,2.703675090742763e-05,-0.00048531097127124667,0.00020291053806431592,5.328647239366546e-05
0.00021122257749084386,0.00012618496839422733,-0.0004970695008523762,0.0003158285981044173,0.00016232091002166268
0.00021688010019715875,0.00016014944412745538,-0.000463928357930854,0.0003709584125317633,0.00020777569443453103
0.00018617388559505343,2.4490816940669898e-05,-0.0004542775568552315,0.00020939263049513104,8.717289892956613e-05
0.00018954531697090715,-1.642070628804504e-06,-0.00044453862938098615,0.00022329023340716958,9.951679385267198e-05
0.00018268148414790633,-1.1819717656180728e-05,-0.0004545453120954335,0.0002172180247725919,6.849416240584105e-05
0.0001871061103884131,7.403257768601179e-06,-0.00045343136298470194,0.00021320748783182355,6.451967055909336e-05
0.0001834870054153725,1.611842708371114e-05,-0.0004975238116458058,0.0002079443511320278,4.5362587115960196e-05
0.00019692719797603783,3.552812268026173e-05,-0.0004860941844526679,0.00021264720999170092,5.342452641343698e-05
0.00020451577438507232,3.2257412385661155e-05,-0.0004876295279245824,0.00018850970081985,4.762523894896731e-05
0.00023510558821726593,9.87009407253936e-05,-0.00048712312127463514,0.00027505570324137807,0.00010957447375403716
0.00023950757167767733,0.00022484207875095308,-0.0004626570153050125,0.00037016652640886605,0.00021948010544292631
0.0001939309440786019,3.711092722369358e-05,-0.0005168670904822649,0.00018046461627818644,5.175266051082872e-05
0.0001889465347630903,2.1688054403057322e-05,-0.00047504730173386633,0.00021691934671252969,6.578541797352955e-05
0.00019665206491481515,9.816792044148316e-06,-0.0004306147748138756,0.00024263693194370717,9.793313802219927e-05
0.00020625669276341799,0.00011983223521383479,-0.00044834089931100607,0.00030113122193142766,0.00014040411042515188
0.00021572093828581276,0.00013718688569497317,-0.0005032329354435205,0.0003138871397823096,0.00017922685947269199
0.0001826817897381261,-5.2416740800254054e-05,-0.0005245489301159979,9.530173701932654e-05,-4.232048740959726e-05
0.0002009134186664596,1.0066622735394049e-06,-0.00045460445107892156,0.00022800588340032846,8.020177483558655e-05
0.0002068152389256284,3.4343891456956044e-05,-0.0004395589348860085,0.0002737992617767304,0.00014264100173022598
0.00018478327547200024,0.0001145609567174688,-0.0004604946298059076,0.00029187812469899654,0.00011165305477334186
0.00020079979731235653,6.890999065944925e-05,-0.000472438259748742,0.00024528306676074857,8.407572022406384e-05
0.00020314272842369974,1.685559982433915e-05,-0.000455111381597817,0.00023375598539132622,7.747526979073882e-05
0.0001938782661454752,4.281319343135692e-05,-0.0004687072068918496,0.00023572899226564917,8.256328874267638e-05
0.00018673602608032525,2.8398286303854547e-05,-0.00048716570017859334,0.00022229271417018023,5.361767398426309e-05
0.00019990386499557644,8.68796487338841e-05,-0.0005012950277887285,0.00021732259483542293,5.584709288086742e-05
0.00022043546778149903,0.00010745472536655144,-0.0004708834749180824,0.0003045615158043802,0.00015831799828447402
0.00022270766203291714,0.00010419057070976125,-0.0004738519783131778,0.0002986477629747242,0.0001577096409164369
0.00022670190082862973,-6.729026154062012e-06,-0.00046360248234122986,0.00017153336375486106,-2.0296852198953278e-08
0.0002118117845384404,3.088489756919444e-05,-0.0004800803435500711,0.0002331507857888937,6.973574636504054e-05
0.0002060106926364824,4.819778041564859e-05,-0.00044568392331711953,0.0002766024845186621,0.00011776205792557448
0.00019810246885754168,5.1616469136206426e-05,-0.0004499650676734745,0.00026886601699516177,0.00010091304284287617
0.0002000132226385176,4.372253533801995e-05,-0.0004721613368019462,0.00023871968733146787,9.267999121220782e-05
0.0002299445040989667,5.3118244977667935e-05,-0.0004633179632946849,0.00027640105690807104,0.00012234511086717248
0.00024513891548849637,8.424345287494361e-05,-0.000492562772706151,0.0002395768970018253,8.508840255672112e-05
0.00021333938639145344,8.808080747257918e-05,-0.000508637516759336,0.0002418081712676212,6.467029015766458e-05
0.00024635941372253,4.579038431984373e-05,-0.0005184275796636938,0.0002040637918980792,8.24673697934486e-05
0.0002043367276201025,9.876542026177049e-05,-0.0005319034098647535,0.00021119407028891146,3.9640988688915975e-05
0.0002050643233815208,9.584616782376544e-05,-0.0005356386536732316,0.0002220667083747685,4.98695662827231e-05
0.00020520728139672428,5.520239210454747e-05,-0.0005130785866640508,0.00019544347014743835,4.12812405556906e-05
0.00019416437135078013,1.770869130268693e-05,-0.00048039347166195506,0.00020810437854379416,4.8466299631400034e-05
0.00019913859432563183,4.4293381506577134e-05,-0.0004632278578355909,0.00021083882893435657,6.281249807216227e-05
0.00018974025442730638,7.667172758374363e-05,-0.0005015187198296188,0.00021006262977607548,4.555368650471792e-05
0.00020501334802247584,6.230959115782753e-05,-0.0005037558148615061,0.00022204693232197315,6.026784103596583e-05
0.00019463560602162036,4.1532075556460775e-05,-0.0004954264150001109,0.00020926604338455945,3.657892375485972e-05
0.000188296107808128,1.4089770047576168e-05,-0.0005021672695875168,0.0001940978690981865,4.462310607777909e-05
0.00019162494572810831,2.4982575268950313e-05,-0.000489111989736557,0.0002027379960054532,5.971223072265275e-05
0.00018666288815438747,2.1132022084202614e-05,-0.0004966600681655109,0.0001961055677384138,6.150946137495339e-05
0.00020065133867319676,5.5494387197541066e-05,-0.0005165352486073972,0.00021493154054041952,6.421196303563192e-05
0.00019625009736046195,5.868481457582674e-05,-0.0004552207828965038,0.00024971168022602797,9.190307173412292e-05
0.00023936963407322764,0.00011761979112634437,-0.0004889455158263445,0.0002428508596494794,0.00012321201211307198
0.0002237603475805372,0.0002053867792710662,-0.0004515056498348713,0.00041190662886947393,0.00021428627951536328
0.00018794772040564567,9.180219785775988e-05,-0.0004469107661861927,0.0003277496725786477,0.00016967694682534784
0.00019137166964355856,2.150213504137355e-06,-0.0004186962614767253,0.000260470318607986,0.00012738496297970414
0.00017272766854148358,1.370956397295231e-05,-0.00043263466795906425,0.00024025831953622403,0.00010098398342961444
0.00017455231864005327,8.377858648600522e-06,-0.00045680062612518674,0.0002466933219693601,7.619617099408059e-05
0.00020518209203146398,0.00015961156168486923,-0.00044954914483241737,0.00039622504846192896,0.00021933868993073705
0.0001829651737352833,0.00015661411453038454,-0.000431826279964298,0.00040737030212767417,0.0002482964191585779
0.00017009268049150703,-1.0966988156724257e-05,-0.0004524205287452787,0.0002213735569966957,8.712185081094503e-05
0.00019671044719871134,-8.394919859711079e-06,-0.00042938784463331103,0.00022058436297811568,9.847524779615924e-05
0.00017257287981919944,-8.664809683978094e-06,-0.00043289441964589065,0.000233882266911678,7.282895967364311e-05
0.00018599478062242267,9.392166248289868e-06,-0.0004960474325343965,0.00019172138127032667,4.131210152991116e-05
0.0001816529838833958,6.821189799666173e-06,-0.00048024996067397296,0.00018048587662633508,5.175049227545969e-05
0.0002254321443615481,0.00014622921298723668,-0.0004807285440620035,0.00033727087429724634,0.00017922918777912855
0.00019374443218111992,0.00013113742170389742,-0.00046629834105260665,0.0003447197086643428,0.00018648317200131717
0.00019233908096794042,-4.277788320905529e-06,-0.0005139259155839682,0.0001583340490469709,3.555266812327318e-05
0.00019964436069130895,5.298766336636618e-05,-0.0005083787837065756,0.00020712985133286568,8.315084414789453e-05
0.00019532862643245608,2.996879629790783e-05,-0.0005433603073470294,0.00015960255404934287,2.8071324777556587e-05
0.00017700895841699094,-3.610601197578944e-05,-0.00044430242269299924,0.00020289032545406369,5.6427878007525585e-05
0.0002091864007525146,3.577035386115313e-05,-0.0004364585038274527,0.0002459576935507357,0.00012134228745708242
0.00020380984642542901,0.00010284965537721291,-0.0004357600410003215,0.00033170197275467217,0.0002174646797357127
0.00020842658705078063,1.637087916606106e-05,-0.0005788350244984031,0.0001286642363993451,1.08605654531857e-05
0.0002167770580854267,-2.103361475747079e-05,-0.00047968613216653466,0.00016408317605964842,2.8476524676079865e-05
0.00018497744167689237,4.151544999331236e-05,-0.00044978153891861433,0.00025979173369705677,9.827635949477552e-05
0.00018030256615020332,4.112330498173833e-05,-0.0004209286998957396,0.00029984090360812843,0.0001347098732367158
0.000183914540684782,5.14521416334901e-05,-0.00042836705688387156,0.00030300481012091035,0.0001355697022518143
0.0001967930147657171,6.160301563795656e-05,-0.00045946371392346913,0.0002691239060368389,0.00012033693928970024
0.0001980317028937861,5.7347602705704055e-05,-0.00045802330714650447,0.00024340508389286694,9.32551411096938e-05
0.00026219664141535764,0.00026687924400903285,-0.00042223508353345096,0.0004150585155002773,0.00023995737137738613
0.0002215442655142397,0.0001304528268519789,-0.00046686796122230584,0.00034600155777297914,0.00018292844470124686
0.00021752993052359668,1.5828632967895828e-05,-0.0005206951755098999,0.0001294983521802351,-1.3375465641729535e-05
0.0001976753992494196,2.8439155357773412e-05,-0.0004506168479565531,0.0002461125841364264,9.366129233967513e-05
0.0002084397856378928,0.00017171989020425826,-0.0004794528940692544,0.00031452783150598407,0.00013194268103688955
0.0001914450258482248,0.00011837929923785849,-0.0004817012522835285,0.0002544665476307273,7.329258369281888e-05
0.00020720409520436078,-1.9857830920955166e-05,-0.00045761416549794376,0.0002181317540816963,7.817472942406312e-05
0.0001877594186225906,4.553273174678907e-05,-0.0004287716292310506,0.0002851772587746382,0.00013652833877131346
0.0001836788869695738,7.582007674500345e-05,-0.00044844325748272235,0.00028677727095782757,0.00013328214117791504
0.00020001672965008765,9.782712731976062e-05,-0.0004388279630802572,0.0003026382182724774,0.0001642528804950416
0.00021989615925122047,6.686242704745382e-05,-0.00048606251948513085,0.0002454527129884809,8.912053453968838e-05
0.0001940902293426916,5.922983473283239e-05,-0.00046431747614406055,0.00024538295110687613,8.373691525775939e-05
0.00018488054047338665,4.047740003443323e-05,-0.00047443658695556223,0.0002181686577387154,6.237222987692803e-05
0.000218990258872509,0.00014854602341074497,-0.0005186903290450573,0.00028017861768603325,7.85003139753826e-05
0.0002195604320149869,0.00017672282410785556,-0.0005173493991605936,0.00029200949938967824,8.255197462858632e-05
0.0002110091154463589,5.1803493988700204e-05,-0.0005110367201268673,0.00020156317623332143,4.6165929234121e-05
0.0002284404472447932,9.073476394405589e-05,-0.0005190205993130803,0.00022408684890251607,6.428675987990573e-05
0.00023289941600523892,0.0001515844778623432,-0.00045820590457879,0.0003605353995226324,0.00019794484251178798
0.00020210933871567252,1.3095845133648254e-05,-0.000525348586961627,0.00016755718388594687,4.876309321844019e-05
0.0002288792020408437,2.566603143350221e-06,-0.00046831383951939637,0.0002180065494030714,0.0001028642727760598
0.00020656672131735831,3.2857256883289665e-05,-0.0004779885639436543,0.0002013599732890725,7.581582030979915e-05
0.00019749808416236192,7.146729785745264e-08,-0.0004432513087522239,0.000244958238909021,0.00010015031148213892
0.00019810420053545383,2.6276356948073957e-05,-0.0004249896155670285,0.0002712239802349359,0.00012486912601161748
0.0002009455783991143,9.650229185353963e-05,-0.000429204577812925,0.00034907000372186303,0.00017500952526461333
0.00019707260071299967,1.3992507774673868e-05,-0.0005291268462315202,0.0001465059322072193,1.3933115951658692e-05
0.00019377989519853145,-6.59052284390782e-06,-0.00047483772505074734,0.000201783754164353,3.680285590235144e-05
0.00019932693976443258,1.2327478543738835e-05,-0.00045343633973971015,0.000222535411012359,8.49502976052463e-05
0.000190680890227668,3.014170397364069e-05,-0.0004386968794278801,0.00023062100808601826,9.68538734014146e-05
0.0002025687572313473,4.131148307351396e-05,-0.00047518630162812775,0.00024298483913298696,8.247276855399832e-05
0.00020437047351151705,5.4260599426925176e-05,-0.00047100961091928173,0.00023778756440151486,0.00011861571692861617
0.00024521429440937936,7.502448715968058e-05,-0.00047923525562509894,0.00024355466302949932,0.00011574429663596675
0.00022938841721042988,8.753919246373698e-05,-0.0005039628013037144,0.00022380301379598683,9.82770579867065e-05
0.00022136600455269215,3.6000987165607505e-05,-0.0005130844656378031,0.0002039411483565345,3.686312265926972e-05
0.0002308517869096249,3.1965086236596114e-05,-0.0004586733120959252,0.00023730870452709496,8.096980309346691e-05
0.00021413541981019082,3.553015267243609e-05,-0.0004534237959887832,0.00025038330932147796,9.928439976647496e-05
0.00021149319945834574,5.970211350359023e-05,-0.00047043256927281624,0.00025044369976967573,0.00010653393837856127
0.000193915911950171,3.737010410986841e-05,-0.00048279517795890564,0.0002176021080231294,6.87833089614287e-05
0.00021437957184389236,0.00013256625970825553,-0.0004953843890689313,0.0003033374377992004,0.00014253232802730054
0.00021054726676084098,0.00011798544437624514,-0.0005134671228006481,0.00028481415938586,0.0001363854535156861
0.00021581687906291336,3.321894837426953e-05,-0.0005064086872152983,0.0001903749798657373,3.923734038835392e-05
0.00021013048535678536,1.5345380234066394e-05,-0.00046839445712976163,0.00023080248502083125,8.879909728420898e-05
0.0002846196293830872,6.542263145092875e-05,-0.00045836475328542287,0.0002824646362569183,0.00015514138794969767
0.0002730011183302849,7.944403478177264e-05,-0.0004738351562991737,0.000247627409407869,8.910022734198719e-05
0.0002115417300956324,0.00011437214561738074,-0.00047677502152509993,0.0002744648954831064,0.00010993988689733668
0.00020966737065464255,7.257293327711524e-05,-0.000431513151852414,0.00025611338787712157,0.00012745792628265915
0.0002230366517324001,4.829820682061836e-05,-0.0003994694270659238,0.00029461644589900965,0.00018237749463878567
0.0002258092135889456,6.812003994127735e-05,-0.00044387890375219285,0.0002404598199063912,8.339231135323644e-05
0.00022642328985966742,8.303292997879907e-05,-0.0004926322144456208,0.00021577994630206376,6.951902469154447e-05
0.000216955435462296,4.652590723708272e-05,-0.0005018541705794631,0.00020694933482445776,5.5166776292026036e-05
0.00020829915592912582,8.191856977646239e-06,-0.0004901046049781144,0.0001853152934927493,3.3235275623155765e-05
0.00019877513113897294,1.7168909835163504e-05,-0.0004953974857926369,0.00020113818754907695,5.8391928178025416e-05
0.00021818582899868488,3.2425909012090415e-05,-0.0005104445153847337,0.00019806544878520072,5.413996768766083e-05
0.00023377149773295966,0.00014666195784229785,-0.0005160434520803392,0.0003100409812759608,0.00013412478438112882
0.0002224096824647859,0.00019100484496448192,-0.00046534347347915167,0.00036854250356554985,0.00018920426373369992
0.00021723670943174508,5.3579340601572774e-05,-0.0005037840455770494,0.00020608215709216893,7.091145380400121e-05
0.00023893841716926542,5.423790935310535e-05,-0.0004661823913920671,0.00026081968098878855,0.00011299354810034856
0.00024088993086479604,9.894731192616746e-05,-0.0004451444547157735,0.000307509588310495,0.00014325176016427577
0.00021762153482995927,0.00016849204257596284,-0.0004415509174577892,0.0003588711260817945,0.0002229397214250639
0.00021498478599824009,9.227442933479324e-05,-0.00043787423055619,0.00030602081096731126,0.00017676633433438838
0.0001920544309541583,2.498046569598955e-06,-0.000442601041868329,0.00021417523385025558,8.811458974378183e-05
0.00017537287203595042,-7.0983114710543305e-06,-0.00042507975012995297,0.00022634619381278756,9.21127139008604e-05
0.00020750696421600878,1.5528650692431256e-05,-0.0004526764387264848,0.00023481210519094017,8.673785487189889e-05
0.00019639481615740809,2.4954004402388822e-05,-0.00047394077409990126,0.00021120154997333884,7.277525583049282e-05
0.00022524464293383067,0.00012544341734610498,-0.000495987304020673,0.00029205915052443743,0.00014451828610617667
0.00022141137742437422,7.430752157233655e-05,-0.0005107527249492705,0.00024124023912008846,0.0001148797309724614
0.00021585749345831573,2.9226810511318035e-05,-0.0004913080483675003,0.00020692100224550813,8.863818948157133e-05
0.00020321311603765932,5.162875459063798e-05,-0.0005125837051309644,0.00020719562598969787,4.707773405243642e-05
0.0002080591657431796,2.913471007559565e-06,-0.000478257134091109,0.00020822163787670436,5.055241490481421e-05
0.00020149453484918922,2.660145582922269e-05,-0.00043424524483270943,0.00025721793645061547,0.00010937129991361873
0.00021312065655365584,3.0042003345442932e-05,-0.0004264719318598509,0.0002683308266568929,0.00011580513819353655
0.00022232085757423192,0.00011389041173970327,-0.0004409688408486545,0.0002924730069935322,0.0001487274275859818
0.0002398933429503813,0.00012676682672463357,-0.0004605524591170251,0.00028693824424408376,0.00014427953283302486
0.00021738770010415465,2.8076538001187146e-05,-0.0004652540083043277,0.0002272713027196005,8.199953299481422e-05
0.00023685977794229984,8.965234155766666e-05,-0.00047955551417544484,0.00026498452643863857,0.00011360119970049706
0.00022627184807788578,9.80228796834126e-05,-0.0004952220479026437,0.0002606650232337415,0.00010698931146180256
0.00022282366990111768,-1.5454039385076612e-05,-0.0006054160767234862,5.85621855861973e-05,-8.303396316478029e-05
0.00022990621801000088,3.415285755181685e-05,-0.0005559123819693923,0.00015856137906666842,1.4395382095244713e-06
0.00021327738068066535,2.509976729925256e-05,-0.0005164864123798907,0.00016251724446192384,2.286936251039151e-05
0.00022659127716906366,1.65808669407852e-05,-0.0004367146466393024,0.00026205781614407897,0.00011793579324148597
0.00020698276057373727,5.6919550843304016e-05,-0.0004059926141053438,0.0003224896790925413,0.0001858275500126183
0.00019195109780412167,7.00493692420423e-05,-0.0003860880096908659,0.00033586760400794446,0.0001817585143726319
0.00020847271662205458,6.67594576952979e-05,-0.0004169911553617567,0.0003157329629175365,0.00015424429147969931
0.000232274629524909,8.461178367724642e-05,-0.00045334734022617335,0.0002922443090938032,0.0001522690145066008
0.000239841770962812,8.342074579559268e-05,-0.0004553443868644536,0.0002988223568536341,0.00015756099310237914
0.00023921638785395766,4.077229823451489e-05,-0.0004380164318718016,0.00022937571338843554,0.0001063501331373118
0.00018810285837389531,4.826962322113104e-05,-0.0004837444867007434,0.00023018231149762872,7.322802412090823e-05
0.00023970607435330746,8.550631901016459e-05,-0.000512069498654455,0.0002145099133485928,6.179851334309205e-05
0.00021927294437773528,4.345321576693095e-05,-0.0005005821585655212,0.00021051782823633403,6.217799091245979e-05
0.00022523025108966976,3.598481634980999e-05,-0.0005077447858639061,0.00020651581871788951,5.2667321142507724e-05
0.0002257930900668725,4.021231143269688e-05,-0.00048618041910231113,0.00021035398822277784,7.015666778897868e-05
0.00021172044216655195,2.1620237021124922e-05,-0.0005022412515245378,0.0001906778634293005,4.523931420408189e-05
0.00022334149980451914,2.4998371372930702e-05,-0.0004925621906295419,0.0001867399987531826,6.181083881529048e-05
0.00021968968212604523,2.2958782210480425e-05,-0.000500131631270051,0.0002107639156747609,6.139677861938253e-05
0.00021693672169931236,3.428605486988089e-05,-0.0004930745344609021,0.00022442177578341216,6.239968206500635e-05
0.0002145848557120189,3.628061676863581e-05,-0.0005145856412127613,0.00019853311823681002,4.8301841161446646e-05
0.00022230461763683707,4.68046528112609e-05,-0.0005051929038017988,0.00020814775780308992,6.71248126309365e-05
0.0002840948000084609,7.597556395921855e-05,-0.0004925414104945958,0.00021825297153554857,7.183616980910301e-05
0.00023999542463570836,8.992057701107116e-05,-0.000464006356196478,0.00024233215663116425,9.441334987059236e-05
0.0002687058295123279,0.00020521745318546889,-0.000511355116032064,0.00035619689151644707,0.0001807705411920324
0.0002432118635624647,0.00011176272528246045,-0.0005122543661855161,0.00029594000079669064,0.00013486467651091516
0.00021801832190249115,4.078709753230214e-05,-0.0005040692631155252,0.0002148797211702913,5.921454794588499e-05
0.0002224991912953556,0.00011129039921797812,-0.0005146519979462029,0.0002584038011264056,8.066107693593949e-05
0.00022204751439858228,0.000121427743579261,-0.0004906055983155966,0.00026415704633109266,0.00011457781511126086
0.00021082983585074544,3.6846304283244535e-05,-0.00043110447586514056,0.00023293965205084527,0.00010918472980847582
0.00020272938127163798,4.776575951837003e-05,-0.0004494744061958045,0.0002465804573148489,9.197175677400082e-05
0.00019737094407901168,5.1422939577605575e-05,-0.0004773835535161197,0.00024492834927514195,8.225467172451317e-05
0.00021651665156241504,5.586745464825072e-05,-0.00047535327030345803,0.00025915802689269185,0.00010172159818466751
0.00021901096624787894,5.437868094304577e-05,-0.00048197628348134463,0.0002233015839010477,8.553429506719112e-05
0.00020431824668776244,2.932367169705685e-05,-0.0004503380623646081,0.00022571002773474902,7.51171901356429e-05
0.0001952311868080869,1.6276957467198372e-05,-0.00047391108819283545,0.00021625829685945064,6.194865272846073e-05
0.00020482989202719184,3.19255814247299e-05,-0.00047258890117518604,0.0002187119680456817,6.0386853874661035e-05
0.00021542853210121396,0.00015329546295106408,-0.0004956878256052731,0.0003307385486550629,0.0001438072940800339
0.00023009881260804835,0.00019517983309924605,-0.00048447470180690283,0.00038243422750383615,0.000220984744373709
0.00020811498688999563,6.0440575907705345e-05,-0.0004913822049275041,0.00019433295528870081,5.728279938921333e-05
0.0001988515432458371,-2.711409979383461e-05,-0.0004566418065223843,0.00020360964117571712,5.866418723599054e-05
0.00019078793411608785,-3.276068582636072e-06,-0.0004619270621333271,0.0002011709148064256,6.927077629370615e-05
0.0002008692244999111,7.603556696267333e-06,-0.0004660049162339419,0.000202975410502404,5.646032150252722e-05
0.00020211664377711716,1.9040533516090367e-05,-0.0004683562438003719,0.00021062088489998127,5.978246190352365e-05
0.00021924720203969628,2.981430770887528e-05,-0.0004876201564911753,0.0002214534761151299,9.543982741888613e-05
0.00020541409321594983,4.355690543889068e-05,-0.00048473084461875265,0.00021247562835924327,6.843017763458192e-05
0.00020358256006147712,9.23409970710054e-05,-0.0005112826474942267,0.00023233608226291835,7.414355059154332e-05
0.00019765866454690692,0.00010284511517966166,-0.00048340327339246864,0.0002261115441797301,7.201854168670252e-05
0.0001851638953667134,-4.813591658603401e-06,-0.0004958244389854372,0.00018657997134141624,4.570722376229242e-05
0.00020328877144493165,7.669943443033844e-06,-0.0004919285420328379,0.0002013047778746113,4.758853538078256e-05
0.00020376413885969669,1.6445399523945525e-05,-0.0004774820117745549,0.00020675633277278396,4.9800048145698383e-05
0.0002101978752762079,1.8915501641458832e-05,-0.0004945414257235825,0.0002101747231790796,5.6647153542144224e-05
0.00023217260604724288,0.0001324274780927226,-0.0005163555033504963,0.00030467272154055536,0.00014602359442505983
0.0002189443912357092,0.0001243270235136151,-0.0005028328159824014,0.0003069878148380667,0.00014567704056389633
0.0001905096141854301,3.273807669756934e-05,-0.0004979950608685614,0.00019929905829485503,7.213876961031929e-05
0.00022852169058751318,9.510602831142025e-05,-0.0004927036352455616,0.0002749712730292231,0.00011810335126938298
0.00023482865071855483,0.00013567738642450422,-0.0005063008284196258,0.00030850604525767267,0.00017281813779845834
0.00020782803767360747,0.00012885591422673315,-0.0004081657098140568,0.00027847845922224224,0.00013833833509124818
0.00020737567683681848,1.467114907427458e-05,-0.00039256946183741087,0.00026915845228359103,0.00015454743697773665
0.0002121938450727612,4.963891842635349e-05,-0.00045052677160128946,0.0002836915373336524,0.00012665237591136247
0.00020626912009902296,2.197561843786389e-05,-0.000464206503238529,0.00020961461996193972,6.720670353388414e-05
0.0001929595018737018,2.867672947104438e-06,-0.00045798366772942245,0.00022124935640022159,8.192270615836605e-05
0.0002044536377070472,-1.930071084643714e-05,-0.00047530414303764695,0.00017540492990519851,5.531745046027936e-05
0.0001856191665865481,1.0312123777111992e-05,-0.00048774585593491787,0.00018752862524706868,4.940417420584709e-05
0.00020758593745995316,2.9483301204891173e-06,-0.0005064993747510017,0.00017332183779217306,3.180555722792633e-05
0.0002183285832870752,1.3505979950423352e-05,-0.000491002865601331,0.0001941874361364171,3.596786700654775e-05
0.0002121487923432141,4.563602942653233e-06,-0.0004872816207353025,0.00018070991791319105,4.551857273327187e-05
0.00022087234538048506,3.328271850477904e-05,-0.000465183169580996,0.00019849932868964967,6.069205846870319e-05
0.00021425075829029083,3.766164809348993e-05,-0.0004904350498691201,0.00017941846454050392,4.9622340156929574e-05
0.0001995712518692017,1.9841292669298127e-05,-0.0004961673985235393,0.00018704441026784482,5.553012670134194e-05
0.00019187625730410216,3.1557086913380765e-05,-0.0004847266245633364,0.00019670302572194487,5.8835077652474865e-05
0.00022166634153109044,7.029706466710195e-05,-0.0005191668169572949,0.00021583284251391888,5.140067878528498e-05
0.0002071680937660858,0.00010687424946809189,-0.0005080831469967961,0.00025289543555118144,0.00010922623914666475
0.00023101246915757656,7.72179919295013e-05,-0.0004700793942902237,0.0002631559909787029,0.00011036382784368469
0.00022341086878441274,0.0001131873723352328,-0.0004818167071789503,0.00027428814792074263,0.00014437863137573004
0.0002254105202155188,0.00010829802340595053,-0.00048314972082152957,0.0002951333590317517,0.0001578492228873074
0.0002044998109340668,7.164976705098526e-05,-0.00043080491013824934,0.00032402374199591577,0.00018378981621935964
0.00020452760509215293,0.00011168851779075342,-0.000430076353950426,0.00032167087192647165,0.0001986913848668337
0.00016490058624185622,4.8258825700031585e-06,-0.00044051694567315286,0.00022395135601982474,0.00010798880248330534
0.0001640858536120504,-1.346105545962928e-05,-0.00040471911779604847,0.00025423683109693235,0.00012045304174534975
0.00016996823251247406,-1.2640171917155385e-05,-0.0004224224830977618,0.00024309662694577128,0.00010104195098392664
0.0001905708631966263,-9.934976333170198e-06,-0.00045118929119780665,0.00021495587134268132,8.033443737076595e-05
0.00021273730089887977,2.3835843876440777e-06,-0.00046625669347122317,0.00019516167230904105,6.482985190814361e-05
0.0002080599660985172,1.9919722035410814e-05,-0.0004565167473629117,0.00019428713130764663,6.359475810313597e-05
0.00021571437537204474,3.3502721635159105e-05,-0.0004962641978636384,0.00018714094767346975,4.15168578911107e-05
0.00020322804630268365,2.634117663546931e-05,-0.0005065626464784144,0.00018098013242706656,3.146945527987555e-05
0.00020753616990987206,1.028310271067312e-05,-0.000508828554302454,0.00018159621686208996,3.967241718783043e-05
0.00020922679686918852,2.9851935323677026e-05,-0.0005015202332288027,0.0001835257571656257,2.921819759649225e-05
0.00021692775771953168,0.00012890101061202586,-0.0005107109900563955,0.00029839674243703485,0.0001475564349675551
0.00019973018788732588,7.844117499189451e-05,-0.0005176046979613601,0.00024304204271174965,0.00013312236114870757
0.0002144428726751357,4.0086491935653605e-05,-0.00047740931040607393,0.00021134372218512,6.070296512916685e-05
0.00026228776550851757,0.0001488464477006346,-0.0005118964472785592,0.00028889841632917523,0.00014452361210715026
0.00019954158051405105,9.16053613764234e-05,-0.0005642450414597987,0.00019494186562951651,5.7205579651054e-05
0.00018591560365166515,-7.961371920828242e-06,-0.00042418911471031606,0.0002484409778844565,0.00011687381629599258
0.00017442868556827307,5.797784524474992e-06,-0.00039590548840351403,0.0002901221450883895,0.00014920966350473464
0.00021269224816933277,3.248569555580616e-05,-0.00036790233571082354,0.0002764121163636446,0.00015044407336972654
0.0001960000372491777,1.9550257093214896e-06,-0.0004308964707888663,0.00025892257690429693,0.00010598737571854144
0.0002021353284362704,2.647783549036831e-05,-0.00046475022099912167,0.00020944692369084805,6.99544616509229e-05
0.0002132243535015732,3.0145791242830452e-05,-0.0004959220532327889,0.0002070294722216204,6.197934271767735e-05
0.0002227837539976463,2.966029569506645e-05,-0.00047665936290286487,0.0002126593026332557,8.305603114422411e-05
0.00023338777828030288,0.00016379654698539525,-0.0005080561968497932,0.00030548000358976424,0.0001558952790219337
0.00022133237507659947,0.00013104283425491303,-0.0005087470053695141,0.0002905165310949087,0.00013462769857142118
0.00020854253671132028,1.7365409803460352e-05,-0.000506394193507731,0.0001891612482722849,3.6030342016601935e-05
0.000195468426682055,1.0401498911960516e-05,-0.00045159403816796834,0.00022587315470445898,8.887802687240764e-05
0.000205609918339178,9.401999705005437e-06,-0.00048354052705690265,0.0002080974809359759,5.196110214455985e-05
0.0002218579757027328,2.8515622034319676e-05,-0.0004948181449435651,0.00021716389164794242,6.671586743323132e-05
0.00020799979392904788,1.5284907931345515e-05,-0.0004854274156969041,0.0001977876090677455,6.190424028318375e-05
0.00023606885224580762,0.00010819939052453265,-0.0005051572225056589,0.000271115597570315,9.734804916661231e-05
0.00022201301180757582,0.000153631524881348,-0.0004850240075029434,0.0003319050010759384,0.00017114424554165453
0.00023424695245921606,5.6816686992533505e-05,-0.0005244779749773444,0.00018179624748881904,5.70943666389212e-05
0.0002131182991433889,1.5698207789682787e-05,-0.0004644150903914124,0.0002124050370184705,8.581586735090241e-05
0.00021112560352776202,2.156305890821386e-05,-0.0004407725064083934,0.00026202111621387303,0.00011015553172910586
0.000204778669285588,3.751228359760717e-05,-0.0004330012015998364,0.00024816326913423836,0.00011390103463781998
0.0002092987415380776,4.518289279076271e-05,-0.0004666390595957637,0.0002274236612720415,0.00010345124610466884
0.00019979555509053168,1.4683186236652546e-05,-0.0004709677305072546,0.00020141007553320375,5.461126056616194e-05
0.00022279545373748988,4.5268618123373023e-05,-0.000491109793074429,0.00022075037122704091,6.120887701399624e-05
0.0002063789434032515,2.261338340758812e-05,-0.0004950943402945995,0.0002012663462664932,7.179348904173821e-05
0.00023579827393405142,0.00014593510422855616,-0.0004633759963326156,0.0003510427486617118,0.00021447024482768032
0.00022922431526239961,9.412581857759506e-05,-0.0004736717091873288,0.00029581849230453367,0.00015968727529980242
0.00020881630189251155,5.6638247770024464e-05,-0.0005362328956834972,0.0001590418687555939,1.5990735846571624e-05
0.00019815060659311712,1.781579339876771e-05,-0.00045737682376056915,0.00022824810002930465,8.616159175289795e-05
0.00021420705888886005,3.165584712405689e-05,-0.0004172398475930095,0.00027713258168660104,0.00013984560791868716
0.00019409030210226772,2.101866084558424e-05,-0.0004436174640432,0.0002523657458368689,0.00011017279757652432
0.00019169462029822168,1.9511417121975683e-05,-0.00046903328620828694,0.00022138902568258345,7.123591785784811e-05
0.00021745418780483303,5.513774158316664e-05,-0.0004839760949835182,0.00022459491447079927,7.664399163331836e-05
0.0002181755262427032,7.076827751006931e-05,-0.0005264430656097829,0.0002092593495035544,4.967779386788607e-05
